Amari LBFGSB,Dilations error LBFGSB,Shifts error LBFGSB,Time LBFGSB,Amari MVICAD,Time MVICAD,Amari MVICAD ext,Time MVICAD ext,Amari permica,random_state,W_scale
0.20307351262416934,0.08486734115622738,0.09597784410970235,633.5095336437225,0.06282109738321492,16.73615050315857,0.0975141224604898,33.819151163101196,0.2516570783795391,0,0.25
0.1816855131127136,0.06281077176503652,0.08335093081180583,709.0576124191284,0.044829997163003225,88.22995615005493,0.034671862865418464,23.4406418800354,0.5331739746676456,1,0.25
0.2777423880580798,0.09395559832648395,0.1043547777518526,704.4305410385132,0.05695888584332429,12.339130640029907,0.030735298325980626,26.637761116027832,0.39565313956468173,2,0.25
0.30656168994564587,0.08249990741388391,0.1227908329474635,642.2509024143219,0.12130201718112359,34.07947754859924,0.09078125141849416,15.653455972671509,0.4228213708047151,3,0.25
0.273327621208841,0.11080099102656266,0.11174861214472523,704.6110634803772,0.09259850537490091,91.31509065628052,0.10718846369196026,23.788592100143433,0.4711346982265073,4,0.25
0.32690735825665207,0.0864746311372783,0.10930865085781125,702.9684989452362,0.1629816107340262,23.270402669906616,0.07450121790829609,26.44570231437683,0.49308038775361107,5,0.25
0.27694383056385263,0.09815374424547262,0.11891807993853672,752.805700302124,0.0531014875200995,9.35412859916687,0.10306149241096911,36.22215461730957,0.4107629650247686,6,0.25
0.18179940167204814,0.07309039185775813,0.05825869431954839,763.8025965690613,0.03921927504355067,12.421798706054688,0.06719350400041071,17.681257486343384,0.4425034832311524,7,0.25
0.2621733387978057,0.07710389276327861,0.11179849810254051,683.9876561164856,0.13233842280198224,49.95328450202942,0.09194624726853302,35.65369439125061,0.4766774539461471,8,0.25
0.30061173925328677,0.1080048294770522,0.13636664697854978,685.5205655097961,0.04941512079376485,13.278376340866089,0.1714273950495277,34.01358437538147,0.3654407071319138,9,0.25
0.2830525290207873,0.11615715146780127,0.11167914988734112,753.5661859512329,0.08710414187151568,17.375207901000977,0.07157491516282473,15.716945171356201,0.26236650364632713,10,0.25
0.3303684796711104,0.11993087645541016,0.1477443329497612,765.0537993907928,0.13248728372911323,12.61465859413147,0.07522724746358762,27.905165195465088,0.4675611453891831,11,0.25
0.1719798747030086,0.029886221122697437,0.043220701129612855,701.9427678585052,0.05380158259757125,20.809542179107666,0.051021019594643356,15.38986873626709,0.42836494684350146,12,0.25
0.21178846984499683,0.06742731191499193,0.08134807448227693,714.9760565757751,0.09037565487125063,17.243285179138184,0.04217575618675648,12.844802618026733,0.5940491606477554,13,0.25
0.22402241533572745,0.10362373476930706,0.08644020680169208,718.136189699173,0.08624324546324066,17.253700494766235,0.08040165943126046,46.10911464691162,0.5125205497561401,14,0.25
0.18316465001998622,0.06909284492838372,0.06038074794746264,745.6283810138702,0.16138860274375028,36.586069107055664,0.10789454618634797,39.63809084892273,0.28186264827786306,15,0.25
0.24999598023493202,0.06717572028240734,0.10986627369153235,613.1970586776733,0.09470462823300821,16.505864143371582,0.03154685351248226,14.772470235824585,0.5111029873827081,16,0.25
0.19366151537276283,0.08461792937461579,0.08135189296613544,614.0485072135925,0.08821447191559789,30.452181816101074,0.07865996466291997,18.335389614105225,0.3967057035277294,17,0.25
0.2891498271057357,0.0644097442152568,0.08282245544043602,637.8986487388611,0.08841253681161408,12.882555961608887,0.15838254353441653,58.96502327919006,0.4024118574267847,18,0.25
0.24871390825310485,0.0771096766499002,0.11384241679363193,605.6798777580261,0.09070297895113646,17.524779558181763,0.09557988368084362,30.045735597610474,0.4419547285348845,19,0.25
0.17878378533428488,0.047858895519666225,0.08066627308405339,605.9329178333282,0.032329613512620065,10.032037019729614,0.023689271799792935,12.158046245574951,0.4494458013343133,20,0.25
0.2695481930471144,0.08971321974986468,0.09880709011921984,606.1408405303955,0.08603789008081594,16.617558240890503,0.06849836104392319,36.14179515838623,0.506169471123514,21,0.25
0.29059086882435725,0.08815700987678449,0.12834748550232866,625.6770217418671,0.0633656001108596,14.755332946777344,0.07431097911738363,13.700675010681152,0.42698681934873256,22,0.25
0.22013173047423065,0.13226851742936527,0.08512115337747718,627.0199942588806,0.06077972276150696,11.222576141357422,0.029511024730860792,15.755910873413086,0.3142272136442094,23,0.25
0.1886667107711823,0.057599564549352014,0.05643317435364855,616.585289478302,0.1114432477126001,15.907764673233032,0.04407426881671235,14.282167911529541,0.3241580383259492,24,0.25
0.3299311351994519,0.1121180143525786,0.12495466286581242,673.9526629447937,0.06176554764964437,19.735829830169678,0.0929304352601176,56.13165521621704,0.662111054413253,25,0.25
0.26237694836015707,0.07267819719516638,0.12459211724908986,738.011351108551,0.06995304791331337,104.43139886856079,0.10265784962284932,21.18035054206848,0.42396977862925295,26,0.25
0.2678268063480983,0.09649496355799667,0.14578875008624906,760.1905505657196,0.12559521492653966,16.18430733680725,0.09342661007890048,124.49353647232056,0.6369593832687042,27,0.25
0.26911935676591053,0.10193923833477266,0.1125917191567859,897.9038324356079,0.14012401776111,29.46501636505127,0.044373876263991266,56.581807374954224,0.3402585156763498,28,0.25
0.2318602154840919,0.07539533434375219,0.0821719671384149,915.675400018692,0.0794348275273539,14.29560661315918,0.07687560574551013,31.864334106445312,0.4765935701238234,29,0.25
0.08110205098421,0.041077665110532714,0.05799462754979835,938.5574362277985,0.06282109738321492,19.872722625732422,0.0975141224604898,38.87691640853882,0.2516570783795391,0,0.5
0.14445472067872714,0.046321700513752215,0.06135822853227357,940.3872184753418,0.044829997163003225,104.60870170593262,0.034671862865418464,27.949494123458862,0.5331739746676456,1,0.5
0.1157989181887926,0.03783218089280824,0.0666573480365662,905.91583776474,0.05695888584332429,14.295799016952515,0.030735298325980626,29.84966802597046,0.39565313956468173,2,0.5
0.16114873302430469,0.06450150010939565,0.0957403202524863,960.3502492904663,0.12130201718112359,42.13408374786377,0.09078125141849416,20.235687017440796,0.4228213708047151,3,0.5
0.11839380357223975,0.06254234174920771,0.05887840664695185,960.6298584938049,0.09259850537490091,107.8101327419281,0.10718846369196026,28.730584383010864,0.4711346982265073,4,0.5
0.22734344211820345,0.07165749847795683,0.09900112472855506,928.7746095657349,0.1629816107340262,27.449376106262207,0.07450121790829609,32.74833083152771,0.49308038775361107,5,0.5
0.20722391128817122,0.1014931862033459,0.11118982190857286,958.8808827400208,0.0531014875200995,11.024645805358887,0.10306149241096911,40.257742404937744,0.4107629650247686,6,0.5
0.1195621697839844,0.08709944131441716,0.06541374913799318,946.8938517570496,0.03921927504355067,15.044258832931519,0.06719350400041071,20.787707328796387,0.4425034832311524,7,0.5
0.22701970292526458,0.0918822149865251,0.12265565527748074,960.9682562351227,0.13233842280198224,62.73901295661926,0.09194624726853302,44.137845039367676,0.4766774539461471,8,0.5
0.1517023355749736,0.07501149089782971,0.09119064783905978,953.7513344287872,0.04941512079376485,16.25678253173828,0.1714273950495277,42.29004502296448,0.3654407071319138,9,0.5
0.18435858414829315,0.1300431599183367,0.14839360673969051,944.7838304042816,0.08710414187151568,17.66987109184265,0.07157491516282473,16.044737339019775,0.26236650364632713,10,0.5
0.23540906526195943,0.09402605106563683,0.1478878019160319,934.8014948368073,0.13248728372911323,16.913626432418823,0.07522724746358762,33.42497706413269,0.4675611453891831,11,0.5
0.13935753524938743,0.03577447638113072,0.0518389621576975,936.996351480484,0.05380158259757125,23.28764796257019,0.051021019594643356,18.415229558944702,0.42836494684350146,12,0.5
0.13068514023138456,0.051048097055470226,0.0738314357144717,934.7605197429657,0.09037565487125063,19.592764854431152,0.04217575618675648,14.599805355072021,0.5940491606477554,13,0.5
0.23936289704031716,0.08680477910569415,0.12781506647695415,943.8677554130554,0.08624324546324066,23.779293537139893,0.08040165943126046,69.97086691856384,0.5125205497561401,14,0.5
0.13454203766992104,0.08390096272504474,0.06025594236571,951.4903404712677,0.16138860274375028,43.537543058395386,0.10789454618634797,48.372252225875854,0.28186264827786306,15,0.5
0.19971273268266168,0.07225375875041445,0.12946160381621788,947.4317011833191,0.09470462823300821,21.14051604270935,0.03154685351248226,18.65086078643799,0.5111029873827081,16,0.5
0.16225887887189913,0.08301540523192845,0.094195446779609,941.7421176433563,0.08821447191559789,40.53564476966858,0.07865996466291997,25.802927255630493,0.3967057035277294,17,0.5
0.19685462794001082,0.059006826485846806,0.08207910884130103,959.1965236663818,0.08841253681161408,19.062644958496094,0.15838254353441653,77.65968322753906,0.4024118574267847,18,0.5
0.15887834338724022,0.08916863170759753,0.11713004999026484,922.1459341049194,0.09070297895113646,21.874375820159912,0.09557988368084362,34.101768016815186,0.4419547285348845,19,0.5
0.12590062599490384,0.03863549213591419,0.07338606355853998,976.0247690677643,0.032329613512620065,12.762364149093628,0.023689271799792935,15.452314138412476,0.4494458013343133,20,0.5
0.14418715174425684,0.05833213374352884,0.07716581662854619,958.1236340999603,0.08603789008081594,22.511066913604736,0.06849836104392319,43.42154335975647,0.506169471123514,21,0.5
0.1808982129182058,0.06795699893406724,0.10149680022428667,945.1615064144135,0.0633656001108596,20.09482741355896,0.07431097911738363,17.232138633728027,0.42698681934873256,22,0.5
0.1296962609025805,0.0906956340587769,0.059136729864327595,958.9946699142456,0.06077972276150696,14.51244330406189,0.029511024730860792,20.11720108985901,0.3142272136442094,23,0.5
0.17986742408628112,0.06936323446752148,0.07878631554566091,917.9388475418091,0.1114432477126001,14.862796306610107,0.04407426881671235,14.235838890075684,0.3241580383259492,24,0.5
0.19591649946381204,0.08323098315855854,0.08825250567164841,925.6039488315582,0.06176554764964437,20.10285258293152,0.0929304352601176,57.8758282661438,0.662111054413253,25,0.5
0.27757558958355505,0.11421270872276777,0.13799799753484157,949.9548153877258,0.06995304791331337,105.64719223976135,0.10265784962284932,22.3815495967865,0.42396977862925295,26,0.5
0.2831225670294305,0.09724415239544651,0.1562497314815764,948.1751127243042,0.12559521492653966,15.843786716461182,0.09342661007890048,135.6110281944275,0.6369593832687042,27,0.5
0.19922665454265132,0.07934647412269749,0.06905929306015547,899.208333492279,0.14012401776111,21.328807592391968,0.044373876263991266,42.35995411872864,0.3402585156763498,28,0.5
0.1510088082934737,0.04590426707492142,0.0666953366910833,872.4677863121033,0.0794348275273539,12.418424606323242,0.07687560574551013,26.651933431625366,0.4765935701238234,29,0.5
0.07942879541509731,0.044552456189581854,0.07460983260950906,748.5316336154938,0.06282109738321492,16.456889629364014,0.0975141224604898,33.718793869018555,0.2516570783795391,0,1.0
0.08395434219413976,0.04764842464846402,0.055486602887601044,614.7805774211884,0.044829997163003225,81.11035919189453,0.034671862865418464,20.654528379440308,0.5331739746676456,1,1.0
0.07996689232266782,0.04177317693987223,0.06113641311041187,632.0060513019562,0.05695888584332429,12.503206968307495,0.030735298325980626,26.41314959526062,0.39565313956468173,2,1.0
0.13894630043765724,0.06725354809058207,0.09181654796429334,605.8323228359222,0.12130201718112359,33.858022928237915,0.09078125141849416,16.342003345489502,0.4228213708047151,3,1.0
0.10712520296810975,0.07652211024933042,0.05834718429595198,654.8648548126221,0.09259850537490091,88.60932898521423,0.10718846369196026,22.96300458908081,0.4711346982265073,4,1.0
0.21402295170263938,0.1114426064857192,0.12568308793774763,560.2721881866455,0.1629816107340262,20.793320178985596,0.07450121790829609,25.205061674118042,0.49308038775361107,5,1.0
0.16481405681708025,0.0666501984949642,0.0570783343268056,644.9637153148651,0.0531014875200995,8.276846170425415,0.10306149241096911,34.732885122299194,0.4107629650247686,6,1.0
0.05169418227352142,0.054144091092747024,0.04571483366565036,571.8110461235046,0.03921927504355067,10.895179510116577,0.06719350400041071,16.451225757598877,0.4425034832311524,7,1.0
0.21790908965900085,0.07648399659318193,0.11354455663177164,579.0187435150146,0.13233842280198224,46.25697374343872,0.09194624726853302,33.54916477203369,0.4766774539461471,8,1.0
0.1411722327613414,0.07551059291081784,0.0991221548735953,647.8936648368835,0.04941512079376485,11.179059505462646,0.1714273950495277,31.322104454040527,0.3654407071319138,9,1.0
0.10754874790124161,0.10080027600156599,0.1282871261334732,551.7638459205627,0.08710414187151568,15.207370281219482,0.07157491516282473,14.121585369110107,0.26236650364632713,10,1.0
0.11117962096842007,0.05560360765201778,0.08009293817987773,656.4145877361298,0.13248728372911323,11.2748122215271,0.07522724746358762,24.887092113494873,0.4675611453891831,11,1.0
0.10829536549954819,0.034063867863104114,0.048049932857015074,562.9485146999359,0.05380158259757125,18.88625955581665,0.051021019594643356,14.361188411712646,0.42836494684350146,12,1.0
0.10665853565433266,0.034863230174755476,0.05422477191718296,638.9170718193054,0.09037565487125063,15.595227479934692,0.04217575618675648,12.382205963134766,0.5940491606477554,13,1.0
0.15300963746394516,0.04973206408401161,0.09165341144834499,577.6123311519623,0.08624324546324066,18.44743585586548,0.08040165943126046,52.98479676246643,0.5125205497561401,14,1.0
0.09990557759365828,0.07824240312936212,0.0913700144194838,640.6913452148438,0.16138860274375028,30.309773206710815,0.10789454618634797,36.603758573532104,0.28186264827786306,15,1.0
0.16162531246490822,0.09520991050456504,0.10677134055036266,573.8032081127167,0.09470462823300821,16.386356592178345,0.03154685351248226,14.784900903701782,0.5111029873827081,16,1.0
0.1024363492086453,0.049959715219611865,0.04296033884332615,633.3730964660645,0.08821447191559789,30.168819904327393,0.07865996466291997,18.854870319366455,0.3967057035277294,17,1.0
0.1255250424849797,0.04855801141740186,0.062372145415257894,572.8870031833649,0.08841253681161408,14.818215608596802,0.15838254353441653,62.481507778167725,0.4024118574267847,18,1.0
0.13665100740336528,0.09362287340894769,0.12011524397174649,592.7177934646606,0.09070297895113646,16.730239152908325,0.09557988368084362,28.120672941207886,0.4419547285348845,19,1.0
0.12400773576365268,0.03610874807035078,0.07115429109938914,588.2221968173981,0.032329613512620065,9.879074811935425,0.023689271799792935,11.723805665969849,0.4494458013343133,20,1.0
0.16737027569403715,0.08017535587814599,0.07907676269843286,630.3992187976837,0.08603789008081594,19.284261226654053,0.06849836104392319,40.520530223846436,0.506169471123514,21,1.0
0.1558007492964632,0.05727852253616474,0.07524801601875021,590.7641487121582,0.0633656001108596,16.024643659591675,0.07431097911738363,14.67747950553894,0.42698681934873256,22,1.0
0.069282052217432,0.04003957958499768,0.029914947827628255,581.1106178760529,0.06077972276150696,10.258835315704346,0.029511024730860792,14.749160051345825,0.3142272136442094,23,1.0
0.13552495562684413,0.06842345879580805,0.07238105669524218,602.1005136966705,0.1114432477126001,11.912587642669678,0.04407426881671235,11.466630220413208,0.3241580383259492,24,1.0
0.16567755370984544,0.08208717199631808,0.08714813651166536,576.272050857544,0.06176554764964437,16.639830589294434,0.0929304352601176,49.205156087875366,0.662111054413253,25,1.0
0.1751158822154704,0.07832613463294022,0.1273139491791064,615.604344367981,0.06995304791331337,82.36669540405273,0.10265784962284932,17.813029766082764,0.42396977862925295,26,1.0
0.16151393754053,0.06777357416011592,0.10026806222879622,595.5590155124664,0.12559521492653966,12.04133939743042,0.09342661007890048,103.28729152679443,0.6369593832687042,27,1.0
0.14437093179680477,0.09414609027692851,0.0743360786455402,595.8785691261292,0.14012401776111,20.8169367313385,0.044373876263991266,40.0448215007782,0.3402585156763498,28,1.0
0.13119398094719567,0.06291675146600446,0.07125556405434341,579.3436079025269,0.0794348275273539,12.382256031036377,0.07687560574551013,27.835978031158447,0.4765935701238234,29,1.0
0.052414593648289556,0.041917635040315995,0.06721247945523807,640.7012143135071,0.06282109738321492,14.579317331314087,0.0975141224604898,30.28451633453369,0.2516570783795391,0,2.0
0.06234357505551238,0.03779423384873752,0.04721772124568149,646.0729768276215,0.044829997163003225,79.79998850822449,0.034671862865418464,19.436893701553345,0.5331739746676456,1,2.0
0.052059729238073206,0.05148426494161962,0.054398289656084085,576.032261133194,0.05695888584332429,11.9689462184906,0.030735298325980626,25.004846811294556,0.39565313956468173,2,2.0
0.12651280464547393,0.07156688348741932,0.0773107718810154,570.4173121452332,0.12130201718112359,31.093271017074585,0.09078125141849416,15.413377046585083,0.4228213708047151,3,2.0
0.06859455624225574,0.06045769010117223,0.05324987986392762,638.1480340957642,0.09259850537490091,88.11776113510132,0.10718846369196026,24.151889085769653,0.4711346982265073,4,2.0
0.15334140475903105,0.07857030024798546,0.10463712025245624,596.8367598056793,0.1629816107340262,20.449813842773438,0.07450121790829609,24.367173433303833,0.49308038775361107,5,2.0
0.13623565999484524,0.04733798288906181,0.04367491333457989,648.7459452152252,0.0531014875200995,7.265711784362793,0.10306149241096911,30.128021240234375,0.4107629650247686,6,2.0
0.031140092804771695,0.037424235663610694,0.028586573660290906,581.2208845615387,0.03921927504355067,12.263733863830566,0.06719350400041071,17.7187283039093,0.4425034832311524,7,2.0
0.18475461503851093,0.083803358063177,0.10675101620411867,597.3648927211761,0.13233842280198224,44.11904501914978,0.09194624726853302,31.972201108932495,0.4766774539461471,8,2.0
0.12098755262031628,0.07523601335886361,0.09322039394418487,575.6218631267548,0.04941512079376485,11.174774169921875,0.1714273950495277,30.79953145980835,0.3654407071319138,9,2.0
0.089685609157619,0.09992711061138997,0.12642243745323617,623.5785782337189,0.08710414187151568,15.658343315124512,0.07157491516282473,14.5245361328125,0.26236650364632713,10,2.0
0.10792113612258951,0.07097691111015073,0.13430014340008392,596.0949873924255,0.13248728372911323,12.215075254440308,0.07522724746358762,26.014084100723267,0.4675611453891831,11,2.0
0.054624389027291206,0.01650056614222138,0.024883587291278673,589.9284391403198,0.05380158259757125,18.761947631835938,0.051021019594643356,13.576343059539795,0.42836494684350146,12,2.0
0.07090830490619834,0.0345520631626485,0.04305404823664635,585.199912071228,0.09037565487125063,15.028766393661499,0.04217575618675648,12.148385286331177,0.5940491606477554,13,2.0
0.12895368443530555,0.05388663188284234,0.09916129868956264,630.2679059505463,0.08624324546324066,18.428669452667236,0.08040165943126046,51.98505687713623,0.5125205497561401,14,2.0
0.09920534180170368,0.08306812029959958,0.0959752057716941,587.2061376571655,0.16138860274375028,32.19307231903076,0.10789454618634797,37.96687054634094,0.28186264827786306,15,2.0
0.1179773789669317,0.0713452377543779,0.09627880336252595,573.5679996013641,0.09470462823300821,15.62363076210022,0.03154685351248226,14.034936904907227,0.5111029873827081,16,2.0
0.07030342047448185,0.04496810832265144,0.0427113040276221,636.997394323349,0.08821447191559789,30.17165446281433,0.07865996466291997,18.772116899490356,0.3967057035277294,17,2.0
0.08839265297262247,0.042325417881122,0.046279307433984326,643.6188559532166,0.08841253681161408,15.938321590423584,0.15838254353441653,65.71309351921082,0.4024118574267847,18,2.0
0.1226470046797287,0.058465159597124325,0.08428425537954684,583.9416596889496,0.09070297895113646,17.357925176620483,0.09557988368084362,27.62545919418335,0.4419547285348845,19,2.0
0.06659285860917827,0.027648406227798947,0.061605492294709546,576.2333498001099,0.032329613512620065,10.540954113006592,0.023689271799792935,12.778459310531616,0.4494458013343133,20,2.0
0.13637946587160638,0.06465157994041419,0.06943406105325961,630.7259106636047,0.08603789008081594,17.679345846176147,0.06849836104392319,37.92537569999695,0.506169471123514,21,2.0
0.10378243603577882,0.03970392287394855,0.05431745502621637,612.0746319293976,0.0633656001108596,14.905125617980957,0.07431097911738363,13.997526407241821,0.42698681934873256,22,2.0
0.07353570356326171,0.04935146644831327,0.037860620070998635,578.096837759018,0.06077972276150696,11.270283460617065,0.029511024730860792,15.514289617538452,0.3142272136442094,23,2.0
0.09260237117554186,0.08125682276885257,0.06203330535441598,591.6668429374695,0.1114432477126001,11.310527324676514,0.04407426881671235,11.066875696182251,0.3241580383259492,24,2.0
0.14654838823959457,0.08331651025476643,0.08421974818041722,636.932825088501,0.06176554764964437,17.32674789428711,0.0929304352601176,48.95747756958008,0.662111054413253,25,2.0
0.10226135587013914,0.06564551627932552,0.09426302987863366,647.4306695461273,0.06995304791331337,85.64355850219727,0.10265784962284932,18.40831160545349,0.42396977862925295,26,2.0
0.12713402246969752,0.07069163191301481,0.09820257905009405,597.219339132309,0.12559521492653966,12.573263883590698,0.09342661007890048,102.25056266784668,0.6369593832687042,27,2.0
0.07330641887087772,0.051217896460644396,0.04814582075678682,566.6071252822876,0.14012401776111,20.506481885910034,0.044373876263991266,42.91063475608826,0.3402585156763498,28,2.0
0.10412914650789498,0.06348223552705015,0.06835989229350838,627.555276632309,0.0794348275273539,11.370595932006836,0.07687560574551013,26.03046727180481,0.4765935701238234,29,2.0
0.03701388546341141,0.03874510455193835,0.06023294689779903,560.1827194690704,0.06282109738321492,14.834839105606079,0.0975141224604898,31.720175981521606,0.2516570783795391,0,4.0
0.033461920578223246,0.041098430232664,0.04514422431412264,642.0252327919006,0.044829997163003225,81.7992045879364,0.034671862865418464,20.244418144226074,0.5331739746676456,1,4.0
0.029300760335576943,0.049869320864047675,0.05412257065084857,587.2834396362305,0.05695888584332429,11.896186590194702,0.030735298325980626,25.376340627670288,0.39565313956468173,2,4.0
0.12172433411074302,0.0640027510157152,0.08909879695431372,647.5173728466034,0.12130201718112359,31.390833854675293,0.09078125141849416,15.410054683685303,0.4228213708047151,3,4.0
0.05574733433860098,0.07782602600693567,0.04916734066744596,587.4432187080383,0.09259850537490091,86.55770778656006,0.10718846369196026,22.72512173652649,0.4711346982265073,4,4.0
0.09709960592592834,0.07553568984707493,0.0757316918161518,636.5926201343536,0.1629816107340262,20.707860946655273,0.07450121790829609,25.222514152526855,0.49308038775361107,5,4.0
0.10676929972441321,0.06824410829306932,0.05944425311733559,562.4643619060516,0.0531014875200995,6.909870386123657,0.10306149241096911,29.477274417877197,0.4107629650247686,6,4.0
0.02201362516739386,0.03518579826692516,0.026474778457703175,635.5043976306915,0.03921927504355067,11.058291912078857,0.06719350400041071,16.49038028717041,0.4425034832311524,7,4.0
0.13025777934764032,0.06958837578109993,0.07820193309326584,556.625373840332,0.13233842280198224,43.0321102142334,0.09194624726853302,32.44735312461853,0.4766774539461471,8,4.0
0.09850772272138134,0.06621619261240057,0.07786961569921357,577.4571301937103,0.04941512079376485,11.66443657875061,0.1714273950495277,30.692928552627563,0.3654407071319138,9,4.0
0.06809467378215818,0.10848745203846163,0.11449716227886476,642.800342798233,0.08710414187151568,16.014679431915283,0.07157491516282473,14.415984869003296,0.26236650364632713,10,4.0
0.08565563764565831,0.08089835048999977,0.10725384190725831,645.7176878452301,0.13248728372911323,12.677300214767456,0.07522724746358762,26.788718700408936,0.4675611453891831,11,4.0
0.03667671915042174,0.015731618988933854,0.01992779295343216,567.0043079853058,0.05380158259757125,19.074485540390015,0.051021019594643356,14.818998575210571,0.42836494684350146,12,4.0
0.0625565486650897,0.03093959567769679,0.03493649759783109,569.3124587535858,0.09037565487125063,13.191184043884277,0.04217575618675648,10.606287479400635,0.5940491606477554,13,4.0
0.11343658824617261,0.052145358288897936,0.08742990574644416,646.8559861183167,0.08624324546324066,19.443933725357056,0.08040165943126046,52.829564332962036,0.5125205497561401,14,4.0
0.06723491505155764,0.07595579320671994,0.07096236444842177,608.8958415985107,0.16138860274375028,34.57676100730896,0.10789454618634797,38.39974117279053,0.28186264827786306,15,4.0
0.06469466776814889,0.05679163246640448,0.08077116599554106,566.7295145988464,0.09470462823300821,16.769269227981567,0.03154685351248226,15.143818616867065,0.5111029873827081,16,4.0
0.05763308022055176,0.04144789786049749,0.042339610429464124,592.5028686523438,0.08821447191559789,29.19998335838318,0.07865996466291997,17.686245441436768,0.3967057035277294,17,4.0
0.05886445130898206,0.039398924327535084,0.049646505359577514,623.2360229492188,0.08841253681161408,14.266050815582275,0.15838254353441653,59.67459011077881,0.4024118574267847,18,4.0
0.14020744702487323,0.07452600331433779,0.09704152567856035,568.841602563858,0.09070297895113646,16.952921152114868,0.09557988368084362,28.506190299987793,0.4419547285348845,19,4.0
0.05173410075063576,0.024771664175441382,0.05423116232127632,598.2215769290924,0.032329613512620065,9.700772762298584,0.023689271799792935,12.213477611541748,0.4494458013343133,20,4.0
0.1359909455935741,0.05806313690209961,0.07086310057452333,585.9165830612183,0.08603789008081594,17.780856370925903,0.06849836104392319,35.953750133514404,0.506169471123514,21,4.0
0.11568220825160762,0.06260825822855703,0.06774746875206722,605.5795640945435,0.0633656001108596,15.919137239456177,0.07431097911738363,14.675461530685425,0.42698681934873256,22,4.0
0.07233239607028688,0.0612533430579404,0.04500876177163809,575.5137419700623,0.06077972276150696,10.490026950836182,0.029511024730860792,14.553242683410645,0.3142272136442094,23,4.0
0.08438375139563116,0.08073458756537354,0.06041989431760898,582.3530848026276,0.1114432477126001,10.63919472694397,0.04407426881671235,10.53404974937439,0.3241580383259492,24,4.0
0.1384666987342132,0.08303076052574905,0.07927376464714753,589.8207371234894,0.06176554764964437,15.887120962142944,0.0929304352601176,45.69422268867493,0.662111054413253,25,4.0
0.08058061065749308,0.0824902456166657,0.11172921010572899,622.8008937835693,0.06995304791331337,83.7104070186615,0.10265784962284932,19.06822371482849,0.42396977862925295,26,4.0
0.0966392098768746,0.07444025105736361,0.09634705916508157,580.5665814876556,0.12559521492653966,13.27692461013794,0.09342661007890048,107.44621181488037,0.6369593832687042,27,4.0
0.07789088139128811,0.05078383580488365,0.06112759974493374,648.3592193126678,0.14012401776111,19.91651678085327,0.044373876263991266,41.420493841171265,0.3402585156763498,28,4.0
0.08840590688687819,0.0676231333712595,0.06067172549918629,590.3518052101135,0.0794348275273539,10.59263277053833,0.07687560574551013,24.13740849494934,0.4765935701238234,29,4.0
0.02885266363382049,0.032629657577151014,0.05152084862536649,641.6846511363983,0.06282109738321492,17.637813568115234,0.0975141224604898,33.73682165145874,0.2516570783795391,0,8.0
0.027989618676173313,0.04322413672166036,0.047667011080687376,556.2106280326843,0.044829997163003225,71.28588390350342,0.034671862865418464,20.109369039535522,0.5331739746676456,1,8.0
0.020060047582446672,0.051106953679255065,0.054030075890017334,620.7931098937988,0.05695888584332429,12.085718870162964,0.030735298325980626,25.68732261657715,0.39565313956468173,2,8.0
0.08101373869441478,0.07155383175706155,0.09085558367613725,560.2825973033905,0.12130201718112359,30.125230312347412,0.09078125141849416,15.117300510406494,0.4228213708047151,3,8.0
0.05764678935813864,0.07593647378229645,0.04479839445663086,624.8495609760284,0.09259850537490091,92.408442735672,0.10718846369196026,23.33222985267639,0.4711346982265073,4,8.0
0.0895989964258575,0.06766058839755516,0.08390737125354358,577.5345573425293,0.1629816107340262,22.878153085708618,0.07450121790829609,26.356642246246338,0.49308038775361107,5,8.0
0.07870126606467256,0.04649440475245305,0.04739199860609699,588.739577293396,0.0531014875200995,7.635961055755615,0.10306149241096911,29.739123582839966,0.4107629650247686,6,8.0
0.016432922835757667,0.0338326608069539,0.02348475769308521,623.2796952724457,0.03921927504355067,10.258154153823853,0.06719350400041071,15.6120765209198,0.4425034832311524,7,8.0
0.1515508707108802,0.07410085929929304,0.0961097543227329,638.7201981544495,0.13233842280198224,43.11566472053528,0.09194624726853302,27.99770212173462,0.4766774539461471,8,8.0
0.11350499262825564,0.08597013697776715,0.08586889468423975,633.2542607784271,0.04941512079376485,12.196841716766357,0.1714273950495277,32.44314479827881,0.3654407071319138,9,8.0
0.05454367266511935,0.10823402178645868,0.11368175729141689,561.2867817878723,0.08710414187151568,15.614745140075684,0.07157491516282473,14.382513523101807,0.26236650364632713,10,8.0
0.08629961624696644,0.06518604494404003,0.1177712909612586,581.7378678321838,0.13248728372911323,9.58206820487976,0.07522724746358762,22.322068452835083,0.4675611453891831,11,8.0
0.022487390411119374,0.015841448174192144,0.01754699281734297,553.1365697383881,0.05380158259757125,18.512365102767944,0.051021019594643356,14.412675142288208,0.42836494684350146,12,8.0
0.05672276686383645,0.026349550898793313,0.029372271662733963,619.5024163722992,0.09037565487125063,15.478059768676758,0.04217575618675648,12.217830181121826,0.5940491606477554,13,8.0
0.09573279324490958,0.05698024706635952,0.08474876886350721,642.0177748203278,0.08624324546324066,18.604920148849487,0.08040165943126046,49.98078799247742,0.5125205497561401,14,8.0
0.05985862829652949,0.057104152560014894,0.07569042569936178,577.3160209655762,0.16138860274375028,33.39931082725525,0.10789454618634797,36.07065677642822,0.28186264827786306,15,8.0
0.06343518163412394,0.05686771863940897,0.07621749333433601,564.6899027824402,0.09470462823300821,15.217433452606201,0.03154685351248226,14.129392862319946,0.5111029873827081,16,8.0
0.029667469661360753,0.039152828078161284,0.03497880786449425,629.5613684654236,0.08821447191559789,28.73485493659973,0.07865996466291997,17.6836416721344,0.3967057035277294,17,8.0
0.050278618440920554,0.03990521988759437,0.04986417887300712,563.8111119270325,0.08841253681161408,14.406039476394653,0.15838254353441653,58.72268843650818,0.4024118574267847,18,8.0
0.12748893509435194,0.07038112762321802,0.0891480639881428,630.8655197620392,0.09070297895113646,16.671943426132202,0.09557988368084362,27.827520847320557,0.4419547285348845,19,8.0
0.0338273241287002,0.02361915442534216,0.03996097918336067,575.1503601074219,0.032329613512620065,10.37186336517334,0.023689271799792935,12.525909185409546,0.4494458013343133,20,8.0
0.1193040126851523,0.0586891928298586,0.0707600664274459,631.5638670921326,0.08603789008081594,17.270434379577637,0.06849836104392319,38.08178114891052,0.506169471123514,21,8.0
0.09192017358447116,0.05875792858679365,0.06466167133145838,589.2938616275787,0.0633656001108596,13.90675950050354,0.07431097911738363,13.21657919883728,0.42698681934873256,22,8.0
0.05658305732192531,0.05331488183075113,0.03939859631463136,628.1363251209259,0.06077972276150696,10.633760213851929,0.029511024730860792,14.876622200012207,0.3142272136442094,23,8.0
0.08279411694260955,0.08140971449839625,0.0602688451463022,585.138738155365,0.1114432477126001,11.019590139389038,0.04407426881671235,11.115970134735107,0.3241580383259492,24,8.0
0.11855633730171262,0.08340520923903016,0.0785144856084311,558.5550632476807,0.06176554764964437,14.093117952346802,0.0929304352601176,46.676109313964844,0.662111054413253,25,8.0
0.16857756410666289,0.10580878522326476,0.14530057977833238,642.7571403980255,0.06995304791331337,85.26913833618164,0.10265784962284932,18.013508796691895,0.42396977862925295,26,8.0
0.07625620773837485,0.07670345256436568,0.10219617186806548,637.7375104427338,0.12559521492653966,13.336989164352417,0.09342661007890048,98.3649959564209,0.6369593832687042,27,8.0
0.055989200158070226,0.051920773448389516,0.048087465326429116,574.260959148407,0.14012401776111,20.897526025772095,0.044373876263991266,42.87595176696777,0.3402585156763498,28,8.0
0.03553359986593859,0.05255201585364752,0.05199191257344367,611.2014195919037,0.0794348275273539,11.99132227897644,0.07687560574551013,27.772419691085815,0.4765935701238234,29,8.0
0.026484884319175856,0.032902529375634,0.05253926422235708,621.6829788684845,0.06282109738321492,14.719098091125488,0.0975141224604898,29.981858730316162,0.2516570783795391,0,16.0
0.01822857119189109,0.029269360183868495,0.031104652556097998,593.323016166687,0.044829997163003225,78.74892282485962,0.034671862865418464,21.603166580200195,0.5331739746676456,1,16.0
0.018191147573006855,0.04991037131844724,0.0504318042710731,635.0128002166748,0.05695888584332429,11.500877380371094,0.030735298325980626,24.3451566696167,0.39565313956468173,2,16.0
0.04768232480545602,0.053902056097752234,0.08566332312952939,633.8031220436096,0.12130201718112359,30.502395629882812,0.09078125141849416,15.287842512130737,0.4228213708047151,3,16.0
0.07123795137731564,0.05335124865712407,0.05766745591913876,631.4355659484863,0.09259850537490091,81.11752486228943,0.10718846369196026,20.847856521606445,0.4711346982265073,4,16.0
0.10765210815369179,0.07289105380716228,0.09621886430501343,563.5207269191742,0.1629816107340262,18.63287591934204,0.07450121790829609,22.254093170166016,0.49308038775361107,5,16.0
0.07113365736739835,0.04693930187123604,0.03875213199622056,572.3769769668579,0.0531014875200995,6.983561754226685,0.10306149241096911,28.005598068237305,0.4107629650247686,6,16.0
0.008390870445309673,0.02765500648078367,0.01804909839819981,538.9822514057159,0.03921927504355067,10.79479455947876,0.06719350400041071,16.28559422492981,0.4425034832311524,7,16.0
0.1529320952504662,0.07757343452934005,0.10342212059960242,474.5961756706238,0.13233842280198224,37.53959131240845,0.09194624726853302,29.507426500320435,0.4766774539461471,8,16.0
0.10653048536242035,0.08711749148795103,0.10290335394052036,510.55241799354553,0.04941512079376485,11.507375478744507,0.1714273950495277,29.040592908859253,0.3654407071319138,9,16.0
0.052851712139047435,0.1080235187141011,0.11433546051554053,530.4495763778687,0.08710414187151568,14.211574792861938,0.07157491516282473,12.760186433792114,0.26236650364632713,10,16.0
0.03384072411003195,0.04012355535081082,0.07556997261252647,541.5605931282043,0.13248728372911323,10.47611927986145,0.07522724746358762,22.96986198425293,0.4675611453891831,11,16.0
0.016791167248107815,0.016270296740356804,0.018373218002526826,512.1897053718567,0.05380158259757125,16.85515069961548,0.051021019594643356,13.08501124382019,0.42836494684350146,12,16.0
0.05192587441692635,0.024830627175142693,0.02830326980468058,520.2624866962433,0.09037565487125063,13.675325870513916,0.04217575618675648,10.892318487167358,0.5940491606477554,13,16.0
0.09077339140869699,0.06527441041255998,0.08632928118912929,511.72879552841187,0.08624324546324066,16.19428563117981,0.08040165943126046,46.805912494659424,0.5125205497561401,14,16.0
0.06751574249343242,0.07564772894082075,0.07975292819271498,516.0613181591034,0.16138860274375028,29.56411123275757,0.10789454618634797,34.63938069343567,0.28186264827786306,15,16.0
0.09561472545860006,0.07340805727669539,0.10827697903881991,509.0643558502197,0.09470462823300821,14.15189528465271,0.03154685351248226,13.15093183517456,0.5111029873827081,16,16.0
0.03877152075907944,0.060024877214294746,0.026672389128795455,495.9180905818939,0.08821447191559789,25.0395770072937,0.07865996466291997,17.14992356300354,0.3967057035277294,17,16.0
0.04648197920198741,0.03968262570280205,0.047236823741809035,514.0255572795868,0.08841253681161408,13.199179410934448,0.15838254353441653,56.601972579956055,0.4024118574267847,18,16.0
0.11682237524268886,0.06332844987062838,0.08197790032493185,497.14923667907715,0.09070297895113646,15.11434531211853,0.09557988368084362,25.696166276931763,0.4419547285348845,19,16.0
0.01702968757178683,0.02205081512681017,0.03363641125570685,508.1112575531006,0.032329613512620065,8.551915645599365,0.023689271799792935,11.111554861068726,0.4494458013343133,20,16.0
0.06181968125260214,0.06189814820048799,0.06636774620529705,511.8308975696564,0.08603789008081594,15.226413249969482,0.06849836104392319,35.09024906158447,0.506169471123514,21,16.0
0.05254781295574422,0.05551727887811092,0.053506939498362625,504.85452222824097,0.0633656001108596,13.559212923049927,0.07431097911738363,12.59490418434143,0.42698681934873256,22,16.0
0.04753067395944346,0.03559018879218859,0.021238357772027653,505.34941697120667,0.06077972276150696,9.914000749588013,0.029511024730860792,14.185171365737915,0.3142272136442094,23,16.0
0.08147574940535665,0.08149125787554418,0.059087122157422636,515.3249278068542,0.1114432477126001,9.771684885025024,0.04407426881671235,9.89763331413269,0.3241580383259492,24,16.0
0.10140710881580244,0.07056584938254558,0.08014689172914685,518.1137847900391,0.06176554764964437,14.33714246749878,0.0929304352601176,40.2235848903656,0.662111054413253,25,16.0
0.16417294516385364,0.10730329825317968,0.15449750611117383,546.9010801315308,0.06995304791331337,78.95105576515198,0.10265784962284932,17.238229274749756,0.42396977862925295,26,16.0
0.0402905198005792,0.060676443302004994,0.09840612807211198,542.0090532302856,0.12559521492653966,10.544508934020996,0.09342661007890048,91.64068031311035,0.6369593832687042,27,16.0
0.05440355371144597,0.05278337806695805,0.04645470986215879,481.1240482330322,0.14012401776111,17.345886945724487,0.044373876263991266,35.54216504096985,0.3402585156763498,28,16.0
0.031824323933833,0.047643955494073485,0.04459090002012634,519.720269203186,0.0794348275273539,10.207855701446533,0.07687560574551013,23.450378894805908,0.4765935701238234,29,16.0
0.027397854643199226,0.03482086215641008,0.04380167823230751,537.2771530151367,0.06282109738321492,14.609249591827393,0.0975141224604898,29.874016523361206,0.2516570783795391,0,32.0
0.03729722551716636,0.0354119278621548,0.036067831675166286,498.1128101348877,0.044829997163003225,67.96012830734253,0.034671862865418464,18.112205266952515,0.5331739746676456,1,32.0
0.017828843528042187,0.04754644668163145,0.052813329436862164,531.2749350070953,0.05695888584332429,10.93610143661499,0.030735298325980626,22.167765855789185,0.39565313956468173,2,32.0
0.04646674533561522,0.05415318942964212,0.0830854681827565,528.662930727005,0.12130201718112359,26.175946712493896,0.09078125141849416,13.306241989135742,0.4228213708047151,3,32.0
0.07298964298196811,0.05907166306269408,0.05567867763950012,520.260372877121,0.09259850537490091,75.8741717338562,0.10718846369196026,20.50967049598694,0.4711346982265073,4,32.0
0.11124733172376951,0.06975012519830996,0.0983569974729435,501.92620849609375,0.1629816107340262,17.341177940368652,0.07450121790829609,21.73859739303589,0.49308038775361107,5,32.0
0.0625240287144039,0.048400801085385615,0.03850224990838637,496.8392333984375,0.0531014875200995,7.298462390899658,0.10306149241096911,29.48871946334839,0.4107629650247686,6,32.0
0.005614163105049965,0.033154818040907405,0.02246062472318083,518.6671907901764,0.03921927504355067,9.768405675888062,0.06719350400041071,15.568013668060303,0.4425034832311524,7,32.0
0.11246544125220856,0.06451194122798996,0.08081349017795525,519.265385389328,0.13233842280198224,36.55334544181824,0.09194624726853302,27.15422224998474,0.4766774539461471,8,32.0
0.12179523827371919,0.09802325872969535,0.08848751400480889,503.0896737575531,0.04941512079376485,9.959097862243652,0.1714273950495277,29.526235580444336,0.3654407071319138,9,32.0
0.053415019497421244,0.10822354780774665,0.11327298723428378,507.13199377059937,0.08710414187151568,12.923860788345337,0.07157491516282473,12.247450590133667,0.26236650364632713,10,32.0
0.05153842574113865,0.04029189218958804,0.10192799380886416,562.7567830085754,0.13248728372911323,11.469967365264893,0.07522724746358762,24.371601343154907,0.4675611453891831,11,32.0
0.03281398392850276,0.01609075890105822,0.020392968947807243,494.14863443374634,0.05380158259757125,15.488689661026001,0.051021019594643356,12.153128623962402,0.42836494684350146,12,32.0
0.025297985253059724,0.011635598573578081,0.010518899768991669,491.4878327846527,0.09037565487125063,12.708060503005981,0.04217575618675648,10.82531189918518,0.5940491606477554,13,32.0
0.09683505611066273,0.0666813330422414,0.07301348415094792,516.4089484214783,0.08624324546324066,17.200350522994995,0.08040165943126046,47.57417130470276,0.5125205497561401,14,32.0
0.05474662691189175,0.06109423051822302,0.06860863124178845,518.1112461090088,0.16138860274375028,29.265820264816284,0.10789454618634797,36.28996539115906,0.28186264827786306,15,32.0
0.10155490532501792,0.08122443795302672,0.09725964352453258,529.2122766971588,0.09470462823300821,13.620896577835083,0.03154685351248226,12.227702617645264,0.5111029873827081,16,32.0
0.04092333717296342,0.05160455358300504,0.04285308892319473,516.7481555938721,0.08821447191559789,26.578609466552734,0.07865996466291997,15.760871410369873,0.3967057035277294,17,32.0
0.01678390100242294,0.03334761781711971,0.03183499287901717,504.0934076309204,0.08841253681161408,12.987346172332764,0.15838254353441653,55.23342752456665,0.4024118574267847,18,32.0
0.08941665522898157,0.06989932161877337,0.10483740213679374,508.8678090572357,0.09070297895113646,15.533282041549683,0.09557988368084362,26.58587384223938,0.4419547285348845,19,32.0
0.013050215472510831,0.0189932398034361,0.026360897602410546,505.21071553230286,0.032329613512620065,8.97388482093811,0.023689271799792935,11.1884765625,0.4494458013343133,20,32.0
0.04259026960786279,0.061757138934963145,0.06923761185348813,500.94400668144226,0.08603789008081594,15.904910326004028,0.06849836104392319,34.43520927429199,0.506169471123514,21,32.0
0.04161508980694392,0.05579891682638241,0.048645628787598,510.84578371047974,0.0633656001108596,13.177513122558594,0.07431097911738363,11.924692869186401,0.42698681934873256,22,32.0
0.0423130058518527,0.032625227449538545,0.021412260088802784,508.5863080024719,0.06077972276150696,10.080268859863281,0.029511024730860792,14.484241485595703,0.3142272136442094,23,32.0
0.08667124107241429,0.08706007532847337,0.060909540706015675,513.8844230175018,0.1114432477126001,10.302479028701782,0.04407426881671235,10.151153802871704,0.3241580383259492,24,32.0
0.06459755686524618,0.05668264285568634,0.06976314424640305,510.7582151889801,0.06176554764964437,14.270653009414673,0.0929304352601176,41.07316994667053,0.662111054413253,25,32.0
0.13872454035539283,0.10620147070866835,0.1295945399568158,560.9514579772949,0.06995304791331337,76.77323007583618,0.10265784962284932,22.006566524505615,0.42396977862925295,26,32.0
0.058678930642899155,0.06264541054295017,0.09697502458109447,573.1210675239563,0.12559521492653966,14.013392448425293,0.09342661007890048,110.59278559684753,0.6369593832687042,27,32.0
0.05452113498395712,0.04945646603326222,0.04505613745493923,614.793749332428,0.14012401776111,22.97513198852539,0.044373876263991266,44.651002407073975,0.3402585156763498,28,32.0
0.029237912961458046,0.04743895706032654,0.043582138319460374,597.015843629837,0.0794348275273539,12.55844497680664,0.07687560574551013,27.668917179107666,0.4765935701238234,29,32.0
0.026593946849449705,0.03732745241301044,0.040440138961555336,733.8498239517212,0.06282109738321492,18.69455361366272,0.0975141224604898,37.6053204536438,0.2516570783795391,0,64.0
0.04023918033230763,0.03981890132704503,0.04588579961155182,720.3447172641754,0.044829997163003225,83.63724756240845,0.034671862865418464,21.51333522796631,0.5331739746676456,1,64.0
0.01859866930927988,0.049473666445403984,0.046639159764152734,693.6008720397949,0.05695888584332429,13.291333436965942,0.030735298325980626,27.2963764667511,0.39565313956468173,2,64.0
0.04461269454161909,0.05294813488624488,0.0838649384251538,698.9930336475372,0.12130201718112359,33.40149402618408,0.09078125141849416,16.6820330619812,0.4228213708047151,3,64.0
0.06021956807303648,0.061443119622949995,0.052812140984674356,706.3725643157959,0.09259850537490091,90.7081048488617,0.10718846369196026,25.197345733642578,0.4711346982265073,4,64.0
0.07304015197178358,0.04745158260412751,0.07877428791447047,675.8827481269836,0.1629816107340262,24.198449850082397,0.07450121790829609,28.60271692276001,0.49308038775361107,5,64.0
0.050591688358811795,0.050508935884147024,0.03820517804080627,698.401424407959,0.0531014875200995,9.498719215393066,0.10306149241096911,35.37788438796997,0.4107629650247686,6,64.0
0.005324026324904321,0.027553556651480172,0.015530550778307874,707.3201100826263,0.03921927504355067,12.310974359512329,0.06719350400041071,17.962424278259277,0.4425034832311524,7,64.0
0.11372895849528294,0.06536305897189684,0.07401620756441474,767.4283037185669,0.13233842280198224,50.24273467063904,0.09194624726853302,36.692076683044434,0.4766774539461471,8,64.0
0.10060762023644418,0.09490818205452359,0.08328777765518763,708.871835231781,0.04941512079376485,12.955132484436035,0.1714273950495277,33.689231634140015,0.3654407071319138,9,64.0
0.05408527394203494,0.10926220078150703,0.10998743689015165,716.1441955566406,0.08710414187151568,17.357429027557373,0.07157491516282473,15.917547702789307,0.26236650364632713,10,64.0
0.045592858323588205,0.04256764433230982,0.07931041829672195,746.3336880207062,0.13248728372911323,12.672322034835815,0.07522724746358762,28.142216205596924,0.4675611453891831,11,64.0
0.007790389898571748,0.009099384621115028,0.019966025467647846,706.1428079605103,0.05380158259757125,21.463313579559326,0.051021019594643356,16.302249908447266,0.42836494684350146,12,64.0
0.007675173427793629,0.00820340012288137,0.007273023286068348,682.0262124538422,0.09037565487125063,18.033447742462158,0.04217575618675648,13.340187549591064,0.5940491606477554,13,64.0
0.09011791182511618,0.06810963584500612,0.0711241348732214,709.2372398376465,0.08624324546324066,18.46027946472168,0.08040165943126046,52.209208965301514,0.5125205497561401,14,64.0
0.05661657426472825,0.06423565478988212,0.08662624115521758,741.9206194877625,0.16138860274375028,35.54892325401306,0.10789454618634797,42.211626291275024,0.28186264827786306,15,64.0
0.09804955815640423,0.07651909924536363,0.09395251931370271,760.3421096801758,0.09470462823300821,16.710357189178467,0.03154685351248226,15.322068214416504,0.5111029873827081,16,64.0
0.04405154691307713,0.05485493403016069,0.04089245147589678,703.6809415817261,0.08821447191559789,32.626097440719604,0.07865996466291997,21.127501964569092,0.3967057035277294,17,64.0
0.03704429346542441,0.0406061212290707,0.04085948888491085,719.9984765052795,0.08841253681161408,15.740661859512329,0.15838254353441653,69.16669535636902,0.4024118574267847,18,64.0
0.11105912283275451,0.09715191592039382,0.09407645027625111,712.0810716152191,0.09070297895113646,18.47475838661194,0.09557988368084362,31.57328462600708,0.4419547285348845,19,64.0
0.016360600690897807,0.022865986555893128,0.03990009346881969,718.3592371940613,0.032329613512620065,11.511844635009766,0.023689271799792935,13.721585273742676,0.4494458013343133,20,64.0
0.0985923631704717,0.0692751862172214,0.05215952173331989,706.107723236084,0.08603789008081594,21.327728986740112,0.06849836104392319,42.82717323303223,0.506169471123514,21,64.0
0.03853366544913818,0.0566247916928295,0.04088138990229581,690.135397195816,0.0633656001108596,17.038715839385986,0.07431097911738363,15.041406631469727,0.42698681934873256,22,64.0
0.026229839795358235,0.027603528054191962,0.018851976215829083,686.7022604942322,0.06077972276150696,12.006445169448853,0.029511024730860792,16.74116325378418,0.3142272136442094,23,64.0
0.08593266161435799,0.08669838623082171,0.05851568121168519,721.2462940216064,0.1114432477126001,12.410309314727783,0.04407426881671235,12.546784400939941,0.3241580383259492,24,64.0
0.0690144284034003,0.05430101766672188,0.06697507146267984,719.6625709533691,0.06176554764964437,18.06137204170227,0.0929304352601176,51.1504602432251,0.662111054413253,25,64.0
0.15190091594012506,0.11089619347676231,0.14262718522874093,598.9638428688049,0.06995304791331337,88.20293474197388,0.10265784962284932,20.332681894302368,0.42396977862925295,26,64.0
0.034274766506921885,0.08166962831549136,0.11659007294551295,545.0554001331329,0.12559521492653966,13.880936861038208,0.09342661007890048,111.36939406394958,0.6369593832687042,27,64.0
0.05418549101450839,0.04673289876245437,0.043505185087679005,695.1561753749847,0.14012401776111,29.01423215866089,0.044373876263991266,50.327338457107544,0.3402585156763498,28,64.0
0.029828737865118332,0.044890972444759016,0.04267139073247609,723.0296955108643,0.0794348275273539,15.532376050949097,0.07687560574551013,28.20778226852417,0.4765935701238234,29,64.0
0.027436833969082697,0.03541023471728136,0.041139929926588124,794.6680960655212,0.06282109738321492,20.3517906665802,0.0975141224604898,34.51398801803589,0.2516570783795391,0,128.0
0.03760165437959974,0.03703913090469144,0.04593407339731304,785.8586940765381,0.044829997163003225,95.9375216960907,0.034671862865418464,22.29697608947754,0.5331739746676456,1,128.0
0.040820202091335786,0.03646375174896546,0.05178467437543463,741.4080247879028,0.05695888584332429,13.25378942489624,0.030735298325980626,27.66815423965454,0.39565313956468173,2,128.0
0.04475274939268714,0.053083858355986877,0.08232384160034449,616.529687166214,0.12130201718112359,33.74725914001465,0.09078125141849416,16.604917764663696,0.4228213708047151,3,128.0
0.07303533521652111,0.07475411814221791,0.0613942166913757,541.5097234249115,0.09259850537490091,90.78691148757935,0.10718846369196026,24.895879983901978,0.4711346982265073,4,128.0
0.09403696297308593,0.06591747656092918,0.08852560452301578,700.6999580860138,0.1629816107340262,21.615365982055664,0.07450121790829609,26.86196255683899,0.49308038775361107,5,128.0
0.04875047650444017,0.04970514619086114,0.03956546483090679,684.3184864521027,0.0531014875200995,9.932139873504639,0.10306149241096911,37.44103980064392,0.4107629650247686,6,128.0
0.005489208800684969,0.02601866561338042,0.012909061905655096,695.6128044128418,0.03921927504355067,13.162490844726562,0.06719350400041071,18.630818128585815,0.4425034832311524,7,128.0
0.08074358168877097,0.08507363468745315,0.09432643361283931,778.4113988876343,0.13233842280198224,50.54667687416077,0.09194624726853302,37.9142701625824,0.4766774539461471,8,128.0
0.1208276929011451,0.097010741197643,0.08764376500384655,717.6061916351318,0.04941512079376485,14.282826900482178,0.1714273950495277,35.05103254318237,0.3654407071319138,9,128.0
0.05440730145840199,0.10656220365628016,0.11195763559793165,523.8778376579285,0.08710414187151568,16.644346475601196,0.07157491516282473,15.355738401412964,0.26236650364632713,10,128.0
0.056604888787855724,0.04667851102887857,0.07232962715043649,676.5157997608185,0.13248728372911323,12.971798658370972,0.07522724746358762,26.229121923446655,0.4675611453891831,11,128.0
0.0076063074440021914,0.007982375596579487,0.01789398633279788,634.9824378490448,0.05380158259757125,14.76497745513916,0.051021019594643356,12.234988927841187,0.42836494684350146,12,128.0
0.0016230442218568343,0.008061371972049002,0.0072794053948055035,598.7828576564789,0.09037565487125063,13.274433374404907,0.04217575618675648,9.7645263671875,0.5940491606477554,13,128.0
0.08597216338256222,0.06382876267307287,0.06938654151177548,584.5092499256134,0.08624324546324066,16.221683263778687,0.08040165943126046,46.22684669494629,0.5125205497561401,14,128.0
0.058136124605883174,0.06307303299219667,0.045267879710260764,478.21149611473083,0.16138860274375028,26.12293553352356,0.10789454618634797,31.298608541488647,0.28186264827786306,15,128.0
0.07848447590280574,0.07057530107426568,0.08225336950716475,522.9407382011414,0.09470462823300821,13.73980975151062,0.03154685351248226,12.572074890136719,0.5111029873827081,16,128.0
0.04517507857365705,0.05489427823473834,0.0425101992821896,360.86801052093506,0.08821447191559789,22.746126413345337,0.07865996466291997,14.276246786117554,0.3967057035277294,17,128.0
0.06840738212036916,0.06845282081215036,0.04457060037280089,513.52095246315,0.08841253681161408,13.01222038269043,0.15838254353441653,54.99842882156372,0.4024118574267847,18,128.0
0.10951494409337954,0.08367069970187056,0.1059087111120261,484.7570128440857,0.09070297895113646,13.766347169876099,0.09557988368084362,23.138128519058228,0.4419547285348845,19,128.0
0.016282579176937942,0.023719290363444077,0.03761645124362907,452.2168264389038,0.032329613512620065,7.1005778312683105,0.023689271799792935,9.4679856300354,0.4494458013343133,20,128.0
0.10348783729620145,0.07242632096763686,0.0510266870962404,462.9473445415497,0.08603789008081594,15.2631356716156,0.06849836104392319,33.73376107215881,0.506169471123514,21,128.0
0.039051030021576616,0.05601212393429243,0.04057840869653315,466.31954431533813,0.0633656001108596,13.125877857208252,0.07431097911738363,12.05362868309021,0.42698681934873256,22,128.0
0.017627718478254104,0.02786829726108788,0.017943527562250504,460.4016616344452,0.06077972276150696,8.923286437988281,0.029511024730860792,12.643745422363281,0.3142272136442094,23,128.0
0.0858192378483982,0.09141910769465039,0.06079105928113635,300.7168252468109,0.1114432477126001,8.546080589294434,0.04407426881671235,8.671145915985107,0.3241580383259492,24,128.0
0.06456569911628651,0.05321765668967721,0.06545185660945979,399.37405586242676,0.06176554764964437,13.854581594467163,0.0929304352601176,40.54981350898743,0.662111054413253,25,128.0
0.1257773257348463,0.10264363965786588,0.13524620896881864,231.1431314945221,0.06995304791331337,61.60336875915527,0.10265784962284932,13.520893573760986,0.42396977862925295,26,128.0
0.03464378179212872,0.08289012718722365,0.10943493022500181,443.3867013454437,0.12559521492653966,10.787364721298218,0.09342661007890048,87.15571784973145,0.6369593832687042,27,128.0
0.04981036038972179,0.050779428202805975,0.03749632584356805,348.8782711029053,0.14012401776111,18.36822247505188,0.044373876263991266,37.66815519332886,0.3402585156763498,28,128.0
0.029465639309804965,0.04180320146110379,0.04094523588145713,425.35345673561096,0.0794348275273539,8.62330150604248,0.07687560574551013,19.791962385177612,0.4765935701238234,29,128.0
0.027302122956450757,0.03495270094586487,0.041803028610967345,413.07056403160095,0.06282109738321492,12.648535966873169,0.0975141224604898,27.57596445083618,0.2516570783795391,0,256.0
0.03179782223557269,0.027846221026408616,0.02700115573698923,488.29694843292236,0.044829997163003225,66.64603757858276,0.034671862865418464,16.933929681777954,0.5331739746676456,1,256.0
0.06422076012038955,0.03832775713874042,0.06719070025577155,344.8399715423584,0.05695888584332429,10.448596000671387,0.030735298325980626,21.873308658599854,0.39565313956468173,2,256.0
0.04482399113145298,0.0456741764064593,0.07077731631395646,474.22182273864746,0.12130201718112359,25.87131643295288,0.09078125141849416,13.289162635803223,0.4228213708047151,3,256.0
0.07488419192815898,0.07769816297234965,0.06115235131803248,424.0897436141968,0.09259850537490091,64.46664953231812,0.10718846369196026,17.681750535964966,0.4711346982265073,4,256.0
0.09681040657443434,0.06517405997154507,0.08255931535069244,454.27541399002075,0.1629816107340262,17.939839839935303,0.07450121790829609,21.892335176467896,0.49308038775361107,5,256.0
0.0467732807669777,0.05253396092307089,0.03272486393271754,458.856098651886,0.0531014875200995,6.717376232147217,0.10306149241096911,26.762574672698975,0.4107629650247686,6,256.0
0.005348049482025182,0.02359609738842575,0.011436799396186158,410.6939628124237,0.03921927504355067,8.780519723892212,0.06719350400041071,13.26503300666809,0.4425034832311524,7,256.0
0.029752144649105573,0.09254758558930334,0.09530938735727609,449.6632537841797,0.13233842280198224,35.665815114974976,0.09194624726853302,27.410863876342773,0.4766774539461471,8,256.0
0.1152017561106807,0.09260088418815887,0.08798943553459454,467.2923512458801,0.04941512079376485,9.88929295539856,0.1714273950495277,26.450057983398438,0.3654407071319138,9,256.0
0.051035147415712745,0.09590982950621592,0.10886099125458994,405.85995626449585,0.08710414187151568,12.933712720870972,0.07157491516282473,12.335524559020996,0.26236650364632713,10,256.0
0.05437845847003688,0.06184330667564087,0.06864990027428074,505.17789363861084,0.13248728372911323,9.973169803619385,0.07522724746358762,19.558510065078735,0.4675611453891831,11,256.0
0.008103366159843172,0.008022764513538574,0.017953508834427038,481.64897990226746,0.05380158259757125,14.988008499145508,0.051021019594643356,12.047125339508057,0.42836494684350146,12,256.0
0.0018755721834829743,0.007624253978876765,0.006366106059021864,464.4311013221741,0.09037565487125063,12.469552040100098,0.04217575618675648,10.01942777633667,0.5940491606477554,13,256.0
0.08521003002515336,0.06712853323468097,0.06827999964529038,466.0943515300751,0.08624324546324066,14.775293350219727,0.08040165943126046,42.693196535110474,0.5125205497561401,14,256.0
0.05310359557278106,0.07204744313328625,0.05014129968551252,328.1325695514679,0.16138860274375028,24.31492280960083,0.10789454618634797,29.149461030960083,0.28186264827786306,15,256.0
0.10450823200612265,0.08642276227141074,0.08570953730258642,344.81108713150024,0.09470462823300821,13.680570363998413,0.03154685351248226,12.839683771133423,0.5111029873827081,16,256.0
0.049683335229437665,0.053024031925850895,0.03736037119949345,491.3478994369507,0.08821447191559789,25.36938977241516,0.07865996466291997,16.290809869766235,0.3967057035277294,17,256.0
0.0694637802129489,0.06523657459542101,0.05275862649448741,501.56262707710266,0.08841253681161408,12.193285465240479,0.15838254353441653,51.061898946762085,0.4024118574267847,18,256.0
0.0871333212369824,0.0835690908392006,0.10346690807052492,397.9859571456909,0.09070297895113646,12.621999979019165,0.09557988368084362,21.169503927230835,0.4419547285348845,19,256.0
0.016394724934025627,0.02372120770134023,0.03624010948425965,493.30968832969666,0.032329613512620065,8.021339654922485,0.023689271799792935,10.29110598564148,0.4494458013343133,20,256.0
0.03805590699349813,0.0638473288059565,0.05648593393436378,459.1730740070343,0.08603789008081594,14.729612827301025,0.06849836104392319,32.232677936553955,0.506169471123514,21,256.0
0.0365014755621776,0.05805647691800214,0.03947720308587478,409.14146733283997,0.0633656001108596,11.36704421043396,0.07431097911738363,10.945242404937744,0.42698681934873256,22,256.0
0.03437661302984289,0.05522196165912186,0.04049344923948055,461.790283203125,0.06077972276150696,8.568971872329712,0.029511024730860792,12.819998264312744,0.3142272136442094,23,256.0
0.0910397938827554,0.080966754355863,0.06493042876537668,432.2435505390167,0.1114432477126001,9.342814207077026,0.04407426881671235,9.25548267364502,0.3241580383259492,24,256.0
0.06433799771514094,0.05336028452682323,0.06231416619171092,421.8415472507477,0.06176554764964437,12.488971710205078,0.0929304352601176,35.861536264419556,0.662111054413253,25,256.0
0.12807998830475448,0.10590996574008528,0.1321198130204395,416.65917015075684,0.06995304791331337,71.58457088470459,0.10265784962284932,15.322800159454346,0.42396977862925295,26,256.0
0.03430119397707964,0.0854597812762969,0.10758732358017158,450.89490032196045,0.12559521492653966,10.002239465713501,0.09342661007890048,85.29764866828918,0.6369593832687042,27,256.0
0.0498199026751516,0.05284720514640764,0.03433791947008146,431.1241874694824,0.14012401776111,16.184968948364258,0.044373876263991266,33.51268696784973,0.3402585156763498,28,256.0
0.030174922324953064,0.04181473958846527,0.04044833708839464,451.70616722106934,0.0794348275273539,9.17030644416809,0.07687560574551013,20.21309733390808,0.4765935701238234,29,256.0
0.02703499531814344,0.03440419767743755,0.04395714227610949,452.6435251235962,0.06282109738321492,13.109802961349487,0.0975141224604898,26.621753692626953,0.2516570783795391,0,512.0
0.03257001548975703,0.03180628999841131,0.03832178545737542,464.6483738422394,0.044829997163003225,58.7217755317688,0.034671862865418464,16.776220083236694,0.5331739746676456,1,512.0
0.0633128108242919,0.0415561236579499,0.06398730581524296,353.5996744632721,0.05695888584332429,9.199682712554932,0.030735298325980626,20.7297785282135,0.39565313956468173,2,512.0
0.05041637064316319,0.055138480320159784,0.07462760056306764,427.12317872047424,0.12130201718112359,26.476258516311646,0.09078125141849416,12.841662645339966,0.4228213708047151,3,512.0
0.07103429009789837,0.07966196892620246,0.056356264403967835,441.8871247768402,0.09259850537490091,67.89869785308838,0.10718846369196026,19.351441144943237,0.4711346982265073,4,512.0
0.10008029150245035,0.07100622630099605,0.08267817259329377,437.5459794998169,0.1629816107340262,15.678129434585571,0.07450121790829609,19.057661771774292,0.49308038775361107,5,512.0
0.04481898225417963,0.05153445291616557,0.0356739413461417,440.3325734138489,0.0531014875200995,5.835761547088623,0.10306149241096911,24.40244746208191,0.4107629650247686,6,512.0
0.005439752493222648,0.016207166741914483,0.00544057085145248,437.89981985092163,0.03921927504355067,9.439926385879517,0.06719350400041071,14.492766857147217,0.4425034832311524,7,512.0
0.03012630242371004,0.09585390027822922,0.09359970509442023,442.6596465110779,0.13233842280198224,31.643728971481323,0.09194624726853302,26.79912567138672,0.4766774539461471,8,512.0
0.12021527220000708,0.10303591494197947,0.09516318567537624,431.1447072029114,0.04941512079376485,9.216251611709595,0.1714273950495277,26.638179779052734,0.3654407071319138,9,512.0
0.05226931928477748,0.09225354925121758,0.10856575572223096,445.4406187534332,0.08710414187151568,11.674595594406128,0.07157491516282473,10.614210367202759,0.26236650364632713,10,512.0
0.05908726776557377,0.07039902467762511,0.07720517737161754,444.48801851272583,0.13248728372911323,10.877203464508057,0.07522724746358762,21.867159128189087,0.4675611453891831,11,512.0
0.007371827704824698,0.009482463298321857,0.018537022003140148,423.2501790523529,0.05380158259757125,13.285028219223022,0.051021019594643356,10.39423155784607,0.42836494684350146,12,512.0
0.011834322246154397,0.00942879312241733,0.011034562793200468,431.9370205402374,0.09037565487125063,11.902356386184692,0.04217575618675648,9.941158533096313,0.5940491606477554,13,512.0
0.08672855417478079,0.06999433153224506,0.0597459038948747,449.58733916282654,0.08624324546324066,13.640987396240234,0.08040165943126046,39.93947100639343,0.5125205497561401,14,512.0
0.07744365688649825,0.06514399016592444,0.04388456640101406,461.647013425827,0.16138860274375028,27.276310920715332,0.10789454618634797,32.33775210380554,0.28186264827786306,15,512.0
0.10516863299758841,0.08683626421698928,0.08903652631047271,467.4236421585083,0.09470462823300821,11.585065603256226,0.03154685351248226,10.740826606750488,0.5111029873827081,16,512.0
0.0481488847641456,0.05293229088662011,0.0370891692591892,362.9847228527069,0.08821447191559789,24.337257385253906,0.07865996466291997,15.43335247039795,0.3967057035277294,17,512.0
0.09037398263637289,0.07062406325836468,0.07176429997332255,466.468213558197,0.08841253681161408,12.16848111152649,0.15838254353441653,51.67256307601929,0.4024118574267847,18,512.0
0.15024777481178236,0.08402678684834325,0.11849546438176306,430.96352982521057,0.09070297895113646,14.54472541809082,0.09557988368084362,23.665353298187256,0.4419547285348845,19,512.0
0.01715635261942141,0.02338496265343153,0.0370093852585003,411.4416778087616,0.032329613512620065,7.740849733352661,0.023689271799792935,9.96459150314331,0.4494458013343133,20,512.0
0.03782637417098002,0.06341655994308354,0.0573051961342313,422.71487259864807,0.08603789008081594,13.547848463058472,0.06849836104392319,28.707765340805054,0.506169471123514,21,512.0
0.037341728834819364,0.05635981954537752,0.031651917637346684,440.79903769493103,0.0633656001108596,12.972780704498291,0.07431097911738363,12.257930994033813,0.42698681934873256,22,512.0
0.02944392137915954,0.043708011870959046,0.02285081434505035,454.41073060035706,0.06077972276150696,9.309293746948242,0.029511024730860792,13.674188137054443,0.3142272136442094,23,512.0
0.08551692399774691,0.07844436228026837,0.0678811933391996,479.29768538475037,0.1114432477126001,9.009323596954346,0.04407426881671235,9.176968574523926,0.3241580383259492,24,512.0
0.06541573317139124,0.054190171531386985,0.06754969873248917,426.85945200920105,0.06176554764964437,11.731840372085571,0.0929304352601176,35.43217921257019,0.662111054413253,25,512.0
0.1487116171363681,0.11426146891442439,0.12688051881855394,471.45964074134827,0.06995304791331337,72.43994760513306,0.10265784962284932,16.413269996643066,0.42396977862925295,26,512.0
0.034388365705928584,0.08402101959436462,0.10365042986921819,461.52123284339905,0.12559521492653966,10.297759771347046,0.09342661007890048,86.43933010101318,0.6369593832687042,27,512.0
0.053590555761446224,0.052300106220498535,0.02912837271669239,471.1596693992615,0.14012401776111,17.246304750442505,0.044373876263991266,35.421692848205566,0.3402585156763498,28,512.0
0.028549371231069248,0.04232415069351113,0.0394073575969952,418.8456275463104,0.0794348275273539,8.51844596862793,0.07687560574551013,19.597254514694214,0.4765935701238234,29,512.0
0.02577962498984452,0.03469217228617728,0.04429408123053232,460.42129254341125,0.06282109738321492,13.258727073669434,0.0975141224604898,27.996716022491455,0.2516570783795391,0,1024.0
0.007364555101659506,0.01839979089510817,0.02684414035965168,393.52427768707275,0.044829997163003225,62.18888187408447,0.034671862865418464,15.13776707649231,0.5331739746676456,1,1024.0
0.06429383605373859,0.04187164200013426,0.06251047968781213,457.10311555862427,0.05695888584332429,10.07370138168335,0.030735298325980626,20.433342695236206,0.39565313956468173,2,1024.0
0.025017429891496846,0.04021282972173424,0.046572969536714484,460.8670823574066,0.12130201718112359,23.342875719070435,0.09078125141849416,13.05905032157898,0.4228213708047151,3,1024.0
0.07330422584873587,0.08059240090997123,0.0549876625271054,463.45083832740784,0.09259850537490091,73.54114508628845,0.10718846369196026,20.070986032485962,0.4711346982265073,4,1024.0
0.1052154849892762,0.0772202476380425,0.0743025558341726,461.1157715320587,0.1629816107340262,15.345022678375244,0.07450121790829609,19.19691824913025,0.49308038775361107,5,1024.0
0.04582572624211182,0.054524950139848066,0.030364259645565127,458.8595793247223,0.0531014875200995,6.019252777099609,0.10306149241096911,24.652912139892578,0.4107629650247686,6,1024.0
0.0055090296155546085,0.023617627487879413,0.01157105709078554,382.15186643600464,0.03921927504355067,9.42201018333435,0.06719350400041071,12.380285739898682,0.4425034832311524,7,1024.0
0.030794556011365937,0.09075705082209329,0.09047699919231757,452.5794143676758,0.13233842280198224,35.35482430458069,0.09194624726853302,28.406737327575684,0.4766774539461471,8,1024.0
0.1029784969210374,0.1018617059888259,0.10087699357830253,396.66530895233154,0.04941512079376485,9.028251886367798,0.1714273950495277,24.810712814331055,0.3654407071319138,9,1024.0
0.050885267747781925,0.09374518791641816,0.10898723992431368,462.81016540527344,0.08710414187151568,12.821617841720581,0.07157491516282473,11.862730741500854,0.26236650364632713,10,1024.0
0.07247813080453543,0.07332355134450261,0.07238192929293699,467.69852328300476,0.13248728372911323,9.443679332733154,0.07522724746358762,19.237529516220093,0.4675611453891831,11,1024.0
0.007372199010535039,0.00971484946842374,0.017882506257639163,400.7226126194,0.05380158259757125,13.718715190887451,0.051021019594643356,10.651344776153564,0.42836494684350146,12,1024.0
0.016318977162456928,0.006336880785815477,0.00785957119211864,451.1163685321808,0.09037565487125063,13.165188789367676,0.04217575618675648,10.724954843521118,0.5940491606477554,13,1024.0
0.0845855693537958,0.07077337391582504,0.05446416807516756,459.86921310424805,0.08624324546324066,14.940668821334839,0.08040165943126046,43.472915172576904,0.5125205497561401,14,1024.0
0.07101268406365784,0.0712865973226057,0.046044238070120584,472.96353101730347,0.16138860274375028,24.205058574676514,0.10789454618634797,31.64583444595337,0.28186264827786306,15,1024.0
0.1063325547845094,0.08621654387076905,0.08741596456243551,400.5090882778168,0.09470462823300821,11.982738971710205,0.03154685351248226,11.312432289123535,0.5111029873827081,16,1024.0
0.04936387097445184,0.052172178114551444,0.03792839310239581,446.4293637275696,0.08821447191559789,24.36197805404663,0.07865996466291997,15.857883214950562,0.3967057035277294,17,1024.0
0.09120901021714589,0.07089553341888116,0.06582973194043856,448.2323408126831,0.08841253681161408,12.287843942642212,0.15838254353441653,51.539259910583496,0.4024118574267847,18,1024.0
0.11201789100701283,0.07730493452604727,0.09882653780012957,449.76227927207947,0.09070297895113646,12.427180528640747,0.09557988368084362,21.066769123077393,0.4419547285348845,19,1024.0
0.018053741145744175,0.02555167897417349,0.03559460361282636,460.2553725242615,0.032329613512620065,7.9878880977630615,0.023689271799792935,10.066988945007324,0.4494458013343133,20,1024.0
0.04059421725556604,0.07001684236261647,0.05244075089480895,434.6205654144287,0.08603789008081594,14.288260698318481,0.06849836104392319,31.62290906906128,0.506169471123514,21,1024.0
0.047501202309658944,0.06690939392533023,0.035024500047675655,443.4993896484375,0.0633656001108596,11.339156150817871,0.07431097911738363,11.728386163711548,0.42698681934873256,22,1024.0
0.048416848505609504,0.0552255683412531,0.03657596557124215,437.8902955055237,0.06077972276150696,8.417771816253662,0.029511024730860792,13.16601848602295,0.3142272136442094,23,1024.0
0.08982080544837129,0.07833568703069389,0.06631820558689962,436.084623336792,0.1114432477126001,8.912861585617065,0.04407426881671235,9.157259941101074,0.3241580383259492,24,1024.0
0.06393357707486651,0.05533822547052749,0.08203402062595819,432.74845457077026,0.06176554764964437,12.632631301879883,0.0929304352601176,38.571091175079346,0.662111054413253,25,1024.0
0.13161232361898076,0.10996722643548601,0.11152859456781393,435.42951250076294,0.06995304791331337,67.81782746315002,0.10265784962284932,15.484746932983398,0.42396977862925295,26,1024.0
0.03331232539776918,0.07888272945900596,0.0789081595400539,437.31238889694214,0.12559521492653966,9.442124366760254,0.09342661007890048,83.05616545677185,0.6369593832687042,27,1024.0
0.04943126876155936,0.05376527742652487,0.03222546065399159,438.2891991138458,0.14012401776111,17.460972785949707,0.044373876263991266,31.465681791305542,0.3402585156763498,28,1024.0
0.03520249878411405,0.06060367529725468,0.05006904949156457,433.2775466442108,0.0794348275273539,9.705729246139526,0.07687560574551013,23.233722925186157,0.4765935701238234,29,1024.0
0.025900188896480485,0.03529526924888586,0.04409256654874594,468.05042791366577,0.06282109738321492,11.803107261657715,0.0975141224604898,25.724699020385742,0.2516570783795391,0,2048.0
0.007723067246896216,0.025778473829402074,0.03211184510733394,455.1177270412445,0.044829997163003225,67.07428646087646,0.034671862865418464,16.84285259246826,0.5331739746676456,1,2048.0
0.06690303785419577,0.039799889994874674,0.06308275468720796,414.6543345451355,0.05695888584332429,9.335466861724854,0.030735298325980626,20.04313373565674,0.39565313956468173,2,2048.0
0.05943638117578883,0.06682878410798061,0.05404905916353849,461.28168773651123,0.12130201718112359,25.792459964752197,0.09078125141849416,13.532353639602661,0.4228213708047151,3,2048.0
0.0689635932842596,0.08623460183176214,0.06204399593098807,452.11795353889465,0.09259850537490091,71.67857766151428,0.10718846369196026,19.08138394355774,0.4711346982265073,4,2048.0
0.1136070134594507,0.09738523033968002,0.08155433117690553,462.5779039859772,0.1629816107340262,16.42937469482422,0.07450121790829609,20.305457830429077,0.49308038775361107,5,2048.0
0.047250092668163796,0.058409251738343125,0.03189099877908446,401.2605264186859,0.0531014875200995,6.26075291633606,0.10306149241096911,24.835378646850586,0.4107629650247686,6,2048.0
0.005600915183394608,0.023853102979381372,0.011886808008379846,456.5416269302368,0.03921927504355067,9.770182371139526,0.06719350400041071,14.726960897445679,0.4425034832311524,7,2048.0
0.032100020056258526,0.0878322865734391,0.09148155798968383,397.3832805156708,0.13233842280198224,32.26726794242859,0.09194624726853302,25.09890842437744,0.4766774539461471,8,2048.0
0.11687234474128912,0.10325035823134965,0.11029036614340586,457.40699791908264,0.04941512079376485,9.608267784118652,0.1714273950495277,26.467079639434814,0.3654407071319138,9,2048.0
0.04784127887215407,0.093267776484968,0.10830148155664522,464.916677236557,0.08710414187151568,12.479860782623291,0.07157491516282473,11.693697690963745,0.26236650364632713,10,2048.0
0.07545731250417544,0.07973737857106633,0.0805070741284451,467.8633472919464,0.13248728372911323,10.385450839996338,0.07522724746358762,22.487579345703125,0.4675611453891831,11,2048.0
0.007619386032631131,0.013223027755597699,0.022769336979604385,400.8423717021942,0.05380158259757125,13.08366060256958,0.051021019594643356,10.291978359222412,0.42836494684350146,12,2048.0
0.017593229590136778,0.01373588509715566,0.018190984653106517,456.4416525363922,0.09037565487125063,12.767605066299438,0.04217575618675648,10.149522304534912,0.5940491606477554,13,2048.0
0.07914533057509124,0.08079693970658632,0.05681718197461641,458.80822467803955,0.08624324546324066,15.059727191925049,0.08040165943126046,43.28407025337219,0.5125205497561401,14,2048.0
0.07897437650267722,0.08633789243206853,0.05603694398839087,467.1533167362213,0.16138860274375028,26.891929149627686,0.10789454618634797,32.63070750236511,0.28186264827786306,15,2048.0
0.10427365674794023,0.08667957464437993,0.08786154306244948,396.2751097679138,0.09470462823300821,11.90375304222107,0.03154685351248226,11.168736219406128,0.5111029873827081,16,2048.0
0.04865962936662944,0.05460498826588461,0.0345342703534071,447.6248209476471,0.08821447191559789,26.264851093292236,0.07865996466291997,16.71835970878601,0.3967057035277294,17,2048.0
0.09797139427833512,0.06924258346505932,0.07830755014733244,460.6768522262573,0.08841253681161408,12.647945642471313,0.15838254353441653,52.18783378601074,0.4024118574267847,18,2048.0
0.10802170190271103,0.08177602486313934,0.10088168859461531,391.2479782104492,0.09070297895113646,12.410017490386963,0.09557988368084362,21.73884153366089,0.4419547285348845,19,2048.0
0.017872212106057543,0.027198133206206117,0.03960500320879841,457.6113841533661,0.032329613512620065,8.229902267456055,0.023689271799792935,10.782389402389526,0.4494458013343133,20,2048.0
0.043819773604354004,0.08058133001761575,0.06859966836308501,455.54141306877136,0.08603789008081594,15.378647804260254,0.06849836104392319,33.304665327072144,0.506169471123514,21,2048.0
0.04296898320971658,0.0679037496034839,0.03432272037144871,470.6615688800812,0.0633656001108596,12.791993856430054,0.07431097911738363,11.724940776824951,0.42698681934873256,22,2048.0
0.04518494193732069,0.06989420442802739,0.06396716944033896,405.33957529067993,0.06077972276150696,8.312919855117798,0.029511024730860792,11.984235286712646,0.3142272136442094,23,2048.0
0.08256695275351841,0.07684340417017636,0.07322203802994154,459.5489420890808,0.1114432477126001,9.730095148086548,0.04407426881671235,9.58239483833313,0.3241580383259492,24,2048.0
0.06684671557173769,0.07308000618895763,0.09339342680642573,459.27574920654297,0.06176554764964437,14.001723527908325,0.0929304352601176,41.11021161079407,0.662111054413253,25,2048.0
0.1257042219428669,0.11538990359325388,0.11782639313564852,465.34290981292725,0.06995304791331337,68.15359592437744,0.10265784962284932,15.513108491897583,0.42396977862925295,26,2048.0
0.039068308217738865,0.0921833128234579,0.0804185103410153,395.6877200603485,0.12559521492653966,9.680737733840942,0.09342661007890048,78.09603214263916,0.6369593832687042,27,2048.0
0.0489523405747571,0.058295988770033794,0.03304263650987539,459.2006561756134,0.14012401776111,17.067480325698853,0.044373876263991266,34.703510761260986,0.3402585156763498,28,2048.0
0.05903799009390794,0.06225640186992406,0.038971191424041256,441.5981435775757,0.0794348275273539,7.889423847198486,0.07687560574551013,18.0746648311615,0.4765935701238234,29,2048.0
