Amari LBFGSB,Dilations error LBFGSB,Shifts error LBFGSB,Time LBFGSB,Amari MVICAD,Time MVICAD,Amari MVICAD ext,Time MVICAD ext,Amari permica,random_state,m
0.0016616261994893042,0.010629822299816979,0.009839556028422652,7.296121835708618,0.005565707202730105,0.17345094680786133,0.005565707202730105,0.22336912155151367,0.06780699806408928,0,2
0.0005083374056638796,0.006754039321139309,0.008254378860834077,7.192027568817139,0.0015368204524134899,0.15590429306030273,0.0021140273584281206,0.2043747901916504,0.011024417829226363,1,2
0.00043496784151566176,0.009383205422050622,0.003193780749036849,13.694200038909912,0.0016802811900334205,0.1761913299560547,0.0016802811900334205,0.2258925437927246,0.01046249348962878,2,2
0.0010422669377638805,0.0073258735991055994,0.0024687648266646747,7.521609306335449,0.0031618449208629107,0.16852116584777832,0.0031618449208629107,0.22966361045837402,0.016306668622441234,3,2
0.0009342990616498792,0.009639995668120052,0.006918329662766527,7.521438360214233,0.0028869338551754846,0.16771864891052246,0.0028869338551754846,0.22127890586853027,0.011911902148263747,4,2
0.0008503897077651312,0.00783206291366508,0.005072586724733171,7.1467955112457275,0.0024244622134838947,0.187941312789917,0.0024244622134838947,0.23511600494384766,0.02133800058371732,5,2
0.003310016136638061,0.0065411683463968045,0.002795161389476608,7.784937143325806,0.004890769440080693,0.16851806640625,0.004890769440080693,0.24210834503173828,0.01904662480603888,6,2
0.003237643746537529,0.005047075359926915,0.0026565080514141617,7.439559698104858,0.007970234311980184,0.20754671096801758,0.007970234311980184,0.2836472988128662,0.025898138392438354,7,2
0.0009726948808703728,0.01039830053049299,0.00659819383572562,7.540627717971802,0.003591787980754842,0.18477535247802734,0.003591787980754842,0.23439717292785645,0.04202147776208799,8,2
0.0019258271569477978,0.006836229811086891,0.005588608828262703,6.0904624462127686,0.0046526910034794065,0.19565224647521973,0.0046526910034794065,0.2478923797607422,0.013122281799474092,9,2
0.002703617389593978,0.0017509811137799887,0.0027135937089581563,6.992762565612793,0.004907315486034384,0.21067595481872559,0.004907315486034384,0.25279688835144043,0.025335323448327708,10,2
0.0014239720064646577,0.002358062072016794,0.0011861638024275496,7.131522178649902,0.002383212477479931,0.19745421409606934,0.002383212477479931,0.27315235137939453,0.015519767618782062,11,2
0.002067088464695295,0.008099035337271632,0.005727070763587037,8.962682247161865,0.0047548721436473,0.2321922779083252,0.0047548721436473,0.32669520378112793,0.02053276146562042,12,2
0.0017367240750632193,0.010949832563559228,0.010391062758826564,6.840073347091675,0.005486410070410766,0.15872502326965332,0.005486410070410766,0.20443177223205566,0.033326879812150136,13,2
0.002573875392037646,0.0029792779862130025,0.00576623984139496,5.904696702957153,0.004896260681210722,0.15506505966186523,0.004896260681210722,0.21455717086791992,0.04722205931472874,14,2
0.001291085547741285,0.006041018142087277,0.003936803668212067,8.48965072631836,0.002626068302170788,0.20637202262878418,0.002626068302170788,0.28040480613708496,0.012659720748982122,15,2
0.003803635025075932,0.001886873827213087,0.0021577494786917026,6.132803440093994,0.0056878857931288995,0.18419361114501953,0.0056878857931288995,0.24497747421264648,0.029793580367597196,16,2
0.0067515600749047016,0.0042831727781798,0.0029630798854336873,5.733660459518433,0.0071713709097814635,0.19834232330322266,0.0071713709097814635,0.27134060859680176,0.026928740461546884,17,2
0.001725083826088288,0.0017257083304100067,0.0007134438385080488,6.56093955039978,0.0033505829618368788,0.19493627548217773,0.0033505829618368788,0.26288390159606934,0.023280158510339856,18,2
0.00167501380458888,0.008163583125391968,0.006089261374252077,6.385633230209351,0.003542291558490766,0.18460559844970703,0.003542291558490766,0.24467158317565918,0.012225314133037549,19,2
0.0002650389654867105,0.006513326026202865,0.005457620330288491,11.55402398109436,0.001529273399946154,0.36379408836364746,0.0014299869548713123,0.5122056007385254,0.023640805638162784,0,3
0.00015365530067713696,0.015501477199096966,0.004501661255848687,14.740291833877563,0.0018295490246789485,0.28310489654541016,0.000508185523869911,0.4286990165710449,0.020692219322099466,1,3
0.0002575243080080848,0.002636463909598843,0.005151132459182522,13.783540487289429,0.0005667348888821477,0.33977723121643066,0.0005581690144295474,0.4833676815032959,0.013499650421150878,2,3
0.000815729157388207,0.004658219320547798,0.006210373961975805,10.886951208114624,0.003685147439312808,0.31448936462402344,0.003685147439312808,0.4169304370880127,0.0249012972022044,3,3
0.0003456540118141153,0.00875338818637772,0.005772216252030994,10.983413219451904,0.001124623909677886,0.3498368263244629,0.001124623909677886,0.47826147079467773,0.009362849884885165,4,3
0.00035211897159038844,0.005887301155313107,0.0043426043900045685,16.862493753433228,0.0021696848704422602,0.36023616790771484,0.0021696848704422602,0.47716546058654785,0.022934653571012455,5,3
0.0006735074665593396,0.008904983666778696,0.008698127441718492,12.390549898147583,0.002313127325401059,0.35167980194091797,0.0020857628612087746,0.4968430995941162,0.029750006463264186,6,3
0.00022615150114908063,0.008942222926616901,0.0015035401459787946,11.570912837982178,0.0007552537496233253,0.3900485038757324,0.0007552537496233253,0.5233392715454102,0.01572964141259085,7,3
0.0004994510829734949,0.008085500344208383,0.007295752620551688,11.229458808898926,0.0027624936907733786,0.3338332176208496,0.0027488232304180914,0.4650883674621582,0.03934727915412595,8,3
0.0006705317771687048,0.0036824256014438284,0.004266139029332138,10.692313194274902,0.0017500753015708352,0.46866559982299805,0.001642927613066515,0.6156582832336426,0.015682945438761094,9,3
0.00026405951240989395,0.008265817169928604,0.00897765793314819,11.503236293792725,0.001789488268710714,0.3646585941314697,0.001789488268710714,0.4858262538909912,0.011057480394822497,10,3
0.00036533630090037256,0.008139059295892684,0.0037604831161462283,9.993797540664673,0.0014567620387395304,0.35570263862609863,0.0014567620387395304,0.4959893226623535,0.014688840905563069,11,3
0.0004097266267325292,0.0009020116212397807,0.004595659133463498,29.216245889663696,0.0028863059100562305,0.3262045383453369,0.0014056789247613999,0.4197721481323242,0.01823225943162284,12,3
0.0002539468971360432,0.0022601257745031114,0.008089287347462896,11.683690786361694,0.005025022219516457,0.3181462287902832,0.0019334335573051064,0.4347679615020752,0.018117473323371054,13,3
0.0005300266232208682,0.005572161347867027,0.0022355861209747635,11.146546840667725,0.002450489033099893,0.2999694347381592,0.0024505236914064634,0.39749670028686523,0.02543577246985682,14,3
0.0004458632141654971,0.008366159250337013,0.009640280921880419,12.819271087646484,0.0025669069159222316,0.29981303215026855,0.0025669069159222316,0.4074227809906006,0.013273217153301617,15,3
0.0019644712328222846,0.007034399138981604,0.0015174644304976614,11.614947319030762,0.005603753309703641,0.3493311405181885,0.005603753309703641,0.46857762336730957,0.03673971343919354,16,3
0.0008520938920312742,0.003013852150116304,0.011392766750923286,13.221149921417236,0.0031873436273632694,0.40691232681274414,0.002897538246659047,0.5759336948394775,0.07475112493286347,17,3
0.00041489576363576116,0.0044677528579619465,0.009307698211451838,9.641534090042114,0.005279893373128384,0.30564236640930176,0.005279893373128384,0.4016594886779785,0.02345635056380993,18,3
0.0005377600840661535,0.008687623643150764,0.0036445474196948064,11.475150346755981,0.0024130779717222747,0.2759890556335449,0.0021204197334822902,0.37081146240234375,0.011967025138759371,19,3
0.0003315413337750632,0.00673866924509936,0.0028794172520317913,17.00999641418457,0.004643105767397598,0.49833154678344727,0.002286946800403829,0.6744303703308105,0.05253558754192411,0,4
0.00018899352242009634,0.0029413086770534815,0.0017220458153595342,20.232303380966187,0.007100631055496584,0.45568370819091797,0.0012616084650193815,0.6115086078643799,0.015478821534972542,1,4
0.0001384646330506815,0.004266854300302714,0.010023429632238982,16.738469123840332,0.004705235085536413,0.44327616691589355,0.004153019599786811,0.5933277606964111,0.010578355640792255,2,4
0.0001318724845778922,0.0076967888765629615,0.00618451200240458,16.081340551376343,0.0027730341044032527,0.4690737724304199,0.0012149284041139778,0.7680356502532959,0.016925416272511862,3,4
0.00010951692251566039,0.00428577780657861,0.006688985852900654,18.94398522377014,0.0004552468107917873,0.5054843425750732,0.0014175975789898858,0.7187469005584717,0.011187898541923006,4,4
0.00018976920326591965,0.004548545563667091,0.0070710472902635385,20.744297742843628,0.005318916659094129,0.4275984764099121,0.0026319172689522516,0.7542438507080078,0.025268031362928794,5,4
0.00018681492012008008,0.005614013759576523,0.0043515880036134914,15.656994819641113,0.0022138418599331002,0.5021660327911377,0.000689460645224534,0.7864603996276855,0.015512441978095926,6,4
9.050633200883655e-05,0.010202650692570314,0.007328985522025648,25.331279754638672,0.0010652198280151348,0.43972229957580566,0.001614323624807244,0.5839636325836182,0.020616150301209668,7,4
0.00017231786568252158,0.004132866135793778,0.005124091739209517,20.68943977355957,0.0014410197728408995,0.5096848011016846,0.0010369085407233674,0.7391748428344727,0.037058619556357676,8,4
0.0001741891513088086,0.005835891774217432,0.004895019593797272,18.410806894302368,0.003546317191838788,0.5984244346618652,0.002531709331321815,0.8342840671539307,0.011950934143251176,9,4
0.0001645096448313251,0.004298901120215877,0.005038287989145441,16.50835919380188,0.0028587559152002486,0.5663244724273682,0.0010656007419341065,0.7539033889770508,0.014624350458626837,10,4
0.000138258559055258,0.008440851618463419,0.005618812144442246,21.32550287246704,0.0013554551678691684,0.5138278007507324,0.0008907352564081946,0.7420332431793213,0.016164458755199073,11,4
0.00022096177229636674,0.008724893372345869,0.004722977026469584,28.919791221618652,0.001011838285730926,0.5612614154815674,0.0009223615838692042,0.805211067199707,0.020190297041416987,12,4
0.00023394567156299434,0.009168431740963157,0.007932287470038475,16.944895267486572,0.0016449815975450681,0.6342666149139404,0.0016449817203416466,0.8624725341796875,0.022649544789453493,13,4
0.0001500479224398795,0.004275654034851158,0.003491836604341119,24.77477264404297,0.0020653847652696935,0.6091208457946777,0.000814539602149833,0.9151806831359863,0.02440784685501542,14,4
0.0002981484377404253,0.00284387189848904,0.0033240212576522835,18.845248699188232,0.0007891499850595969,0.6098456382751465,0.0008468066308862007,0.8286876678466797,0.013901534558527858,15,4
0.00024664009399523923,0.008278837139068296,0.0023714064051814448,21.147216320037842,0.004005421328936285,0.5212860107421875,0.002171693182198638,0.686845064163208,0.03877627366865859,16,4
0.0005422200514395941,0.03777923708756895,0.046499416719234694,33.025434732437134,0.0017582361591106839,0.4283905029296875,0.0017367002475444091,0.5414407253265381,0.01777606347889763,17,4
0.00014303231429912042,0.005702301096680647,0.005891465846743699,17.436201572418213,0.001337405809537127,0.5084209442138672,0.0005950961915187717,0.6555705070495605,0.014336433536401506,18,4
0.0001673138046744127,0.005904076934427664,0.005673014129282071,18.425612926483154,0.002579535369422653,0.51645827293396,0.000887576646292317,0.6885511875152588,0.00988361802192341,19,4
0.00028036739974108085,0.008103793409808475,0.005571314075934573,23.981522798538208,0.005078089110246142,0.5925033092498779,0.0014656312692620393,0.8462662696838379,0.028754958920413215,0,5
8.685671653914094e-05,0.006948163742328895,0.00830147104911596,23.462374687194824,0.010534390840823424,0.41905689239501953,0.0015909517767347613,0.7456166744232178,0.031155152908546875,1,5
6.89557893795915e-05,0.008103540925241267,0.0021637592380295647,26.11749267578125,0.0014130513927408086,0.7704429626464844,0.0011319403051659681,1.085789442062378,0.01044278704285644,2,5
0.019614149530960738,0.08360135395184697,0.05844989355559587,41.72717642784119,0.010252245558157522,0.6211190223693848,0.00340341681842821,0.9139013290405273,0.015611016581928872,3,5
6.291900841768339e-05,0.009204584041430734,0.006850468733595245,22.744399547576904,0.005417572681100954,0.6072237491607666,0.0019691202606939204,0.940190315246582,0.011054880729812163,4,5
0.00010953832517455184,0.002514656420817474,0.005970011958076992,27.024456024169922,0.002123338126856907,0.8263325691223145,0.0016821194749770875,1.13271164894104,0.023370468620018747,5,5
0.00012604006294623845,0.006921055537706018,0.0069754506017462295,23.708232641220093,0.002543692242654708,0.8040971755981445,0.0006415458083067908,1.1786842346191406,0.018098440317440338,6,5
9.265310995363319e-05,0.006709833685061935,0.006421428243549309,25.186959266662598,0.0051028631905777255,0.5111556053161621,0.0014300133103450313,0.9410848617553711,0.01848129337022656,7,5
0.0001448192237741915,0.0019585507324057618,0.007414425239372564,29.171544075012207,0.012541678190167035,0.90447998046875,0.0014933804898418666,0.9550673961639404,0.0992898915462555,8,5
6.14228555968932e-05,0.00797772358050753,0.0043449512547401705,25.59906554222107,0.0041022165397906745,0.599785327911377,0.0011968574639314555,0.9099705219268799,0.012074586714833,9,5
9.613264685669846e-05,0.0040056255860871914,0.006600586318434356,34.10034203529358,0.0005985359180456174,0.7740147113800049,0.0004651134575383095,1.054107666015625,0.01492909208285019,10,5
0.0001416249011065555,0.002899434843304564,0.004147093833934109,37.062095403671265,0.0021092024332567405,0.8158726692199707,0.001339569125645686,1.3048229217529297,0.017991283425006947,11,5
0.0005010009669320044,0.003333976280121605,0.0034245884579379732,61.326592206954956,0.006231436568330176,0.7142307758331299,0.0008756037942838487,1.070084810256958,0.016153641427487177,12,5
0.00013246697860926914,0.009832958467043499,0.005488653155969644,39.16905379295349,0.0014478822195302646,0.7740423679351807,0.0018799473842440553,0.9902009963989258,0.027917697826399322,13,5
0.00020494631174053555,0.006295155523052464,0.0016242042678265686,26.42992639541626,0.011691161027420856,0.5679340362548828,0.003212060922298909,0.7431509494781494,0.07754453412136311,14,5
0.00010010729894630957,0.007292813864305891,0.004039413624551856,56.39282965660095,0.0016747112877893693,0.6829991340637207,0.0007281347245674973,0.888207197189331,0.01135180639992445,15,5
0.00016153233703057878,0.0016466387829434659,0.003283947830434651,43.382914304733276,0.0011090794575929542,0.764995813369751,0.001109159462504398,1.002835750579834,0.032152314886655174,16,5
0.00013020002075302036,0.006435908830852721,0.0070451662772169354,30.04647922515869,0.0009553435946644928,0.5765883922576904,0.0011675553042429065,0.778050422668457,0.022233358250625203,17,5
0.0001181126557919206,0.004750380964772176,0.006772351460409968,25.867923259735107,0.0011374730077799693,0.632411003112793,0.0013263557670807114,0.8290224075317383,0.021239037144874753,18,5
6.960083463943464e-05,0.004299117145059632,0.007383774220173182,25.60446262359619,0.0035370806510032216,0.596806526184082,0.0015315200646125015,0.8001434803009033,0.011906667745473443,19,5
8.936815785962368e-05,0.006819425856947022,0.009150320127082535,38.17037534713745,0.0030043221357963098,0.9567365646362305,0.000645516402208156,1.4517078399658203,0.039819511837884264,0,6
7.098223793833291e-05,0.006639692993433884,0.007623640242406167,46.147355794906616,0.0023902276167674127,0.8772544860839844,0.0008012428680564398,1.0996947288513184,0.012384018210107754,1,6
0.0020686769761333137,0.007455558429088565,0.004316424120329091,77.89358401298523,0.001463585475905169,0.9496486186981201,0.0010687046897046829,1.2815701961517334,0.013928174376773928,2,6
0.00015885412333032582,0.008007030627622067,0.006615114587691496,50.95557451248169,0.002415838456255586,0.7657017707824707,0.002229161666023426,1.0286941528320312,0.0213669690024255,3,6
0.00012413128228865188,0.004589949746419266,0.002422335886140834,37.96195888519287,0.000924776346130819,1.0191469192504883,0.0009058878733857653,1.4169163703918457,0.012005571514167021,4,6
7.224760539165715e-05,0.003187338852549848,0.0024525187677883354,38.09935688972473,0.005910576529129747,1.1009585857391357,0.0011421190530215718,1.411799669265747,0.026085889091924063,5,6
0.00010181385502067771,0.003918641783175679,0.007006775055772667,72.51962113380432,0.003470188017431436,0.8351967334747314,0.00397834117564106,1.3399767875671387,0.010904214433378141,6,6
3.234101551128724e-05,0.008470982661012169,0.004647593257169823,39.789284467697144,0.002947302729759207,0.9656009674072266,0.0004948344716629613,1.327934741973877,0.026010389285147095,7,6
7.497591431225119e-05,0.003757081316780998,0.0032215969916446494,36.452556133270264,0.010449589711287862,0.7241380214691162,0.0006362323755977956,1.011570692062378,0.029051969720254558,8,6
5.928316165813389e-05,0.012526080782649126,0.005875962102490965,43.68095088005066,0.002956584066870598,0.8402254581451416,0.0036655884786164403,1.0418241024017334,0.012485379598949792,9,6
5.086943867809045e-05,0.002807858196268695,0.009512200856298622,39.943819761276245,0.004216527591428247,0.8923583030700684,0.0011980820613845533,1.1760668754577637,0.013697617698279744,10,6
5.166341221796773e-05,0.007879350165223502,0.006067859127549932,54.50900745391846,0.0033444499469723245,1.0821681022644043,0.0011947143828319,1.4366273880004883,0.011001837367079,11,6
5.497887329433373e-05,0.003959508691690101,0.006485203561494158,47.07070207595825,0.006380866292619549,0.8382327556610107,0.0006267839655976769,1.1569674015045166,0.013280339095762742,12,6
0.005323302373276335,0.0015138051985071036,0.014196939340824154,38.691678524017334,0.0024350682960171894,1.2863740921020508,0.0010026281880716253,1.7423202991485596,0.021411642142537466,13,6
0.00010875036725014085,0.00496895457943262,0.005301304812460185,45.682735443115234,0.0019228739967187298,0.7923157215118408,0.00217509603873982,1.0462100505828857,0.022818877579656865,14,6
0.00998290266904206,0.05390858416950003,0.06827166500873244,70.77609610557556,0.006162532801365132,0.6490070819854736,0.0018937389233510404,1.0094187259674072,0.014359298750906966,15,6
0.0002627720712790543,0.0030006064350200676,0.005415898610300495,32.41061615943909,0.0066834901960375155,1.020240306854248,0.0033161193428133395,1.3814585208892822,0.022980315270893097,16,6
8.598973215664014e-05,0.005581308187205912,0.003246089305649157,54.62347197532654,0.00345754189316151,0.9170148372650146,0.000985292617822036,1.2420713901519775,0.016150705044200266,17,6
8.370311403355091e-05,0.004216242106324887,0.005399088578577166,27.351460218429565,0.0010781337247043209,0.878925085067749,0.0015186536507043418,1.1189095973968506,0.0163279882416266,18,6
5.223975627970884e-05,0.005150123387273966,0.003955971760993375,31.891494512557983,0.003584240679506547,1.2037148475646973,0.0005605375638705334,1.2050747871398926,0.014027357183326193,19,6
7.470543047081275e-05,0.006251917068894576,0.003692141473013328,37.7178373336792,0.01347931732823933,0.9663302898406982,0.0009137235629310944,1.6404087543487549,0.02835965211263592,0,7
4.522560478876463e-05,0.0007870307308746261,0.004082954433863841,104.42786002159119,0.0015508206946548947,0.9978351593017578,0.0005014373834911503,1.3576953411102295,0.01656738886422916,1,7
4.615891117714945e-05,0.003264295270201207,0.003144302915961631,70.61497163772583,0.008364936478591845,1.018376111984253,0.002172956581451092,1.5273945331573486,0.012654578280263146,2,7
0.0001093865647709704,0.004379543061737659,0.0031379677771945316,63.97917914390564,0.0012471245049411328,1.2046763896942139,0.001246467727246374,1.595611333847046,0.024066223126091697,3,7
6.108919235566937e-05,0.010970433568367419,0.0025560516031914804,65.80590891838074,0.0030505199381047157,1.189967155456543,0.0014490013702572959,1.9000163078308105,0.020548405623771884,4,7
4.97893374685701e-05,0.004611977159587504,0.00504367443545628,65.57930588722229,0.007825459686385292,1.2636070251464844,0.0019503186586453775,1.758559226989746,0.022635504979455327,5,7
4.7216961354779566e-05,0.0043460022530811115,0.0075392946121962635,45.72959041595459,0.009382540237138021,1.0883724689483643,0.0024801159199230793,1.431002140045166,0.009957332158103878,6,7
8.570058872486588e-05,0.0035672917429529307,0.002892480663852029,54.41470766067505,0.01360683405177009,0.8407590389251709,0.001010556383782187,1.496751070022583,0.01979170038820164,7,7
0.003201550732797703,0.007396224976848749,0.0073183560088243655,52.613343954086304,0.000804074594214335,1.374464988708496,0.0010156285137572654,1.9046313762664795,0.02579758074634678,8,7
4.308965447961217e-05,0.0059570296057148645,0.005509160746877793,66.74360251426697,0.009125984733152955,0.7983191013336182,0.0026736384084011743,1.2823472023010254,0.015516204199516418,9,7
8.072064117985234e-05,0.005185594815098018,0.0041858095340659195,54.367307901382446,0.0066313012535886414,0.9344766139984131,0.0009635503005868024,1.408555030822754,0.05690616462653274,10,7
7.709518615724627e-05,0.004651663057520004,0.0069697342127746816,46.117634534835815,0.007500809021574303,0.9269556999206543,0.0015303592826884887,1.662386417388916,0.04874069801505803,11,7
0.00012473250293745664,0.0031595559322520287,0.00431043137323001,69.95140480995178,0.0027333855953691065,1.111666202545166,0.0015178433277119505,1.3908870220184326,0.01737799343638898,12,7
6.486106270051744e-05,0.0012937553245850673,0.004037656425319489,38.78906035423279,0.0022418502426337916,1.3955366611480713,0.0008581578781372715,1.9383692741394043,0.023792852667689306,13,7
8.024532293514685e-05,0.005480110396035354,0.006338945191479693,46.71152663230896,0.0032834149520825882,0.8491501808166504,0.0029685332047363288,1.1261186599731445,0.025043399504717217,14,7
4.6303499993344525e-05,0.0028926557588820423,0.005056472865323932,54.325597047805786,0.0022086123000649555,0.9359664916992188,0.0012228890023142276,1.4887824058532715,0.014262483130168592,15,7
5.379477471472478e-05,0.003866029679188069,0.005557858024323188,51.38261127471924,0.002427704463119779,0.8984413146972656,0.0013365764788809474,1.5451455116271973,0.0302282080159898,16,7
6.534190329420317e-05,0.006571161507580218,0.0057351423356161325,34.25613212585449,0.004430938709479558,1.190704584121704,0.0012717672416567055,1.4852070808410645,0.02740158803559452,17,7
7.719328531851669e-05,0.0035296867374355096,0.0046599366543976575,91.67602229118347,0.003461194099505748,0.7540791034698486,0.001819370812552356,1.325178623199463,0.014638087465987284,18,7
4.278199089817535e-05,0.0027376744665816325,0.007502757648308463,39.62171125411987,0.0033633999358928467,1.1898143291473389,0.0009277292251423138,1.4603345394134521,0.010678044988705336,19,7
0.007143109456512679,0.038613829987813354,0.04214492930058655,78.02666425704956,0.006878545243988505,1.281571388244629,0.002086326701290659,2.0046184062957764,0.03449768019393186,0,8
4.253160090154455e-05,0.0029510193718378743,0.008144713562523491,116.934406042099,0.00875123538208174,1.0185694694519043,0.0024271803556954095,1.491652488708496,0.04959381519075685,1,8
4.133792176815957e-05,0.0027647386185712386,0.005440446673779181,60.7377815246582,0.008937379507810293,1.0481319427490234,0.0008035835001605994,2.119624137878418,0.016919525855287436,2,8
5.391385654479608e-05,0.004838933931391916,0.0033324392489470713,56.23552584648132,0.008684205999847348,1.0892248153686523,0.0021223862221263026,1.7160801887512207,0.02175045940655101,3,8
7.765198609027227e-05,0.003894362180781578,0.005058948848624836,112.3931839466095,0.01596155680615312,1.1945126056671143,0.0028472028489300305,1.7535884380340576,0.01303909411626708,4,8
0.000548227978675995,0.009123427773086149,0.0029186462404976765,58.80162000656128,0.004800240391838374,0.9789888858795166,0.0009125869380003833,2.106109619140625,0.04335171001513957,5,8
4.10281384997796e-05,0.006466719410962256,0.003399474654343484,56.11352038383484,0.0055757495068050975,0.9521358013153076,0.0005187884761765442,1.5856494903564453,0.01262332519027839,6,8
4.8585945692134855e-05,0.00451269242502735,0.002934804622429725,100.27339887619019,0.002300363509449163,1.446610927581787,0.001719052147069499,2.0472073554992676,0.022310270749627183,7,8
6.843132483000854e-05,0.003866802781548421,0.004702555569165824,46.224265575408936,0.006600138134724334,1.10078763961792,0.0007535682197448574,1.8989577293395996,0.026306348881272066,8,8
3.756639603385199e-05,0.005895696894627915,0.002231008422556155,82.51541948318481,0.003755544320957746,1.168769121170044,0.002130355957332121,2.3276846408843994,0.011489976624208809,9,8
5.6672503596681224e-05,0.0056743260786436545,0.0034945686156123874,59.417970418930054,0.007503784498874386,1.1435978412628174,0.0009990027970204624,1.9139957427978516,0.013518460263776778,10,8
3.242449812787078e-05,0.007486345316068436,0.004967853532463886,91.25964856147766,0.00880114823040803,1.48838210105896,0.0010883874475543648,2.051368474960327,0.034548706042738686,11,8
4.1693387834320264e-05,0.006441914018748125,0.001967800357930531,55.25885605812073,0.009837360672540957,1.3782615661621094,0.0006300173216128996,1.9386701583862305,0.015185487211274867,12,8
4.514108244370781e-05,0.004983588689144595,0.00357712514693679,72.94136238098145,0.004307077013355157,0.9289634227752686,0.000965221014432166,1.6014213562011719,0.02049323159364954,13,8
9.739778130952076e-05,0.017152324679054587,0.019727684323589092,55.322118043899536,0.01198826158982722,0.9174919128417969,0.001872298333697666,1.418126106262207,0.022855960071808595,14,8
5.7734090317738504e-05,0.005727413065664118,0.002289461230265561,60.637590169906616,0.0011937725459355794,1.1909823417663574,0.000389494540387586,1.748884916305542,0.009608116073186911,15,8
7.117495577453614e-05,0.0037423578926271315,0.0033494620413081285,111.47486758232117,0.008182077165245064,1.0293910503387451,0.0013156581937976697,1.8937745094299316,0.053144177516562946,16,8
4.558754933117748e-05,0.0028667050531933636,0.0030953382060949753,52.149078130722046,0.0029400035697574834,1.1234304904937744,0.0007694499436241657,1.7177276611328125,0.017327045136505282,17,8
3.747593254313508e-05,0.0009551414800880916,0.0044207143845729924,83.96421813964844,0.009216967246340219,0.8984134197235107,0.0014486452824600585,1.5167295932769775,0.012842302088155752,18,8
4.9786749990792426e-05,0.0010452062266294582,0.006539506410606446,55.94704723358154,0.003645064183187237,1.2272148132324219,0.0013135241860302942,1.549058437347412,0.013447308112481682,19,8
6.292604237791823e-05,0.005254412638552892,0.002723022943558639,92.93656277656555,0.006602627617326765,1.435131311416626,0.0007729581201972951,2.150369167327881,0.023058548886751143,0,9
3.350239867734224e-05,0.0012069393271667314,0.002685301895372436,67.46117544174194,0.0017777710236534952,1.4252126216888428,0.0008963985313638972,1.9883601665496826,0.015867066379684554,1,9
7.434962806790251e-05,0.0023383983653919665,0.0017750427530038402,132.3745472431183,0.014200880839521991,1.2155070304870605,0.0020097753501054794,2.0505030155181885,0.033442229024275155,2,9
6.177365383053246e-05,0.003190650001037284,0.006983045413629398,88.26791477203369,0.005577838507840117,1.7313306331634521,0.001694608061525586,2.341853141784668,0.015590407923056339,3,9
4.412174314516871e-05,0.006851428826690814,0.005539575748518876,65.55944561958313,0.0028471652187778474,1.4785165786743164,0.0010177070506369283,2.2647347450256348,0.015263835129069267,4,9
3.536776915934747e-05,0.010030030813160583,0.0026664063519150063,113.18064665794373,0.010656942377949778,2.670731544494629,0.0008467896924893766,3.5671799182891846,0.023622128938380244,5,9
0.003486897997604891,0.05724335000897786,0.029418018755098092,142.54617500305176,0.0014908275436487095,1.6578950881958008,0.0007379798892960172,2.159381628036499,0.016546370154653683,6,9
5.664255346129712e-05,0.004691940586732082,0.005359947340790808,146.64710068702698,0.008329045460900478,1.4082520008087158,0.0009729033056580937,2.2429616451263428,0.025365804618096774,7,9
4.360856381253115e-05,0.0020472252862546725,0.007049085425217213,85.34122896194458,0.0017441141026021654,1.8149211406707764,0.00048000319936306973,2.5054543018341064,0.0266349097759566,8,9
0.003542023175478811,0.04450717175233071,0.06678628300731117,120.399094581604,0.002814313297606191,1.3384227752685547,0.001353455007525344,2.085681200027466,0.01486268393035813,9,9
5.963107711891034e-05,0.008518718209231488,0.0034881147342916328,76.06001949310303,0.0074812329215693295,1.698669672012329,0.0013570878896343762,2.2230966091156006,0.01247647310076078,10,9
3.2175169221978535e-05,0.00488962514249259,0.0027940774467529583,140.48845791816711,0.0051469179669650965,1.9838426113128662,0.001795544462972883,2.748551368713379,0.013852121284247143,11,9
5.192516574376644e-05,0.0055158628564437135,0.005226239924808829,102.07540941238403,0.0034646491273703636,1.301572561264038,0.0007253339896940333,1.8653202056884766,0.0248609373739398,12,9
5.240156402988686e-05,0.002633725199419989,0.00342347288602044,102.4460301399231,0.011263861500504955,0.9819560050964355,0.0014838193504179862,2.09022855758667,0.023788200547274624,13,9
0.007643322563562701,0.061703568974215035,0.048633071454163,77.71903657913208,0.01816775696416074,1.1231563091278076,0.00236637715108241,1.6886529922485352,0.043031306119762906,14,9
5.331116563647811e-05,0.0032341998118768636,0.010436061191983323,109.99421644210815,0.003286148686463264,1.5589759349822998,0.0013116633619631056,1.9311738014221191,0.0104209534676561,15,9
6.276259405766537e-05,0.009006559658693507,0.006985332920919515,110.49526166915894,0.022300807303956408,1.2585299015045166,0.0021104470917664474,1.9015908241271973,0.07051709170766204,16,9
3.150009548130511e-05,0.006604942630463411,0.005464185144944365,90.11310839653015,0.012345168133171394,1.3247253894805908,0.0011460680191398812,1.9348182678222656,0.031640760747273323,17,9
5.603859657834333e-05,0.0045134451644563405,0.002611450474957209,83.12933373451233,0.0047113666933322005,1.4298012256622314,0.001066293166990551,1.9382104873657227,0.018387317536451356,18,9
3.66739061487686e-05,0.003269764612057849,0.0023481799060918926,93.49817276000977,0.0055575078413297885,1.0906987190246582,0.0010240207690671,1.845759391784668,0.009304557960560844,19,9
7.676855831258248e-05,0.005393194593389605,0.006288753356899781,140.50486302375793,0.004008888529800969,1.696786642074585,0.000496595923972339,2.825467586517334,0.021491247031812315,0,10
5.768369411048487e-05,0.007195430680529243,0.006250651657933269,185.58677172660828,0.0039966835864498704,1.7436060905456543,0.0009928386700320407,2.2925524711608887,0.017136810501824837,1,10
0.005947289248832007,0.017502535506723524,0.01381924557123716,83.97953534126282,0.009192855161388682,1.5878427028656006,0.0013011934502445682,2.542184591293335,0.009318788411905055,2,10
4.860804694806579e-05,0.00309046641657497,0.00336892242568244,144.33225679397583,0.019161984101201304,1.665618658065796,0.002555774271682091,2.3298304080963135,0.020394724704400312,3,10
4.3021360527458385e-05,0.00380760002488163,0.007352670891816443,84.02039408683777,0.003786299964843712,1.616227149963379,0.001902959917145101,2.665215253829956,0.012857005878713055,4,10
0.0059805928041363685,0.033213870017757864,0.025873402799438245,121.23560881614685,0.002513064682123186,1.7193808555603027,0.0012129783006358955,2.9350693225860596,0.02906230205955212,5,10
4.565284619039526e-05,0.005446831606636119,0.004651164931503338,137.37402391433716,0.003024751469297467,1.7651355266571045,0.0005904420003239394,2.4330222606658936,0.013431723067397375,6,10
3.497410888637642e-05,0.002711606554173477,0.0034822099756094903,100.98268604278564,0.0033898258171211016,1.2926154136657715,0.0012557895157713586,2.0738277435302734,0.021726841237785025,7,10
3.54674356943104e-05,0.0016926064300575453,0.004203200089362447,114.70139765739441,0.0023330830647505557,1.548490285873413,0.0010399565882630024,2.1762542724609375,0.027996460765287896,8,10
3.906679523686766e-05,0.006322874557588746,0.004920188995457269,116.49820733070374,0.004942624319203841,1.3515770435333252,0.0018130042475370273,2.191401481628418,0.01306099248671091,9,10
6.801258946509033e-05,0.005297049555659358,0.004736922261498857,105.52087831497192,0.0010031053750585515,1.8237318992614746,0.0006645204082258253,2.381530523300171,0.012448164435423044,10,10
4.779624006780262e-05,0.0067325653089677605,0.0098796506202165,124.89112854003906,0.011396374206645766,1.8161423206329346,0.0020642545122565247,2.6980459690093994,0.0656884375046498,11,10
6.266288081141491e-05,0.007430722954087695,0.0025728665109414207,79.91824293136597,0.005960457753672454,1.6295702457427979,0.0006186521885605348,2.193372964859009,0.022463452407993,12,10
4.729342806441735e-05,0.002800449697148884,0.004791974349034475,152.46037673950195,0.012154949681700111,1.6127278804779053,0.0010459732447306506,2.529956817626953,0.01742026104078662,13,10
4.565225037551265e-05,0.0030609121519126425,0.005372081486560399,92.26752614974976,0.008726859153341109,1.1231913566589355,0.0014352936147310961,1.9284968376159668,0.02615976415663742,14,10
4.4563774251756465e-05,0.007514044600005858,0.003877517668184749,99.80494689941406,0.003449965229567982,2.143606185913086,0.0006655639591565269,2.905238628387451,0.0073373085371325805,15,10
0.04393784715464623,0.06898618041812704,0.03633188513647035,178.76241278648376,0.002568344392772888,1.7096538543701172,0.001294141548764949,2.596660614013672,0.01827444314590903,16,10
5.7155526853869265e-05,0.00841045515907924,0.003292111324936534,139.59360766410828,0.00804476056087409,1.3110175132751465,0.0007333037310119767,2.61145281791687,0.03483923586430078,17,10
7.734712970033735e-05,0.0027624424182902305,0.004021803403404046,105.88201093673706,0.01913970935786652,1.3814659118652344,0.0012281477660160745,2.2879576683044434,0.018590603189259466,18,10
0.0008166294567917584,0.04529661403040079,0.025353546108823337,146.98667860031128,0.0023275619248927697,1.6960244178771973,0.0007404518608717714,2.221865653991699,0.012760328452649924,19,10
6.376469159081811e-05,0.005160842563931244,0.0030493889789708272,119.37121772766113,0.004548496382547739,2.546968460083008,0.0010489333926234632,3.3831491470336914,0.020332273228626633,0,11
2.9511563983981315e-05,0.0023712730878423078,0.003094657767270988,130.94793152809143,0.0017477186908867427,2.2139382362365723,0.00033702724961545775,3.1410109996795654,0.013054814285409666,1,11
4.583297988161174e-05,0.0027220850754210504,0.004948473380581527,204.74740743637085,0.0023626095007703114,1.8758587837219238,0.0010620080726622767,2.685279369354248,0.009167870225587293,2,11
3.3449625557213984e-05,0.0042796479570446815,0.003100153336205057,102.53090476989746,0.005119534746980976,1.6916372776031494,0.0018698541161423373,2.251734972000122,0.028529529543381046,3,11
3.944063854577014e-05,0.0120744394572779,0.01395419559759352,142.13169622421265,0.004151094282583141,2.070101737976074,0.0015742963444651203,2.6842825412750244,0.01710009220850685,4,11
3.453378565047386e-05,0.004874069068838626,0.002388075133114621,174.6807918548584,0.002185766243994163,2.241638422012329,0.0005881094051885139,3.1945629119873047,0.022256148291569425,5,11
3.4933789190162336e-05,0.007824080498599334,0.005284716672981938,103.73030185699463,0.00785044096528155,1.4064128398895264,0.0005402895048999975,2.3309078216552734,0.02060198295491716,6,11
5.832864953360005e-05,0.008344183430134067,0.001990142381144505,152.65753293037415,0.002169337862655368,1.7946884632110596,0.00050924810078836,2.842397451400757,0.017747962731779813,7,11
6.556252609710913e-05,0.017142963919623982,0.011136474390296887,193.35809206962585,0.006854161613433856,1.763517141342163,0.0009172014802842036,2.887833595275879,0.047404449176581105,8,11
0.03592511284592254,0.03364174339036914,0.046940646322721456,194.89707970619202,0.008521481129146686,1.7538468837738037,0.0007504101009524343,3.125227689743042,0.017608220118420632,9,11
5.492640794525392e-05,0.006614447414652363,0.004260513287620588,164.70920872688293,0.0010903952656353014,2.054713487625122,0.0003627024046684496,3.1677680015563965,0.015038526030517928,10,11
0.007933091878170751,0.00355604969364382,0.008428825853386421,74.32366991043091,0.007265667704343475,1.984095573425293,0.0017003785597696876,3.3441054821014404,0.027432631579294632,11,11
0.0001263546500639322,0.0070437467741958195,0.006656482946044589,195.78022456169128,0.007105336864164814,2.063417673110962,0.0008530836806315077,2.8023719787597656,0.02012738023342624,12,11
0.0047015703509728736,0.006186520497951458,0.008519166640026856,91.68362236022949,0.004400627990486054,1.566633939743042,0.00059638884937687,2.3516650199890137,0.0315075909149637,13,11
8.634467949003409e-05,0.007163985896070261,0.004905681178865678,198.80322670936584,0.012425200964587468,1.4055871963500977,0.0016510589871540824,1.9728960990905762,0.03168775745679961,14,11
4.4781905160608546e-05,0.003270659037865827,0.0077747754252220505,167.4005172252655,0.010965623015202534,1.9672126770019531,0.0009863191614487195,2.7539560794830322,0.0088450200980523,15,11
0.00031573184004673674,0.014164019238380086,0.013424388726251079,191.05171489715576,0.008639901309239202,1.4919731616973877,0.0015974924576228726,2.606475353240967,0.05338240332100679,16,11
4.730655312106863e-05,0.0019594173368306933,0.006942691419503445,160.52932691574097,0.005779861896106559,1.330801248550415,0.0008516661157891694,2.1722331047058105,0.02022144210540981,17,11
4.742563826497616e-05,0.0030899759559796396,0.006485391789630576,128.6452293395996,0.011089023847169336,1.496469259262085,0.0008728426365674485,2.7257425785064697,0.014686026928975898,18,11
2.668999654628382e-05,0.0006380821845739179,0.0027495696633712745,158.07957315444946,0.0037485409408164307,1.4337315559387207,0.0008472166901344302,2.066389560699463,0.01076323435289663,19,11
0.0005977280474660969,0.005073895846863513,0.007731791135506318,264.65927028656006,0.002565581623770602,2.3083314895629883,0.000764645304243981,3.1657631397247314,0.03014957776415375,0,12
4.381148853868644e-05,0.002160932466124316,0.0019712635121901883,123.29486346244812,0.005551940773572542,1.7903640270233154,0.0016638994967308873,2.825470447540283,0.013163754795555689,1,12
4.164032037688571e-05,0.00555245087882651,0.0031217321844627184,127.09951734542847,0.009776495098733457,2.214750289916992,0.0016652985177979314,3.1261966228485107,0.010260070917883583,2,12
0.006503202134542467,0.03570081651181044,0.031253982426571576,124.12259602546692,0.009044292218576505,1.853163719177246,0.0022608573823884996,3.367131471633911,0.028843619789373196,3,12
3.0035360250220872e-05,0.004145927692814892,0.005089111915860097,168.90380454063416,0.002757216104905973,2.071782112121582,0.0012525397480931213,3.0010669231414795,0.012516787270892615,4,12
0.021760143861550996,0.02190113474936279,0.04103490421529227,246.5473494529724,0.0009270392531049165,3.061882734298706,0.0007844630020962992,3.8619539737701416,0.021380477463056855,5,12
2.9133766221927585e-05,0.004823746255808355,0.003367243302266601,109.08548974990845,0.0019043989093285739,2.6285130977630615,0.0005485593181296532,3.44242262840271,0.015356912420267313,6,12
0.00013092832953078159,0.00494355668335722,0.004556978652063715,261.96461963653564,0.0078189224576932,1.9273512363433838,0.0012452727272715895,3.1194937229156494,0.011805823027402034,7,12
4.127551982600434e-05,0.004279930683710218,0.00725759853610396,131.36946606636047,0.00859602057816332,2.4784302711486816,0.0007519750765533043,3.9216232299804688,0.05101702497400617,8,12
5.565575864272285e-05,0.002426897832624237,0.0031213378595545123,190.68177032470703,0.0017384890534517495,1.6490888595581055,0.0011697629423311794,2.103283405303955,0.014528399309715475,9,12
4.189421580133887e-05,0.00378228263968245,0.004530460593393871,156.15028929710388,0.006384573202708777,1.942763090133667,0.0015050897452499356,3.2929341793060303,0.013044621721510186,10,12
3.968794150582205e-05,0.006848266779620989,0.0054331766625873345,174.77852773666382,0.002420243422402515,2.8222854137420654,0.0010513706186090581,4.006390333175659,0.015554075631032121,11,12
4.49593551882325e-05,0.005005782495160766,0.003120794547811373,145.30258464813232,0.002832036427126159,2.0566928386688232,0.000356363980169148,3.5449233055114746,0.02814564181621894,12,12
3.567761270531797e-05,0.0019738787395782286,0.006265934063076187,144.39331984519958,0.0037963360964504544,2.2568304538726807,0.0009231474031652888,3.2783544063568115,0.0172678387428104,13,12
3.4512189155643735e-05,0.004639441643169996,0.005172863338872399,260.2533059120178,0.005152069199589031,1.877650499343872,0.001880811550025933,2.8119266033172607,0.029510309677163907,14,12
3.25648628610885e-05,0.0021967675361518335,0.0024353633192012343,133.11654114723206,0.005212712190701531,1.4871957302093506,0.0011661413960598764,2.657222270965576,0.011201255961373136,15,12
0.007174525010481971,0.061956805986748874,0.03558326235382856,248.3174443244934,0.015030038072483586,1.3859448432922363,0.0009408726956355924,2.897265672683716,0.02434847837876449,16,12
5.396302892030389e-05,0.00426159762446105,0.005987072681971716,250.33924412727356,0.011571581547023898,1.8019278049468994,0.0024135095929950106,2.587759017944336,0.04069599246808372,17,12
0.0002415322669832206,0.0061145179506849985,0.0032859452402584813,245.75797271728516,0.006004071591830643,1.774740219116211,0.0009146601609991608,2.7189366817474365,0.018345661824697962,18,12
0.004585475970819033,0.034565113690772344,0.030014062349436394,122.46091508865356,0.005332616019358875,2.0841124057769775,0.0005141818012285088,2.864905834197998,0.012055813614534781,19,12
4.686836903300691e-05,0.004127719189569257,0.004667527807048185,166.14004850387573,0.005136173736350737,2.7103707790374756,0.0005179827759538975,3.6115145683288574,0.024148090489206596,0,13
5.5312191314664626e-05,0.0042768028602640975,0.0027981906485739097,256.22643280029297,0.005932069463798486,1.6568348407745361,0.0012705683402114733,2.8857765197753906,0.05546322664791369,1,13
4.9334329163783726e-05,0.007171441086074735,0.006236260253214289,279.2194354534149,0.009872587301494975,1.8097147941589355,0.0014489534163047166,2.939051389694214,0.011409550767868471,2,13
3.789219787203449e-05,0.005950857042721512,0.004515152748328155,193.11179542541504,0.00538460824176536,2.294579029083252,0.002081562600354471,3.1800169944763184,0.01975472392913028,3,13
4.064049672351622e-05,0.00511229554542135,0.008100949912910877,158.12966132164001,0.0053276691181620445,2.3810431957244873,0.0026542645719937314,3.6935322284698486,0.013883179506712768,4,13
4.004412312806591e-05,0.0028082196952182695,0.002290182416274512,162.25183391571045,0.0040188091737396545,2.487962484359741,0.001050052300943563,3.970078945159912,0.01977070788338137,5,13
4.694088049611151e-05,0.0022077982903123796,0.006150715732991938,261.79107904434204,0.010857984513452663,1.8149726390838623,0.0008573054624962513,3.25464129447937,0.01687563630858732,6,13
4.6942509272996955e-05,0.0053117306862489454,0.002116904632358923,195.37595343589783,0.005323828323537095,2.6302530765533447,0.0007346764275173701,3.4733524322509766,0.02207608069294174,7,13
0.0014381161321083422,0.03887240907536604,0.01919582715788552,196.31197094917297,0.006651669504453788,1.950023889541626,0.0008995161878389088,3.2085394859313965,0.029456998282624044,8,13
4.005113705171577e-05,0.005133609814376343,0.005384319759161667,241.98466324806213,0.0035418058026458364,1.7836065292358398,0.0005899312976604213,3.417759656906128,0.012569999629159003,9,13
5.106734967171189e-05,0.0032241817734929377,0.007024103974570673,304.7125709056854,0.014256101680550083,2.0933308601379395,0.0009213581905554735,3.4767282009124756,0.04875869799084491,10,13
4.166910171797794e-05,0.005924955047278162,0.006354944184761044,156.31365156173706,0.006858020175114564,2.589759588241577,0.0008632535809575553,3.547994375228882,0.01853514183574002,11,13
3.066697503757033e-05,0.0024287754551718076,0.0024498921662552096,298.8405637741089,0.0033956546111138246,2.259143352508545,0.0010954576507605784,3.155181407928467,0.021342696441837797,12,13
0.0033114833085076153,0.009414390667407199,0.006337736738243403,296.40488362312317,0.006277201966526742,1.8235642910003662,0.0012883623693290662,2.998687744140625,0.024625318375406807,13,13
5.943278952117238e-05,0.004534814574548649,0.005786123416511946,188.2570343017578,0.014046055666974354,1.7654378414154053,0.0014085047526680998,2.6681888103485107,0.03871793578512331,14,13
3.662132520568027e-05,0.005831909345812376,0.00518346818477421,131.2273576259613,0.0029248863805003407,1.9627206325531006,0.001036209384961096,3.221637725830078,0.014195825564861202,15,13
4.1750569795062924e-05,0.004426440176652718,0.0050913496941545,278.41321635246277,0.0226568097888677,2.0717108249664307,0.0013637834739423415,3.859358787536621,0.031270563294616326,16,13
4.12508903120276e-05,0.006122118585345162,0.003524753686808333,316.1510453224182,0.0023356683030139897,2.305471897125244,0.0009806356646187265,3.274864435195923,0.0312587310584279,17,13
5.363448513770962e-05,0.0026057743707610668,0.0027048779982641927,247.540691614151,0.006809187538419401,1.9740684032440186,0.0012404229147098182,2.8438985347747803,0.03837915810277169,18,13
3.726727320408366e-05,0.0030463790074344013,0.0028452190641569328,312.7398293018341,0.008315034203095784,1.8475258350372314,0.0008144043362016669,2.5291574001312256,0.011836546881794613,19,13
4.917108472522812e-05,0.007510430176686612,0.00419106428474699,288.966068983078,0.009604715132439481,1.9416613578796387,0.0011922565590121142,3.393812894821167,0.023080305525940266,0,14
3.866070991602003e-05,0.004458984710096203,0.0024059667343654285,205.86201763153076,0.007070053671667838,2.488642692565918,0.0005414797959527833,3.7024240493774414,0.014492619558216017,1,14
0.0025875857660576755,0.01635358601975728,0.03819472183175699,214.027898311615,0.0036010928485768106,2.981215715408325,0.0008501960835656531,4.132849931716919,0.01350242944457711,2,14
3.320032273466482e-05,0.006462370024875851,0.0027635948741771914,223.7034046649933,0.004305978677423505,2.18442702293396,0.0018399501144306899,3.3777048587799072,0.022832861933033098,3,14
3.321995276749949e-05,0.004772119800153659,0.001859639994506876,216.75089764595032,0.0035045446043309755,3.0418081283569336,0.0009539608306961174,4.228535890579224,0.011772311932402758,4,14
3.1104228127544686e-05,0.0035942387814692023,0.0032001065564549033,333.3360266685486,0.0019014652507478764,2.9113595485687256,0.0009929931481421391,4.33607292175293,0.025453287535931703,5,14
4.038572662136882e-05,0.010923828355600953,0.00803706556869516,287.3896007537842,0.0032390010057988194,2.4316580295562744,0.0006760122028710542,3.5505266189575195,0.019437704022675535,6,14
0.008013675741385845,0.04372441562070892,0.044678757388302556,332.3395366668701,0.01503078769230089,2.596977710723877,0.0008853500065698496,3.665069103240967,0.017536934977882456,7,14
0.000132223412786974,0.0057348191890837005,0.005321646204914099,331.7885718345642,0.00950488843221918,2.043297290802002,0.0013360489119225928,3.355733633041382,0.07082479174563618,8,14
4.353545923326185e-05,0.0019103034969887407,0.0039989667559575505,388.14717173576355,0.008519636348740848,2.0019872188568115,0.002310829437386842,3.0443544387817383,0.011655514275946683,9,14
5.221377963522876e-05,0.0037809306075602825,0.004155206077953004,163.15348529815674,0.0017719313322227827,3.236088991165161,0.0010282803046163986,4.4862143993377686,0.015559480756043234,10,14
0.00010548913029964766,0.005489123337271341,0.00834979370819201,375.37750267982483,0.006621565445473988,3.576369047164917,0.0010928260313525918,4.751379489898682,0.016821615832303745,11,14
4.417800277483381e-05,0.003935026132059332,0.004625305897788113,187.66945910453796,0.01155362975973922,2.229008913040161,0.0018567901478639087,3.199514627456665,0.025358218532596077,12,14
0.0034568891587146134,0.008520163817767847,0.010307455374235117,202.8486270904541,0.0032081710557337402,2.3548288345336914,0.0010544710299910743,3.751357316970825,0.03024506053085302,13,14
0.009270434376705891,0.014620857829444065,0.044701432413720286,240.94168758392334,0.0044053260253114224,2.071580171585083,0.0013578528721442835,2.8982434272766113,0.025044726398093138,14,14
0.0028500649433949666,0.02542654813266143,0.02256291894409821,316.0907757282257,0.015498934911219757,1.8957886695861816,0.0007028949796378645,2.926020383834839,0.010659531527816556,15,14
4.4117370483550845e-05,0.003867379299809044,0.0025394237894461012,193.67971682548523,0.008719374845534844,1.8901493549346924,0.0007474931410373576,3.4562811851501465,0.023236533547698193,16,14
4.0592725961186016e-05,0.0007999368428963438,0.004966189845715121,224.49925112724304,0.006836999329194603,2.3604068756103516,0.0015006528997014712,3.636651039123535,0.028096215894282333,17,14
4.32249861886682e-05,0.006638795948069661,0.0030597668210142204,215.122572183609,0.008938141447033759,2.378173589706421,0.0009032992038153353,3.354509115219116,0.01073516842843569,18,14
5.7270591827722563e-05,0.0034054317029992287,0.0052135980867902155,337.5500316619873,0.006537880952801172,2.0829317569732666,0.001252238743382137,3.0455379486083984,0.012012958358577778,19,14
5.7227548381814465e-05,0.003115096566815565,0.004637667272608541,396.60519313812256,0.003988399571160099,2.914187431335449,0.0008421215554219474,4.789808511734009,0.03131449060457824,0,15
0.00809904256445342,0.041783937048288186,0.029480691555752243,401.6644837856293,0.00439233141089888,1.9409387111663818,0.001390678001697143,3.610503673553467,0.017753793836905403,1,15
4.07585537534357e-05,0.0023488366423090093,0.0024507577704866537,390.97885751724243,0.0050968390778912305,2.564441680908203,0.0011853879516020324,4.477942705154419,0.00965986748370678,2,15
0.01121631788179629,0.012795983112134469,0.026716110448279796,427.15976095199585,0.013780109408194704,2.3844807147979736,0.001772738357311549,3.702395439147949,0.022887079597886203,3,15
0.006349284816126414,0.0303344216196858,0.03801456230620304,367.18685841560364,0.009824722154488914,2.3804776668548584,0.002935440556356937,3.791583776473999,0.01791489464722064,4,15
3.6044009130430254e-05,0.0022258471446260685,0.004691610863621483,261.15578532218933,0.0012932551654652941,3.5665457248687744,0.0008183604347265664,5.155522108078003,0.02358844889079996,5,15
3.536381879755012e-05,0.0028633452680316375,0.00709472928819108,393.39856481552124,0.0061662835834179735,2.3622164726257324,0.0005847603620896363,3.5587618350982666,0.015284449158763081,6,15
0.011368864440571008,0.010392147782916982,0.016279486924868955,186.39106035232544,0.008038709548185393,2.277533531188965,0.0009185033223572855,3.9164116382598877,0.019416522851948042,7,15
5.387308565710915e-05,0.0033420017270881174,0.0027384543310444826,330.0498471260071,0.010300132417912063,2.1957266330718994,0.0009524904090337842,3.4861137866973877,0.05369470687963552,8,15
3.8957391422939694e-05,0.004245861898109698,0.003374603444655633,289.8356280326843,0.0019520239143532437,3.056224822998047,0.0007248506150991905,4.24584698677063,0.011329134931632205,9,15
0.00075510823184663,0.017442613225415855,0.04617693957744565,240.147141456604,0.006496515816151541,2.1253936290740967,0.000966377657140612,4.006481647491455,0.011508614728974069,10,15
5.046971909540659e-05,0.002582512172682646,0.0039939425040561765,187.04169154167175,0.008265156036827575,3.013139247894287,0.0014089142715736015,4.788073778152466,0.016276978018392885,11,15
5.0403427706221146e-05,0.005004932157483378,0.0028610113596868885,331.4567997455597,0.006915567600572172,2.4103455543518066,0.0008075285816377237,4.269329309463501,0.019699628280824683,12,15
0.007980574111308984,0.011674339244803465,0.022375094649849568,396.12785959243774,0.008495515878121378,2.5141890048980713,0.0017430424555874978,4.23277735710144,0.018930091895949,13,15
0.03081132336115451,0.0031157144734443717,0.002585701169316179,379.3991780281067,0.014124949578576998,1.8409528732299805,0.0020755032246344484,3.171921968460083,0.03866034315384556,14,15
3.138278134484393e-05,0.0032023984460662408,0.004365401853388845,345.9212656021118,0.0024977143913167232,2.6340436935424805,0.0008930175055871879,3.8852169513702393,0.013763337535318389,15,15
3.759680762247037e-05,0.005741306202765075,0.002501811065528131,260.2153511047363,0.011609497197135634,2.6822190284729004,0.0010498454849201754,4.014512538909912,0.03997074018626154,16,15
0.0009273479134019534,0.02303256561632005,0.03306796486118736,290.00701689720154,0.008362827643565626,1.8762085437774658,0.0012235258141549514,3.272650718688965,0.021955401737133517,17,15
3.6141958174589705e-05,0.005348241055212751,0.0030725406958323122,378.0915880203247,0.007138568861437359,2.2970242500305176,0.0005667187702131778,3.4225895404815674,0.036219617217885317,18,15
0.001591498441370969,0.02473244275896267,0.028871950861018413,210.20833206176758,0.013900572667575686,2.421541690826416,0.0006532823332385239,3.9370715618133545,0.010508746830289255,19,15
5.092051259843651e-05,0.00224130821902944,0.005540023840486397,239.24945330619812,0.003152901371060425,2.788304090499878,0.000844520786949449,4.21254563331604,0.024839135691473717,0,16
6.628744046960344e-05,0.0032834077117772456,0.005191628594395716,405.2672743797302,0.003742818869769182,2.813023090362549,0.0008501019599192911,4.102627277374268,0.01532959500006343,1,16
0.007700203739021805,0.015103252926077457,0.01875038073652397,392.8214838504791,0.003690630544509801,2.702608823776245,0.001104706150474588,3.8888227939605713,0.00894119095379305,2,16
0.00031977879975701495,0.007609020244565205,0.004971497702356081,311.79966831207275,0.008077412211872411,2.567260980606079,0.0021082924294238345,4.325579404830933,0.03553051362749867,3,16
0.003237564190625179,0.024610684922741478,0.033808808403381,402.0083122253418,0.006469127441933148,2.349443197250366,0.0016690675140262506,4.557766675949097,0.013292349861777075,4,16
0.0002763913511496565,0.004606338039196588,0.006024014664506229,411.4324908256531,0.007793492445749213,3.969674825668335,0.0009292185216910377,5.366386890411377,0.020075874858403047,5,16
3.41890040489017e-05,0.0017158385343897613,0.0021511639655506,208.60765171051025,0.006915605559704068,2.194842576980591,0.0005608044404728414,3.9283719062805176,0.016533234487938538,6,16
0.0021194287442458594,0.02248769183576226,0.037271285156030586,152.37891960144043,0.01065999994238149,3.0942232608795166,0.0015152808816426902,4.231393337249756,0.014695120326319297,7,16
3.196627444169292e-05,0.0030356406990833993,0.0025143817600438477,267.8817629814148,0.01044137830272841,2.5620148181915283,0.0007279716092559174,4.396944999694824,0.045396741927539855,8,16
3.48905351388896e-05,0.0034882174930078724,0.004704862297194988,348.55456948280334,0.01172196363372079,2.896711826324463,0.002028496828787786,4.6690239906311035,0.011186730312295954,9,16
3.902578569614512e-05,0.006016634311163597,0.004795229679494309,375.186048746109,0.010713581809996748,2.5655524730682373,0.00107367619212375,4.780471086502075,0.03208709673647648,10,16
0.0003264285369195541,0.006777123163075512,0.004656988200253081,440.99084186553955,0.006551140291526572,2.8042526245117188,0.0010238461590642983,5.334580659866333,0.028717024131909477,11,16
4.875085876453189e-05,0.0032273176368340837,0.004480734819628664,332.7614071369171,0.007320226732633351,3.229888916015625,0.0008151155114607723,4.701483964920044,0.022790799493063604,12,16
4.816608930569705e-05,0.0026533463086321394,0.0034806430685434754,262.41947531700134,0.009574917984484186,2.915097951889038,0.001169311860212981,4.80068826675415,0.02146582591763878,13,16
5.34083815968885e-05,0.002695982748945299,0.003915544701100796,221.9357361793518,0.010181568953666814,1.9918320178985596,0.0010554756539212554,3.413727045059204,0.03297659075231903,14,16
4.0686043900797775e-05,0.0058365917941657075,0.0050264271241654175,440.0195894241333,0.005540817680540773,2.297044038772583,0.00289466243503491,3.6749486923217773,0.01135956216403588,15,16
0.00048673183904747225,0.00841148862873728,0.002545036732373003,464.5795156955719,0.010074634662066201,2.594874858856201,0.0012247285263534574,4.137155532836914,0.04628523362573226,16,16
4.068237244864621e-05,0.004862777784713279,0.0031032874370399387,388.6198937892914,0.01610190130461495,2.0095622539520264,0.0008649937224862251,3.4372897148132324,0.04443562589756447,17,16
5.232068622233049e-05,0.003658739050766561,0.003315411020873923,302.06998348236084,0.003355049643348623,2.71983003616333,0.0010807588212301568,3.6363039016723633,0.017107711833586295,18,16
3.373767346122325e-05,0.0041746669579874884,0.003996036503198815,330.1069221496582,0.006931551687104,2.1992905139923096,0.0007678685227765908,3.565462827682495,0.01018906151454808,19,16
4.6341395165485155e-05,0.0015392623590369144,0.003953189256263638,469.63355445861816,0.002943687830951305,3.313288450241089,0.0009923632221420212,5.763022422790527,0.02352704886310249,0,17
4.584816218323283e-05,0.0028625753645175186,0.004298211071275484,465.52053236961365,0.0035972455172625472,3.0238637924194336,0.0011465747159818244,4.84633207321167,0.02243323106534241,1,17
0.003991162386371232,0.037121084847018204,0.010996890085392097,383.4750301837921,0.006630637495701229,2.91317081451416,0.0011659384458012644,4.687323093414307,0.01101737038104006,2,17
4.755108901426952e-05,0.0038763569019933963,0.002887760230279526,460.08530735969543,0.006768068052449472,2.9954895973205566,0.0016825363500796657,5.1116392612457275,0.019934780980142043,3,17
3.2886695105356666e-05,0.003889519289399791,0.003371530828181937,286.35621428489685,0.004953632455936753,3.6682474613189697,0.0009678134290725838,4.648782730102539,0.014373602819513684,4,17
0.007168799463336128,0.006340926574659299,0.00732592702313617,472.1388347148895,0.003941819226792935,4.413142681121826,0.0009137461791370305,6.924882888793945,0.022821470270742463,5,17
3.654758752478053e-05,0.0007853750065388423,0.003652797380185584,284.0179262161255,0.0073849218293607875,2.272052764892578,0.0008579011274414383,4.006528377532959,0.014656641990371583,6,17
0.00766811509043393,0.0030775028255642543,0.007487515076306296,291.3814175128937,0.0011803912414597743,3.27121901512146,0.0007108467494466172,4.523849010467529,0.019969399070009428,7,17
0.006599477660983531,0.008318913113015775,0.012163611063160763,421.31220865249634,0.004079019627670482,3.6466968059539795,0.000543093609956054,5.423027038574219,0.02888343747877572,8,17
3.833852279485258e-05,0.005247543024995067,0.003141113514757824,228.39780163764954,0.002216800975745555,2.872579336166382,0.000854816068284647,4.495084285736084,0.013559192778748605,9,17
4.5945433872898785e-05,0.0078068753994652886,0.004412118011641724,404.23685598373413,0.005322345750668123,3.9185709953308105,0.0006811408309963018,5.402807235717773,0.01148033795731647,10,17
0.005256977014773912,0.0369320175203661,0.053290983647635314,471.18288493156433,0.009473307845927202,3.3241450786590576,0.0016296495115770996,5.60547947883606,0.0391414500826708,11,17
4.2717842541499924e-05,0.006296729379964292,0.003758818224845045,373.8392515182495,0.00872133032128615,2.8243887424468994,0.001032174544357521,4.135009288787842,0.018075189805353924,12,17
3.7603751089220664e-05,0.0038687199324314607,0.0030975033289764764,420.1533341407776,0.003128306795659056,3.3410580158233643,0.0007159041607892559,5.344330787658691,0.03544123000977458,13,17
4.261446063010451e-05,0.00401113512270263,0.003551866195860443,341.39851689338684,0.008318889037006096,2.3453927040100098,0.0016828827755309172,3.845546007156372,0.04121669775245368,14,17
4.35912326549081e-05,0.004621101010295134,0.004489042833350219,203.72549033164978,0.010726839625076444,2.448941230773926,0.0013520437902603505,4.191649913787842,0.00806883343763584,15,17
3.9359670192418143e-05,0.0014347318108018229,0.0024957892449375455,469.21139883995056,0.008659032461104733,3.2987658977508545,0.0008471933453601455,5.249506711959839,0.03587025115106178,16,17
4.883044782513398e-05,0.0027721754704209483,0.004170569543567707,339.9377613067627,0.007302050619087082,2.827733039855957,0.0014530318192916248,4.405362844467163,0.01749008220425217,17,17
4.159818435849904e-05,0.0034456698530679624,0.003074770504403688,352.83432149887085,0.008102580641691632,2.4286766052246094,0.0010151470439225512,4.008738279342651,0.015333778369384576,18,17
3.8018824699036954e-05,0.004486799552981269,0.0029614903388081536,329.3638596534729,0.005303980695601944,2.4964473247528076,0.0007354095191641981,3.9999117851257324,0.011059130392143743,19,17
4.793076452057704e-05,0.0058282005666021675,0.004383687529090895,397.6081895828247,0.011780772114185684,3.13045334815979,0.0012638153631509142,4.963810443878174,0.019735034151677294,0,18
4.1053464879041385e-05,0.002804242218166162,0.0021336038303255036,422.1365177631378,0.0027177715215574005,4.142643690109253,0.0008755000231817551,5.53887939453125,0.017873993284162153,1,18
6.976698295198102e-05,0.003170736335599245,0.004161643948057922,516.5150938034058,0.005933592008484371,2.8191161155700684,0.0014772895763187407,4.6824681758880615,0.01516986211776683,2,18
4.3844037594744885e-05,0.003161179244774178,0.005083216873547279,320.9549160003662,0.003954178140336457,3.036102771759033,0.0015537117782785785,4.61502480506897,0.028234449215418463,3,18
3.540219993035747e-05,0.0017898324212867313,0.0028329020283994655,532.0703492164612,0.014210588538254243,2.761260509490967,0.00295748165859714,4.7782347202301025,0.017594840019229098,4,18
3.497411735190017e-05,0.00639928627719702,0.0030423778515266298,372.6892240047455,0.008539464921483648,3.820162534713745,0.0010264790849988928,6.165436744689941,0.02102663440487256,5,18
4.08461035448905e-05,0.00298971109665578,0.0032300234004251725,523.666880607605,0.013640761586315818,2.129934549331665,0.000740865420497649,4.424281358718872,0.0176709815949472,6,18
3.693537003439744e-05,0.006022660252109279,0.005658552907207443,402.0605356693268,0.0058490061446535855,3.7294881343841553,0.0009970037980926952,6.118737459182739,0.017659393568414092,7,18
4.295790474901835e-05,0.006074721076880891,0.00459202004411475,541.9940602779388,0.01143356885950287,2.7650673389434814,0.000816170561000315,5.336063623428345,0.034752122331883954,8,18
3.6875252811633764e-05,0.0025476365333748844,0.00457972539083674,403.6906154155731,0.012656116148006293,2.578328847885132,0.0012219762268786672,5.403619050979614,0.011442381058561988,9,18
4.379425519902475e-05,0.0017187618443325265,0.004503654936089099,315.6665666103363,0.00314054230417759,3.05627703666687,0.0014022196759299406,4.510563373565674,0.014602938467712549,10,18
0.004758739319609762,0.022542244192412863,0.02948945333628517,496.68859004974365,0.009948860309903489,3.9954895973205566,0.0008763741291109203,6.652963161468506,0.015569076687681658,11,18
3.597621660570386e-05,0.006567372056360048,0.0018781272997877643,474.2258596420288,0.007769074794703452,3.3930888175964355,0.0006074106036106343,5.29770302772522,0.015020815671995027,12,18
5.010206936932964e-05,0.003274209265003876,0.004053562052060185,342.69385504722595,0.004566371942353509,3.2349889278411865,0.0006558994406165278,5.584671497344971,0.02132524159377466,13,18
3.4339055688587996e-05,0.006417845751044344,0.002495187228633467,515.1578056812286,0.008314549397289444,3.3353383541107178,0.0014304923572398915,4.240502595901489,0.02489809799752185,14,18
0.014375487906682713,0.012849268076197589,0.013932463421546883,432.91282415390015,0.0024846509684406243,2.873722553253174,0.0008045311456448472,4.144009590148926,0.008919721882947868,15,18
4.232907721287129e-05,0.004860856911451924,0.003969421417392136,355.3574638366699,0.014725540224508572,2.9594526290893555,0.0016092193226702684,4.583699703216553,0.03027923194086097,16,18
4.937482987242713e-05,0.004002614285799745,0.002885357436367941,332.9944236278534,0.0068460263424986656,2.8149681091308594,0.001419938687572504,4.092739820480347,0.017731475848247153,17,18
0.016709878102499368,0.00699296273854404,0.0047151080138337865,325.425341129303,0.010020122383255704,2.9506280422210693,0.0009148752315602197,4.251104116439819,0.03763043791411014,18,18
3.8301594278219074e-05,0.0062015143677837566,0.004349416778820784,527.414788722992,0.005465948153993843,3.0042922496795654,0.0005465029560959844,4.442702054977417,0.010550862344958485,19,18
6.121838192067278e-05,0.005783984766477097,0.004417099906302392,489.5204849243164,0.004561817636294571,4.35324501991272,0.00124716940827935,6.523387432098389,0.0293834806800008,0,19
4.273134198682049e-05,0.003883160381223751,0.005096415746204908,588.6103019714355,0.0036174066388443803,2.6641554832458496,0.0009230709100492082,4.5798492431640625,0.015615208778319721,1,19
3.9219074924672395e-05,0.006804658633463758,0.0032562203481170484,618.2054281234741,0.006030189376550863,2.643118381500244,0.0012854398786022604,4.7062952518463135,0.013118121130513664,2,19
0.0004286206641099916,0.0059519310311751655,0.00451827235307101,604.5626983642578,0.009145123728276045,2.4691154956817627,0.0017542423494343552,4.434739112854004,0.027954109554774748,3,19
2.8576912731499974e-05,0.0018729742533820492,0.0048066107846406175,404.98787546157837,0.008092702161063711,3.136624574661255,0.002998394288908665,4.976834535598755,0.017807652956089062,4,19
0.004393200553303853,0.020022327168860127,0.011255712266789989,344.3337881565094,0.005323191817853038,3.8940067291259766,0.0007282635461628557,6.491766691207886,0.022323737974691206,5,19
2.9597505343773766e-05,0.0024121572285915136,0.0038086069939854954,471.2176287174225,0.004593730096166376,2.9008779525756836,0.0007154111768343154,4.514178037643433,0.014684532235291524,6,19
3.96935364843136e-05,0.005713010264011054,0.004148997057944986,420.90633964538574,0.006035924223182038,2.6135106086730957,0.0007069123652550963,4.675915002822876,0.025386328996751036,7,19
4.64829273824094e-05,0.004308670787185128,0.005028914387603321,273.56170129776,0.0023473278120118334,2.775212049484253,0.0006499055045316691,4.663524866104126,0.042995514333687715,8,19
4.975367432132913e-05,0.004971152566124958,0.005488185842879341,468.35787558555603,0.007515534604100218,2.370281457901001,0.001335066303164242,4.095187425613403,0.016387890887250834,9,19
3.7213151159465917e-05,0.0025001929336788513,0.0038250719401635024,214.67021894454956,0.007134622003124926,2.9497625827789307,0.001184217735772046,4.651149272918701,0.01341283703843564,10,19
0.003133460121875162,0.05258536561715518,0.052385915561721744,456.413592338562,0.008157131258690838,3.8958001136779785,0.0008999388679208743,5.598275184631348,0.018643514189388654,11,19
4.190961408038967e-05,0.0034856075287272937,0.0038494108995975264,474.6290910243988,0.0039126637372095445,2.4574267864227295,0.0008239806506840008,3.943558692932129,0.020705126599795665,12,19
0.0030675372329704562,0.02887529823729452,0.039534951025648565,454.026624917984,0.004583079251972084,2.582700729370117,0.0007684679724648365,4.518651008605957,0.04543119660552385,13,19
4.67914412196507e-05,0.006496246040763341,0.0026360483228900816,381.0473508834839,0.0075814430298114695,2.140843152999878,0.0013187741505006172,3.9371259212493896,0.032205741636519444,14,19
0.009194226622560137,0.008673925301675663,0.0333816196200596,437.99578499794006,0.007259585875070967,2.2994606494903564,0.0012825263365340484,3.5175247192382812,0.012420399385819262,15,19
0.004001208961444432,0.028452583562526453,0.008688748884785512,441.00719165802,0.012198773832006215,2.670557975769043,0.0007211301873334468,4.349156379699707,0.02458438726156393,16,19
4.0638025943811674e-05,0.0021973248745943536,0.002815070224240681,379.0528998374939,0.004302658333211397,2.7289538383483887,0.0010521821410288076,3.8796048164367676,0.02093433096916865,17,19
0.0018662678959555118,0.005926431413888968,0.0335979398609678,415.7783639431,0.004574632866826542,2.933676242828369,0.0015260414228974103,3.8862192630767822,0.03872415710633428,18,19
0.0036151322540199115,0.012788597611555343,0.013171630587003443,421.98013854026794,0.007713229931815643,2.399087905883789,0.0005444891258401627,4.004229307174683,0.011045244911543713,19,19
3.5169084085876853e-05,0.006334943028514302,0.005221809153947119,347.30190086364746,0.004976387184300031,2.8221826553344727,0.0016899185497263845,3.8987057209014893,0.02420876199017453,0,20
3.9940778539761705e-05,0.005390736393047472,0.0035191341305577718,279.948397397995,0.007308983997943166,2.5758216381073,0.0009230986532974533,4.479919910430908,0.018206674404911097,1,20
0.002478075996855748,0.03699661743575686,0.008939037978460553,249.16411590576172,0.0091209332944563,2.8621935844421387,0.0013621013461346421,4.668622732162476,0.009613258258654712,2,20
3.243982617154491e-05,0.00459792359472541,0.00643220299894671,299.5420458316803,0.007147735432859197,2.1063060760498047,0.001041776631263282,3.647461175918579,0.02329735816641196,3,20
0.00116022154232396,0.026030482345941217,0.014813862699688792,221.28584933280945,0.007365733098542342,2.5498831272125244,0.0017653309038779964,3.8886125087738037,0.010725436011317747,4,20
0.01093384136377388,0.003819299290175689,0.0059393344443829784,449.1409511566162,0.004758603614866867,3.951089859008789,0.0011993458922726222,5.1749701499938965,0.017941420828200418,5,20
3.048891990411103e-05,0.0009396808337382619,0.002926117215940141,428.8717215061188,0.0030030540815718042,2.3846354484558105,0.0005655721630105119,4.362571716308594,0.014156141303732836,6,20
4.1157113093859275e-05,0.00781306448514003,0.00577088523718293,304.6925039291382,0.005007890128493159,2.714221239089966,0.0007364033399956154,4.518294334411621,0.01975967565357807,7,20
3.940580694924422e-05,0.006208903424954563,0.0066147105411490745,378.13136196136475,0.006410659159384308,2.428720474243164,0.0006602595330155226,4.410419464111328,0.029816938326045445,8,20
6.323545368027519e-05,0.004362312708374631,0.004883269811116836,381.0076103210449,0.003222090967277595,2.922661304473877,0.0007530406746067289,4.17474102973938,0.01234390538269661,9,20
4.552237582788147e-05,0.004677853860404661,0.004349980036492202,157.9941463470459,0.002911841907670466,2.717987060546875,0.0006394798957478113,5.08979344367981,0.01573990106026125,10,20
3.2426589429951365e-05,0.004783536947086323,0.004750802753704434,288.41727113723755,0.009121532556198148,2.7756476402282715,0.0012114960523111153,5.134429454803467,0.015645041202000474,11,20
0.030623498594393256,0.007701247166058459,0.0060544176043009325,431.10031294822693,0.004791779541463613,2.533154249191284,0.0006031705042604104,4.283138275146484,0.0167175263365927,12,20
3.0375602998494734e-05,0.0037757793671946796,0.0046336717521426605,293.344642162323,0.009821252416363745,2.298522710800171,0.000934380007879254,4.772212505340576,0.028344310578225625,13,20
4.8355105970306525e-05,0.0035177435622922417,0.0029423788884231136,194.20177602767944,0.010130157101903263,3.0413970947265625,0.0010915845525383994,4.188431978225708,0.03810653408545194,14,20
0.001297968071397284,0.00516132383601106,0.004285762787528277,412.06409072875977,0.012513034766583697,2.5567328929901123,0.0009455189972307524,3.7699472904205322,0.012440972078899961,15,20
5.414208703802086e-05,0.0052620973366648725,0.003512320828474614,369.18285489082336,0.009836013384407885,2.4183390140533447,0.0014489335460824426,4.046537399291992,0.026877294678575258,16,20
0.0055205780089927995,0.008677911934235357,0.028795516424962787,378.2174835205078,0.008769580816772813,2.2428605556488037,0.0012636918317196822,3.8362033367156982,0.02685956597170026,17,20
4.8054134855707314e-05,0.004195067442021302,0.0036294443292024443,372.9171016216278,0.010771235897564868,1.7629833221435547,0.0010178070895332588,3.311102867126465,0.042193221648835266,18,20
3.4082354006509386e-05,0.0021717492729649585,0.0017256662947214983,419.7872176170349,0.005014305169769654,2.023979902267456,0.0005452815983653529,3.0336923599243164,0.009011994083331533,19,20
