Amari LBFGSB,Dilations error LBFGSB,Shifts error LBFGSB,Time LBFGSB,Amari MVICAD,Time MVICAD,Amari MVICAD ext,Time MVICAD ext,Amari permica,random_state,m
0.0016059229806435111,0.0056276659838289484,0.018017390140370976,20.10941219329834,0.005565707202728846,0.27279090881347656,0.005565707202728846,0.3231630325317383,0.06780699805095997,0,2
0.0004658381571146323,0.008576935080866432,0.014950077967242617,20.667003631591797,0.0015368204524133604,0.2754073143005371,0.002114027358427843,0.3409707546234131,0.011024417821274243,1,2
0.0002451296671026245,0.018959202856714166,0.005903298536021574,44.15663957595825,0.001529273399946105,0.581221342086792,0.0014299869548712874,0.741340160369873,0.02364080559247407,0,3
0.00014449980251269375,0.017771194825014547,0.006400099768770006,57.18324589729309,0.0018295490246783442,0.47332000732421875,0.0005081855238698493,0.6799759864807129,0.020692219326910642,1,3
0.0003115847405608755,0.009463105539132913,0.007287973570914629,70.48977136611938,0.004643105767397644,0.7133185863494873,0.0022869468004038107,0.8947310447692871,0.052535587545392594,0,4
0.0001825668707480151,0.009260832946847394,0.005253845702481413,74.99398517608643,0.007100631055497492,0.7224841117858887,0.0012616084650193538,0.9456796646118164,0.015478821530502784,1,4
0.00022965876528836896,0.01659523866770757,0.006442277667991766,94.47816300392151,0.005078089110246068,0.8532965183258057,0.001465631269262039,1.1824543476104736,0.028754958946226296,0,5
8.968064525984864e-05,0.011238534507978227,0.008942365449139907,94.42631411552429,0.010534390840823962,0.6123661994934082,0.001590951776734547,1.0310420989990234,0.031155152916195028,1,5
0.00011487703082951883,0.014151836355973883,0.008729872321756453,95.07248115539551,0.003004322135796316,1.1442978382110596,0.0006455164022081559,1.5655078887939453,0.03981951186335919,0,6
0.002090010344243726,0.010068109776757206,0.009365193562170698,105.39252829551697,0.002390227616767499,1.2921006679534912,0.0008012428680564768,1.58673095703125,0.012384018213990189,1,6
7.118194628248047e-05,0.008339721122388979,0.003459199247132698,118.87721872329712,0.013479317328239121,1.1714670658111572,0.0009137235629310839,2.0076217651367188,0.02835965212566796,0,7
0.056472759698710406,0.015314057836969042,0.009321751516832058,140.17873668670654,0.0015508206946550428,1.1526191234588623,0.0005014373834913883,1.7154862880706787,0.016567388871913627,1,7
0.00025260877409454446,0.005875943207478936,0.004255503423662832,136.64209055900574,0.006878545243988565,1.472346305847168,0.0020863267012906873,2.3461954593658447,0.03449768018617566,0,8
0.007373714254771906,0.00378629187042534,0.009501038622029662,150.69624829292297,0.008751235382081784,1.3281490802764893,0.0024271803556954004,1.8724770545959473,0.049593815253529155,1,8
0.00022884971425394005,0.01847510802737666,0.0113532039546247,178.7500286102295,0.006602627617326744,2.081430196762085,0.0007729581201972951,3.1403653621673584,0.02305854889813497,0,9
3.63767821376864e-05,0.0006809819370339034,0.0014650464661473185,191.52981162071228,0.0017777710236534948,1.7845704555511475,0.0008963985313638725,2.3368966579437256,0.01586706638508752,1,9
0.0009446437310012306,0.008033172318361877,0.006800124656273112,189.82289958000183,0.004008888529801009,1.5724287033081055,0.0004965959239723318,2.857421636581421,0.021491247017648367,0,10
0.017665029992961653,0.008977804826233242,0.00870675108771962,212.95843887329102,0.003996683586449786,1.9498374462127686,0.0009928386700320297,2.528353214263916,0.017136810525111956,1,10
6.935715086536955e-05,0.0077380527208715634,0.0056423455036042555,221.17820048332214,0.004548496382547746,2.769124984741211,0.0010489333926234836,3.679837703704834,0.020332273217148467,0,11
4.941662849097553e-05,0.007456596212408482,0.005968713381150908,200.26812744140625,0.0017477186908867494,2.4484245777130127,0.00033702724961545444,3.645796060562134,0.013054814286599875,1,11
0.012007346317076088,0.02793008086665769,0.04066503366346163,267.76756501197815,0.002565581623770593,2.4045088291168213,0.000764645304243981,3.0507023334503174,0.03014957776390807,0,12
5.1690463043917325e-05,0.0035258206452507424,0.003160623359626483,276.74985933303833,0.0055519407735725515,2.0135698318481445,0.0016638994967308844,2.958036184310913,0.013163754785140591,1,12
4.6833416274165824e-05,0.00512421505242644,0.0042161772874928765,348.18936371803284,0.005136173736350737,3.353440999984741,0.0005179827759539117,4.222580194473267,0.024148090484428383,0,13
0.00010726602501105067,0.0037359783980512305,0.005456152024861781,346.83372688293457,0.005932069463798507,2.3560781478881836,0.001270568340211462,3.614943027496338,0.055463226632236205,1,13
0.012168685013269384,0.02452399819719657,0.058167326882474384,385.4951844215393,0.009604715132439481,2.217456102371216,0.0011922565590121064,3.852235794067383,0.02308030551107538,0,14
0.00018502222796835612,0.00812149218486659,0.004222460965128099,438.25849294662476,0.007070053671667821,3.1579794883728027,0.0005414797959527781,4.6086585521698,0.01449261954619942,1,14
0.012503242579235583,0.01992113251936362,0.021332724094541265,445.3010194301605,0.0039883995711601115,2.907825231552124,0.0008421215554219448,4.5180113315582275,0.031314490620404,0,15
0.01487523034535107,0.003536299970479304,0.006769710514839624,438.2088861465454,0.004392331410898799,2.0406410694122314,0.0013906780016971164,3.602201461791992,0.017753793840354196,1,15
8.675867243532198e-05,0.007182510830299933,0.003573055958676697,385.2999155521393,0.0031529013710606354,2.9683618545532227,0.0008445207869494213,4.367314100265503,0.024839135686303273,0,16
0.0293068293104477,0.004024653376427906,0.005840498292832831,435.67851638793945,0.0037428188697691918,3.7572569847106934,0.0008501019599193167,5.4633002281188965,0.0153295950151245,1,16
0.013705954525267936,0.004007434747777523,0.007691321615261748,545.9308593273163,0.002943687830951301,2.9715089797973633,0.0009923632221420166,5.375289440155029,0.0235270488540576,0,17
0.0052840528369678015,0.004598546583743065,0.005994626633055106,552.7692232131958,0.0035972455172625446,2.653444766998291,0.001146574715981796,4.263134241104126,0.022433231107464,1,17
0.00043545512857722933,0.014741156659166586,0.012212971140522062,552.2088069915771,0.011780772114185725,2.765000104904175,0.0012638153631509145,4.584900379180908,0.019735034150431756,0,18
0.008711165102931104,0.04181838478171881,0.022459853086373417,594.3999872207642,0.0027177715215573905,4.882342576980591,0.0008755000231817593,6.335790395736694,0.017873993278916638,1,18
0.0004233206741802993,0.010463521042850707,0.010382911166918479,644.128345489502,0.004561817636294563,4.691697835922241,0.001247169408279323,7.082935094833374,0.02938348063892546,0,19
0.01995384096520021,0.030535737304738186,0.022084078428121934,635.4806797504425,0.003617406638844378,3.5353522300720215,0.000923070910049177,6.187414884567261,0.015615208785268227,1,19
0.008759914383232658,0.03337437403336451,0.016036088807428663,618.9310429096222,0.004976387184300061,3.7122206687927246,0.0016899185497263624,5.124171733856201,0.024208761985946542,0,20
0.011836393588729902,0.007286636659044358,0.032390933304197254,626.0287089347839,0.007308983997943039,3.369062900543213,0.0009230986532974587,5.617921590805054,0.01820667440507928,1,20
