Amari LBFGSB,Dilations error LBFGSB,Shifts error LBFGSB,Time LBFGSB,Amari MVICAD,Time MVICAD,Amari MVICAD ext,Time MVICAD ext,Amari permica,random_state,noise_data
3.227422920924668e-05,0.01706703123232994,0.006607659838990045,48.379249572753906,0.004915556097420322,0.6048636436462402,0.0013756729393757494,0.8636984825134277,0.027051068334523132,0,0.001
1.231080345882596e-05,0.01291680984844712,0.005497003154960202,46.43408203125,0.01150716578905291,0.3564574718475342,0.0013004627513611533,0.7314126491546631,0.03203739814294247,1,0.001
6.731417982755634e-05,0.014491800403775052,0.0030855749230893643,47.88754081726074,0.001826114573243709,0.8293988704681396,0.0011829852334253638,1.0076324939727783,0.01010476396789993,2,0.001
0.0001907191337320831,0.010861808707146902,0.00443718330652769,47.372063398361206,0.010180612172291737,0.516150951385498,0.0033818073750912247,0.7495684623718262,0.014576310423915953,3,0.001
1.7525035341914297e-05,0.017903840706573842,0.005683833647629351,43.0876784324646,0.0057793194262425905,0.5548462867736816,0.002171095137079678,0.7400903701782227,0.011089328137820199,4,0.001
1.2988927935494074e-05,0.009095566015655799,0.006382098915514488,46.22503471374512,0.001977578287116718,0.8888170719146729,0.0010056257692579043,1.103410243988037,0.023490032194705072,5,0.001
2.2534646947739807e-05,0.010751973606032224,0.006904097001200856,46.111671447753906,0.0026245082193911457,0.8098914623260498,0.0006005841035880829,1.2827060222625732,0.017970143468032544,6,0.001
2.2070421614928114e-05,0.011617486471575945,0.02072626175141896,47.48757219314575,0.005552294806277605,0.4340705871582031,0.001632393552181477,0.953087568283081,0.01842405369267463,7,0.001
4.4610373930250216e-05,0.006817184436236978,0.008596557558241241,43.50780391693115,0.01276186426956299,0.6188936233520508,0.0011451465233897507,0.8550915718078613,0.0941872940660643,8,0.001
3.73756370156834e-05,0.013978515252763361,0.006935907953464665,45.884872913360596,0.003642104018531089,0.44181346893310547,0.0011065125952225865,0.6888675689697266,0.0122118498988397,9,0.001
5.294528420462333e-05,0.007788763446249577,0.008844808320248856,44.85525345802307,0.0005727332292077002,0.7537574768066406,0.0004234302804379494,1.0333938598632812,0.013975605714430484,10,0.001
3.4484382572156724e-05,0.007481038806704217,0.007370108197490848,47.506430864334106,0.0022229921266935975,0.6786291599273682,0.0011821462908503315,1.1814072132110596,0.017722727511536383,11,0.001
0.06875160679042508,0.021015431874062608,0.03248775441100205,42.706698179244995,0.006403543660556331,0.6691467761993408,0.000610490602493378,0.9185512065887451,0.01619350520585944,12,0.001
0.007742047526149207,0.012818800339295174,0.009145076652420947,22.219659328460693,0.0013457617187611957,0.7168006896972656,0.0018377601362975355,0.9263741970062256,0.025308841976456414,13,0.001
7.193482675014924e-05,0.003997914099470753,0.007926017042755265,44.56636118888855,0.012099535464206872,0.4781777858734131,0.003373372587439268,0.6595311164855957,0.07675910366809872,14,0.001
0.0006943719426330504,0.010297572305181735,0.00952321324811622,45.75788354873657,0.001926980703591304,0.6300365924835205,0.0008077069707333129,0.8356859683990479,0.010836975561142884,15,0.001
0.001383997004386376,0.024614823351742268,0.028475528905316173,46.39349722862244,0.0011812356532088825,0.7279388904571533,0.00114008049919175,0.9216299057006836,0.03077175935742373,16,0.001
5.5371882278421046e-05,0.012828536214892624,0.0065768800256854965,42.46579337120056,0.0011457399149760183,0.5204436779022217,0.0011737065223357418,0.7156946659088135,0.021450617695587856,17,0.001
3.5972969787375256e-05,0.012714287393701085,0.009043921004037326,44.86242127418518,0.0011347102156456326,0.5545158386230469,0.0012008172035360123,0.7790191173553467,0.02489919966541411,18,0.001
2.1817298813224064e-05,0.009214434979518949,0.006857251442053657,45.305715799331665,0.0038187976718325146,0.5313034057617188,0.0015689533511717459,0.6883413791656494,0.011338102900797464,19,0.001
0.007810188509111142,0.007640608267734598,0.00532571401823194,45.32646989822388,0.0019290034509335196,0.6536900997161865,0.0009051691579852267,0.9099216461181641,0.010437049983636038,20,0.001
0.00032470947375139815,0.012160869522566712,0.008600558531244142,42.76500964164734,0.0023374454524790478,0.5499989986419678,0.0009346242787872253,1.1487886905670166,0.011785307252638533,21,0.001
0.017722780720264432,0.00923885056263778,0.005441902681901571,44.50291347503662,0.002519136378255345,0.7907359600067139,0.0008209051687022722,1.0555071830749512,0.021977205525064165,22,0.001
7.892859474308475e-05,0.005805567028302831,0.00291987274679191,45.95738887786865,0.0014001452366787588,1.3417093753814697,0.001419172441211547,1.8980352878570557,0.015280460159198987,23,0.001
2.396940663803952e-05,0.013621856946751502,0.0045908121192068125,45.549652338027954,0.00560424012138021,0.6345107555389404,0.0007937773565883877,0.8473331928253174,0.0055602010160446785,24,0.001
5.1291450525181595e-05,0.005406588057772647,0.012963536784746032,42.326284885406494,0.017487055002414032,0.4848904609680176,0.0014461311319053703,0.7312071323394775,0.04283889929429216,25,0.001
0.027501120979432397,0.01509845469286321,0.0046234755979672115,45.34181809425354,0.005437257566208439,0.9408645629882812,0.0011855383672652558,1.2553400993347168,0.0213220822889714,26,0.001
5.71045062689457e-05,0.006746887495724341,0.004615767973678833,46.07930517196655,0.010461621763406348,0.7435939311981201,0.0013684575417032495,0.9727041721343994,0.07962999932977438,27,0.001
1.303112499599172e-05,0.008948740876850832,0.005463256915226931,44.829394817352295,0.001742201968542282,0.7815907001495361,0.001742201968542282,1.029667854309082,0.020331345452851,28,0.001
8.417750103362208e-06,0.00891632374150205,0.010874925475658626,43.219797134399414,0.002527347852559355,0.5940594673156738,0.0007411952217096784,0.7768955230712891,0.01761641650373455,29,0.001
7.33420189077849e-05,0.0168832418645982,0.0024904163841552316,45.18985319137573,0.004943011946223819,0.6327266693115234,0.0013818778283129385,0.9079995155334473,0.027187928048912985,0,0.0021544346900318843
1.7814878337725952e-05,0.012908100529508667,0.0032098482221974236,46.14418888092041,0.011438106286077516,0.37630796432495117,0.0013213178257230154,0.8059546947479248,0.03209796938645327,1,0.0021544346900318843
9.057065772520486e-05,0.014266826368765351,0.004921113661959479,44.50796031951904,0.0018152904991921496,0.7590687274932861,0.0011757728954776337,1.0349175930023193,0.010097194453339616,2,0.0021544346900318843
0.018289037639784865,0.08743311313294286,0.05811896436278053,42.91609072685242,0.010210503118959182,0.49794507026672363,0.0033765790466434797,0.7394146919250488,0.014640278689569288,3,0.0021544346900318843
1.9242342759954547e-05,0.018327074243019492,0.00800878997893945,44.736912965774536,0.0057829723301686675,0.5198197364807129,0.002208916341125833,0.6770913600921631,0.011063229238166517,4,0.0021544346900318843
3.587755112723912e-05,0.008944529518016579,0.006719495462941513,45.541138648986816,0.0020418050160674107,0.841602087020874,0.0010251865051158124,1.1177318096160889,0.023497293975003015,5,0.0021544346900318843
2.6738234116104504e-05,0.010754659807123682,0.007626085175976905,42.87402558326721,0.0025902841562528865,0.7844235897064209,0.0006033096104306319,1.1801984310150146,0.01800041699981585,6,0.0021544346900318843
2.364917179405642e-05,0.01177502204857935,0.01520490351858352,46.31175398826599,0.005529316527518987,0.4066426753997803,0.001632243365117536,0.8402421474456787,0.01836331828784656,7,0.0021544346900318843
5.712123998133922e-05,0.006804874750894167,0.012840765780131174,45.055681228637695,0.012701092079224088,0.6056962013244629,0.0011522108440635095,0.8084547519683838,0.09458423347818412,8,0.0021544346900318843
2.3015449270754238e-05,0.01422793251127219,0.006919785050823273,45.50289511680603,0.0036871229663303804,0.44235658645629883,0.0011175556502067547,0.6944706439971924,0.01216341916884871,9,0.0021544346900318843
3.144232475071895e-05,0.007860995072612642,0.008367348941842186,42.324228286743164,0.0005741869501378967,0.7584693431854248,0.00042781611405107904,1.032141923904419,0.013980305712788823,10,0.0021544346900318843
3.791962223792892e-05,0.007470380187548642,0.006357957309857246,44.722334146499634,0.0022539870397897174,0.6959991455078125,0.0012519801534379778,1.1838104724884033,0.01770624704343727,11,0.0021544346900318843
0.07359205075429281,0.021735938268780005,0.03389586582433492,44.3566734790802,0.006013240455585852,0.6370868682861328,0.0006222278354394447,0.8924274444580078,0.016186285196950187,12,0.0021544346900318843
0.0001015344686748169,0.011925565728221581,0.00760834830894264,44.738300800323486,0.0013491519805079641,0.7028558254241943,0.001821679024401912,0.9238536357879639,0.025550962759583157,13,0.0021544346900318843
7.944974402345207e-05,0.0033600338454703228,0.004774650133718942,43.092031478881836,0.012063654370127103,0.4574093818664551,0.0033350373158106553,0.6061182022094727,0.07690044971061252,14,0.0021544346900318843
0.0007681765912615823,0.009937418790955702,0.006175501101673049,44.622963428497314,0.0019400248105229927,0.6336853504180908,0.0008151902348260871,0.8580055236816406,0.010873585037243828,15,0.0021544346900318843
0.0009331111192663796,0.024706491669330078,0.027934798965150085,44.59006643295288,0.00117831968423802,0.7333769798278809,0.001151423844657577,0.9068520069122314,0.030828373505580008,16,0.0021544346900318843
5.823762023628257e-05,0.01277031544315781,0.007369463004290446,44.652496099472046,0.001135300910051562,0.553901195526123,0.0011640565532397968,0.7318441867828369,0.02152327661425415,17,0.0021544346900318843
3.086468121439682e-05,0.012828493782162257,0.01032653026539462,42.76598143577576,0.0011354191479361194,0.5193655490875244,0.0012029709605452686,0.6969242095947266,0.024483028442233802,18,0.0021544346900318843
2.5800360941722705e-05,0.009112954762919756,0.00941626567382057,36.69680833816528,0.003799702855185242,0.5421302318572998,0.0015634790417641633,0.7692418098449707,0.011398076338157245,19,0.0021544346900318843
0.0008451067107558384,0.009785974544412775,0.0028410262545663285,45.69968104362488,0.0019340715759171103,0.6232612133026123,0.000920642607645646,0.8613743782043457,0.010488635358185087,20,0.0021544346900318843
0.0002785076438796441,0.01144358997323076,0.00697133615541031,44.67890119552612,0.0022922370441968614,0.5683000087738037,0.0009233342771925928,1.1720190048217773,0.01184496516425748,21,0.0021544346900318843
0.032647985491342194,0.008667507026925965,0.0039741633552785255,41.461525678634644,0.0025132301887411668,0.7361204624176025,0.0008117836772783439,0.9549288749694824,0.02199246771047402,22,0.0021544346900318843
4.3656447061879436e-05,0.005865288021888156,0.0029966155791826088,44.91872024536133,0.0014099810306602346,1.3309359550476074,0.001426637268538422,1.8620920181274414,0.015302068168498514,23,0.0021544346900318843
2.083420738022331e-05,0.013501487251389489,0.0041760651993546965,44.68042802810669,0.00558472174087022,0.6229567527770996,0.000785861473086354,0.8373315334320068,0.005640697427017243,24,0.0021544346900318843
6.391574378664297e-05,0.005553820790909825,0.012153027519395601,45.12259292602539,0.017400145427515713,0.5675275325775146,0.0014353555748891854,0.873744010925293,0.0426501170083589,25,0.0021544346900318843
0.004065374257578854,0.013685081285070488,0.0072399925028986106,42.502591371536255,0.005457048161904732,0.9201321601867676,0.001182032297769986,1.27180814743042,0.021393401048507017,26,0.0021544346900318843
5.280421976550098e-05,0.006865911379186359,0.0049963342485467984,45.11155462265015,0.010467233935281114,0.731492280960083,0.0013626362887015169,0.9209115505218506,0.07948639041854882,27,0.0021544346900318843
1.1741374943989117e-05,0.008768691898073003,0.0047412583141414775,45.532875061035156,0.0016547143234056187,0.7605271339416504,0.0016547143234056187,1.0436372756958008,0.020393804884885895,28,0.0021544346900318843
1.0527707202068193e-05,0.008863528407222532,0.009765243941619262,41.42070937156677,0.0025346283610893005,0.6016113758087158,0.0007431632981859115,0.8025667667388916,0.01762740038573972,29,0.0021544346900318843
0.00012844629681345586,0.017085633101916405,0.005481950551675138,42.52367830276489,0.005011448170052124,0.5691349506378174,0.0013982364855732602,0.7763185501098633,0.027603149751283397,0,0.004641588833612777
2.9007344858126656e-05,0.012907919820925517,0.0025165286304239588,47.39512753486633,0.011224236879738978,0.3923773765563965,0.0015731690361985666,0.7775707244873047,0.03207969267376858,1,0.004641588833612777
0.00016738648780515082,0.014783790062680987,0.0030715100021973846,45.699891328811646,0.0014329404522931113,0.693446159362793,0.0011588311030842568,0.9042141437530518,0.010147414923972368,2,0.004641588833612777
0.004723965845412059,0.06522035754871242,0.08534117586483457,45.91565942764282,0.01025526448611759,0.4949343204498291,0.0033630512045700043,0.7393972873687744,0.01486098164893809,3,0.004641588833612777
2.4886046492504178e-05,0.01883727179547036,0.004330736063117712,37.58041787147522,0.005775097907312432,0.5031075477600098,0.0021354911827089116,0.7071163654327393,0.011029825541153148,4,0.004641588833612777
5.289930950812909e-05,0.00934934565447918,0.006302412510967034,46.39354991912842,0.002110873965776272,0.8179926872253418,0.0015852639158693727,1.1249024868011475,0.023493052035804134,5,0.004641588833612777
4.466350764735783e-05,0.010700147851969414,0.006608007081014612,42.92215299606323,0.0025572923832689978,0.7897226810455322,0.0006123559191587505,1.1893987655639648,0.018055654302690332,6,0.004641588833612777
4.076627599782778e-05,0.012117384531821785,0.01245409462697316,47.97602033615112,0.005449388694550103,0.37272143363952637,0.0016233276218082572,0.7800462245941162,0.01832313614299063,7,0.004641588833612777
0.0002640294249123709,0.024253994553227277,0.04694295699915658,46.626280546188354,0.012595556272788886,0.6028499603271484,0.0011727620557186124,0.8170416355133057,0.09576114537456862,8,0.004641588833612777
2.8999051180522705e-05,0.013890007022510175,0.004365781227544395,45.83171367645264,0.0037848442939778662,0.46629810333251953,0.001142103278809503,0.6827754974365234,0.012092633089104163,9,0.004641588833612777
6.834914069994516e-05,0.008120717464346594,0.010329455838716096,42.12386202812195,0.0005663275232410392,0.6755228042602539,0.00044135356840118903,0.9254946708679199,0.014135293123485515,10,0.004641588833612777
4.578603332193362e-05,0.006342675741906234,0.006032483570503423,46.1957745552063,0.002317599702912987,0.6385862827301025,0.001299987201932732,1.0819790363311768,0.017746899443811352,11,0.004641588833612777
0.06171231944000224,0.0214979723088469,0.032233317539939195,46.590744972229004,0.006077533346531886,0.6378188133239746,0.0006489989070249003,0.8731327056884766,0.01619010747593236,12,0.004641588833612777
6.296236795122478e-05,0.012529540051645534,0.00812657124378249,46.11621403694153,0.0013678349614479593,0.6735212802886963,0.0017962108859550074,0.8705213069915771,0.026201668500312476,13,0.004641588833612777
0.00010599264128930605,0.003948721669042676,0.0026028877885094105,44.352771282196045,0.011996162729594414,0.4595508575439453,0.00331878978238788,0.6013758182525635,0.07722626560327184,14,0.004641588833612777
0.0007262904378883512,0.009520165324722819,0.008627802591283667,45.665464878082275,0.0019719481448714346,0.569598913192749,0.0008349914553214876,0.8249123096466064,0.010988000682625391,15,0.004641588833612777
0.007123240234901356,0.02516984855833071,0.027992900677161887,46.365095138549805,0.0011063740733109045,0.6898918151855469,0.001074689783546212,0.8785967826843262,0.03110975562678176,16,0.004641588833612777
5.23956970117645e-05,0.012738847677707603,0.007940371228913022,46.004934787750244,0.001212806923069561,0.5856261253356934,0.0011482911047998295,0.776602029800415,0.021742200733004848,17,0.004641588833612777
4.624313247214574e-05,0.01258406711672085,0.010912012113754135,42.57748341560364,0.0011354492548249385,0.5120360851287842,0.0011913471665470372,0.6827781200408936,0.02340162793562758,18,0.004641588833612777
3.17888388971251e-05,0.009111891338589917,0.006480325112195262,46.85933780670166,0.0037117383659513413,0.5005943775177002,0.001544121188156892,0.6801679134368896,0.011553206962513838,19,0.004641588833612777
0.003079707176785081,0.01038772547962236,0.003346081567711347,45.67074942588806,0.0019311836704479334,0.587989091873169,0.0009702342670141176,0.7942047119140625,0.010689805897869126,20,0.004641588833612777
0.0004127487477126583,0.011882864697462617,0.0060745662653912975,45.20432925224304,0.002183143167107497,0.5811638832092285,0.0009037758878466992,1.1395294666290283,0.012056390304264997,21,0.004641588833612777
0.05487250617784447,0.008555496336472264,0.0029500145035496433,42.20673680305481,0.0025018627982577777,0.7343795299530029,0.0007924465583548868,0.9366450309753418,0.021871496191553007,22,0.004641588833612777
6.305841466152096e-05,0.006090154928610226,0.003312642775097805,45.522647857666016,0.0014321448227084292,1.1708767414093018,0.0014429516934958493,1.630861520767212,0.015395145648694361,23,0.004641588833612777
2.234740956853128e-05,0.013698239587219904,0.003132190459959223,45.64929676055908,0.00554166217591121,0.626201868057251,0.0007698516996804238,0.9606821537017822,0.005873695049273272,24,0.004641588833612777
6.939421255208374e-05,0.00543501828369554,0.017481282997526108,45.36989903450012,0.016861210965811908,0.5100643634796143,0.0014118967112722353,0.8231687545776367,0.04200726630789274,25,0.004641588833612777
0.016662475364139825,0.014849492835117228,0.00864309912355579,43.33157467842102,0.005530642640996793,0.8673713207244873,0.0011744236946594174,1.340623378753662,0.02155095847327939,26,0.004641588833612777
7.295742314534781e-05,0.006830297267943279,0.006344871897222218,45.779653787612915,0.01047759219879114,0.6299898624420166,0.0013280065037165982,0.8375134468078613,0.07912678698389787,27,0.004641588833612777
1.938687759286406e-05,0.008760182385466742,0.0076143191063226,47.172218561172485,0.0015434344325747195,0.7677168846130371,0.0015354608865122707,0.9841642379760742,0.020646624863238497,28,0.004641588833612777
2.1151485073474716e-05,0.008800931348660897,0.009431438968926002,30.865094423294067,0.0025494753144294758,0.5685133934020996,0.0007518108898792192,0.7365479469299316,0.01782193153333613,29,0.004641588833612777
0.0002693648539364935,0.0175271537257788,0.004599895670284949,45.371835470199585,0.005078089110245395,0.4552936553955078,0.0014656312692619355,0.6292340755462646,0.02875495891441989,0,0.01
8.848202798241722e-05,0.010797355931192125,0.007779152856467536,47.32058525085449,0.010534390840824113,0.3259909152984619,0.001590951776734547,0.544133186340332,0.031155152908673916,1,0.01
0.0001019857586888347,0.015424630125017292,0.007882776052738695,48.023884773254395,0.001413051392740794,0.5093073844909668,0.0011319403051659905,0.6862063407897949,0.010442787043071503,2,0.01
0.00018081382615017607,0.01112187503814918,0.007085603965533768,47.129130840301514,0.010252245558157475,0.5323240756988525,0.003403416818428158,0.6322643756866455,0.015611016598774435,3,0.01
5.411729644015928e-05,0.020786283351868235,0.006700045766375276,45.14672517776489,0.005417572681101331,0.44295716285705566,0.0019691202606937352,0.6456475257873535,0.011054880724393763,4,0.01
0.00011697364570899538,0.009984132973911415,0.007138969736441955,48.02305722236633,0.002123338126856944,0.6821823120117188,0.0016821194749770806,0.8897788524627686,0.023370468602810245,5,0.01
0.00012057251317631282,0.011419047177607696,0.0071033348689371195,49.06948137283325,0.002543692242654679,0.6274118423461914,0.000641545808306776,0.919600248336792,0.018098440316382157,6,0.01
8.629602194366963e-05,0.012234194487231715,0.017963583435893587,50.80449604988098,0.005102863190575039,0.3713655471801758,0.001430013310345172,0.7061362266540527,0.018481293399834665,7,0.01
0.00038944101253655103,0.02172015138481065,0.0435734017893699,44.89172673225403,0.012541678190167108,0.5063283443450928,0.001493380489841889,0.6926591396331787,0.0992898915479891,8,0.01
7.693382797909395e-05,0.014869781982829,0.00868120522254583,48.183018922805786,0.0041022165397906155,0.3968982696533203,0.0011968574639314778,0.5894629955291748,0.012074586724083526,9,0.01
0.00011223892900313892,0.009730257347942188,0.008762089155772219,49.211806535720825,0.0005985359180455804,0.6267118453979492,0.00046511345753829454,0.7689299583435059,0.01492909209101589,10,0.01
0.00012349974732362622,0.007905371586358297,0.007455537843793137,48.99327111244202,0.0021092024332564664,0.6015198230743408,0.001339569125645612,0.9012727737426758,0.01799128344516026,11,0.01
0.0817804382320961,0.01648861477447306,0.03558972008866461,44.79118800163269,0.0062314365683302725,0.5282154083251953,0.0008756037942837007,0.7400727272033691,0.016153641426098077,12,0.01
0.0005075562526868878,0.012929627393466526,0.008005840852009914,49.50789761543274,0.0014478822195333808,0.5609230995178223,0.001879947384247112,0.6996927261352539,0.027917697814317695,13,0.01
0.00020180940501513716,0.004181994680974347,0.004223373690491166,47.5341420173645,0.011691161027436274,0.4517483711242676,0.0032120609223062224,0.5641705989837646,0.0775445341412074,14,0.01
0.0021911458057542943,0.010040080076984648,0.005046059253220903,49.15787720680237,0.0016747112877893177,0.5209512710571289,0.0007281347245674012,0.6718974113464355,0.011351806413412099,15,0.01
0.0012166410114413957,0.026524549335852753,0.027946592173928017,43.92946267127991,0.00110907945759288,0.5803592205047607,0.001109159462504413,0.7244906425476074,0.032152314868659417,16,0.01
0.00015059755524329257,0.01316648233499859,0.01183141330853889,49.978418827056885,0.0009553435946648553,0.4856147766113281,0.001167555304243084,0.5683736801147461,0.022233358271206656,17,0.01
0.00011919878125521421,0.009092942873969357,0.012783513305108603,51.05947232246399,0.0011374730077801246,0.48160886764526367,0.0013263557670808298,0.6514005661010742,0.021239037125579677,18,0.01
6.487965702511496e-05,0.009359000426920172,0.014056172705205894,52.21404552459717,0.0035370806510036067,0.4469754695892334,0.0015315200646123979,0.5788233280181885,0.011906667710423027,19,0.01
0.0010658796462856388,0.01146382689502013,0.004052851855872827,44.883896589279175,0.0018954032391176844,0.4943826198577881,0.0010260785984416748,0.7091615200042725,0.01140491246651733,20,0.01
0.000499448069774111,0.011368830171591309,0.006361478492073284,50.5638222694397,0.0017952588193334597,0.45660853385925293,0.000874201579904558,0.7744989395141602,0.012772538729970705,21,0.01
0.025094657046317765,0.009564818292198426,0.004263424238194846,49.93159890174866,0.002492820346341366,0.6609854698181152,0.0007185179945221017,0.8617358207702637,0.021001773376889177,22,0.01
0.00017313978613135993,0.0062246762595476865,0.004279330547388286,44.632739782333374,0.0013350207007016537,0.8109104633331299,0.0013360656226378163,1.0821869373321533,0.015609471330488392,23,0.01
6.57961154741704e-05,0.01424093730073812,0.0043994777856528515,49.720155477523804,0.005508020038805484,0.5509343147277832,0.0007329935094106881,0.7076408863067627,0.006541279020822724,24,0.01
0.0001644070351482322,0.005650215042128526,0.011378957414723093,51.92341208457947,0.015957885544604998,0.4576401710510254,0.0013571971973024512,0.6727132797241211,0.03992045188534131,25,0.01
0.0010449100936566146,0.013426410331878991,0.0044732025901085565,44.224488258361816,0.005643968545036867,0.7129940986633301,0.001174562666301589,0.9185333251953125,0.021804504810537285,26,0.01
0.00014273959933051029,0.007071557656950074,0.005863048952912056,50.23106789588928,0.010398682369305167,0.5797090530395508,0.0013465429393830775,0.7338919639587402,0.07832739472067404,27,0.01
5.216581790265332e-05,0.00836184929460675,0.0058796100607846945,51.98753905296326,0.001771522661286662,0.6468789577484131,0.0018819336954697028,0.8372447490692139,0.021755621661957665,28,0.01
6.603845434140313e-05,0.00784164890243888,0.007225861876448196,34.96460485458374,0.0026426614455638355,0.48172497749328613,0.0007863005588118366,0.6454296112060547,0.018857031254571596,29,0.01
0.0009787070878361837,0.04697971701051253,0.04557164441385108,51.131787061691284,0.005184585649092395,0.3004915714263916,0.0014323831184363497,0.3825702667236328,0.03058524511747306,0,0.021544346900318832
0.00033587668176512746,0.01266057145486806,0.013781985471352556,35.27390646934509,0.008849193108239728,0.3163261413574219,0.001707829520815577,0.3995044231414795,0.025807766233743507,1,0.021544346900318832
0.00029234530518329477,0.00963375130890706,0.006234059875847105,50.12404203414917,0.0012587894409183287,0.38353681564331055,0.001033045311246994,0.4926609992980957,0.011041071673925014,2,0.021544346900318832
0.006297729017690346,0.060722689602809625,0.09749435518839338,44.876808166503906,0.009728453338048549,0.3164687156677246,0.003397190190277858,0.43186259269714355,0.017475841035211156,3,0.021544346900318832
0.0001767711796431574,0.02047147073492255,0.014987711256935442,37.81180214881897,0.0046433525475643835,0.3645939826965332,0.0015630680376365427,0.44214344024658203,0.011215613139473644,4,0.021544346900318832
0.00039481065538831127,0.0085919499827163,0.009735709084458569,48.940128803253174,0.002253964771508499,0.43694138526916504,0.0016640878902537994,0.5394375324249268,0.02236265552279318,5,0.021544346900318832
0.00040036953667518615,0.009423820244665156,0.010605784344727427,34.41138195991516,0.0024835119821913516,0.3924722671508789,0.0006524890119516587,0.5029983520507812,0.01758215128224843,6,0.021544346900318832
0.00027791227148124726,0.026201258659983424,0.0293464640600973,47.77409911155701,0.004972156328080251,0.31920433044433594,0.0014552826334284304,0.3770897388458252,0.0185600298419197,7,0.021544346900318832
0.0008025074680788316,0.04106028928175469,0.07594118140568347,51.01688575744629,0.012132003591717502,0.3289015293121338,0.0015614197826642195,0.41857123374938965,0.10609055650697297,8,0.021544346900318832
0.0002646014784553286,0.01333476877105572,0.01125766931332174,50.31345510482788,0.004383336725822267,0.3332865238189697,0.0012755066705695411,0.44520115852355957,0.012410124080797016,9,0.021544346900318832
0.0002836789094861218,0.0059527741334622535,0.009575990443052074,52.14554834365845,0.0007346159954241926,0.3466227054595947,0.0005775620319240356,0.44070887565612793,0.017121843038589872,10,0.021544346900318832
0.0003228070386423661,0.00845255949246105,0.008025825478705647,46.072667360305786,0.0026043636164931588,0.36405014991760254,0.0017863663457411195,0.5197505950927734,0.017499332336326993,11,0.021544346900318832
0.06565582569362322,0.01610691885892693,0.038765703209024505,50.775041580200195,0.006511143357315943,0.36498093605041504,0.0008852218999356138,0.47469210624694824,0.014885633263456636,12,0.021544346900318832
0.0007691480590142242,0.010308521536773292,0.011950788623276453,50.35984396934509,0.0012816435862383457,0.4488344192504883,0.0014378040159394256,0.5693972110748291,0.030721463891146696,13,0.021544346900318832
0.0005011573448181114,0.008131965704256524,0.004099393155790018,46.06130337715149,0.011821027612871403,0.34857606887817383,0.0030319072389149177,0.4797546863555908,0.07864842105276577,14,0.021544346900318832
0.0017403066732043504,0.009618426645226238,0.008563575549118203,48.889328479766846,0.0016919648297752498,0.3289525508880615,0.0009148900006999306,0.4342501163482666,0.012350826588079592,15,0.021544346900318832
0.0020768551906678997,0.04574531556902664,0.06355561011889797,51.5443000793457,0.001036597634402107,0.43680310249328613,0.0013894354153206909,0.525726318359375,0.034282332049695094,16,0.021544346900318832
0.0003157167108543968,0.010887909732772568,0.015517120102448744,51.66458058357239,0.0008571759293359774,0.3290231227874756,0.0007102098117561498,0.39946460723876953,0.023107426014581177,17,0.021544346900318832
0.0003699364315927766,0.0057548044351553255,0.011013419087960405,43.99808096885681,0.0013394477516778468,0.36391544342041016,0.0010438620182372294,0.4180724620819092,0.01965490165928805,18,0.021544346900318832
0.00018250170360789575,0.010770541945485324,0.01504948144590812,34.21782040596008,0.0029886226236373126,0.34075927734375,0.0016945657965889243,0.42970919609069824,0.012247043227445638,19,0.021544346900318832
0.021199324445862255,0.016701987957414753,0.009696864755140344,52.63191103935242,0.0019444479180460808,0.36985325813293457,0.001030176332396726,0.4930288791656494,0.012931006582388401,20,0.021544346900318832
0.0007786961259322655,0.01651839879141148,0.023283818656045122,52.65219020843506,0.0014481677052693063,0.31297898292541504,0.0008448162105943568,0.41634631156921387,0.014820666065059548,21,0.021544346900318832
0.02202870833119589,0.03073009180087851,0.02978757050662189,52.09815430641174,0.003829115889417064,0.48469042778015137,0.0007890607760254076,0.5614128112792969,0.01784620797537049,22,0.021544346900318832
0.000506774422998372,0.008765230742875474,0.007978609973390395,47.26109457015991,0.0016339798743999344,0.41414380073547363,0.0014767131177062223,0.5641160011291504,0.014841963349294737,23,0.021544346900318832
0.00022951861692967294,0.011185186873433483,0.0057223071334339725,52.46789073944092,0.005880085446739073,0.3686952590942383,0.0007244941753906442,0.4650588035583496,0.007865754085605702,24,0.021544346900318832
0.0005501512374991524,0.0065775193226561635,0.02049983631867909,42.90221452713013,0.013880465925931418,0.31484484672546387,0.0013011396934687596,0.4316229820251465,0.03630024401857159,25,0.021544346900318832
0.0009672270094076266,0.011669721956710935,0.014127219994829783,45.323338985443115,0.006083227394808629,0.4073052406311035,0.0010448992960579845,0.5207924842834473,0.021338746407440455,26,0.021544346900318832
0.0003682663552433777,0.006955669667128846,0.0044825761171732184,52.01699876785278,0.011965259671551922,0.3801844120025635,0.0017655619163595114,0.4914560317993164,0.07783024661449457,27,0.021544346900318832
0.00017536100248934555,0.007691964559763272,0.008261124451292042,43.77860927581787,0.00203229865654444,0.4475080966949463,0.00203229865654444,0.6449329853057861,0.025040347119513466,28,0.021544346900318832
0.00023080321164958102,0.006696411800133066,0.010081116756619638,31.721820831298828,0.0027526673685275135,0.3410911560058594,0.0010200512543959114,0.4198014736175537,0.022485116667401613,29,0.021544346900318832
0.002705340741429185,0.04730771145815353,0.0694945433205184,46.632933378219604,0.006507069331537656,0.2526369094848633,0.0018126532409930157,0.2941477298736572,0.042257018506171334,0,0.046415888336127774
0.0018670023925293935,0.0543121246488656,0.06635682925933381,39.16645431518555,0.014096267340974054,0.2250361442565918,0.0022017131609912994,0.3014085292816162,0.016555643900640384,1,0.046415888336127774
0.0017483514857653242,0.08148486235636675,0.0841342270258085,52.737868309020996,0.00262127263358678,0.22196507453918457,0.0014750866811994,0.257831335067749,0.013383514609477435,2,0.046415888336127774
0.0016438331903261938,0.029106977555988265,0.03454641392375125,52.76252794265747,0.009162158050122816,0.25037407875061035,0.0024653068637565372,0.304415225982666,0.021736814276542664,3,0.046415888336127774
0.0007112968313911729,0.025275271760648248,0.02057803579673194,27.355411052703857,0.0033176185225821065,0.2129988670349121,0.001176522182588065,0.3334043025970459,0.010442469931091459,4,0.046415888336127774
0.0012292774102756383,0.018033229561411505,0.024086012951285006,56.01639747619629,0.004597776206326339,0.2457277774810791,0.0018641302332416047,0.2956674098968506,0.01759596941950281,5,0.046415888336127774
0.0013808460885735914,0.02238123119785301,0.024460904682923005,36.93279480934143,0.003291779989957548,0.21434259414672852,0.0009446735604098292,0.27635931968688965,0.016470527934658235,6,0.046415888336127774
0.0007124161149846709,0.05724589781576152,0.07001116513117663,47.438661336898804,0.006851436728261577,0.2519240379333496,0.0012828766134565183,0.30341172218322754,0.0192319041399249,7,0.046415888336127774
0.0016694892644685932,0.028577959742386957,0.036980316153371676,51.46526527404785,0.012627822683091993,0.2976515293121338,0.0018434106469572774,0.336669921875,0.11704528728068778,8,0.046415888336127774
0.0009139501901781477,0.021866078223876963,0.026449390222911547,52.53955626487732,0.004172554964410721,0.22182106971740723,0.0020411155881595957,0.2711150646209717,0.015985675297068402,9,0.046415888336127774
0.0015710790497555007,0.01959040687426269,0.02383184804724728,46.51113748550415,0.0016369265742091667,0.21983885765075684,0.0015573049439004207,0.2657005786895752,0.023330663667423715,10,0.046415888336127774
0.0020483667262676175,0.07329867103156798,0.08771048763474978,56.19952368736267,0.0036903180520294473,0.23595643043518066,0.0019441424981075188,0.27735304832458496,0.016862635670650043,11,0.046415888336127774
0.07846461347029683,0.051352453343377895,0.073052357627869,56.884270668029785,0.008493552810022205,0.28697848320007324,0.0009060016750899477,0.3007771968841553,0.009797831282925832,12,0.046415888336127774
0.002867190279740998,0.0649131350724119,0.07505531752067954,56.795100927352905,0.0017145598853022103,0.41449522972106934,0.0010331779552042047,0.5042247772216797,0.027588694072720972,13,0.046415888336127774
0.0015136449006303066,0.036568846091402915,0.054561985141465805,37.093343019485474,0.010522268111582722,0.272244930267334,0.002899450936402241,0.3681972026824951,0.11168189006913173,14,0.046415888336127774
0.0012505029620124195,0.02858117356705273,0.03900940643098915,57.17175507545471,0.0027527029305958995,0.2885572910308838,0.0016020308744291389,0.36438894271850586,0.017251948430492197,15,0.046415888336127774
0.0033803799899703316,0.07359275013112535,0.08911441658256078,53.028653383255005,0.0016132135925551073,0.2826716899871826,0.002336606742744666,0.35431361198425293,0.037088743206194694,16,0.046415888336127774
0.0009022782805250632,0.04017474691499687,0.05252389316207346,47.34132146835327,0.0005679497361069207,0.25108861923217773,0.0015701305463379888,0.3387742042541504,0.028821593683676254,17,0.046415888336127774
0.001808986058975237,0.029975334338264995,0.03366666632459768,43.95963788032532,0.004285891868575005,0.2703738212585449,0.0021660934639773145,0.3297910690307617,0.022050810111141,18,0.046415888336127774
0.00042357859260315766,0.027164474235197654,0.04057903030361542,36.636528968811035,0.0028601692378080966,0.2780892848968506,0.002485076376525108,0.29335880279541016,0.012258936640596421,19,0.046415888336127774
0.0010699940149990245,0.032424738794520576,0.03508023242185135,42.01512551307678,0.002365513328561453,0.25631284713745117,0.002301331866754408,0.2889595031738281,0.013975887186760225,20,0.046415888336127774
0.002131267275326902,0.028343893096676117,0.03455071402320147,55.17226433753967,0.0008773848273201157,0.2667121887207031,0.0019186603958368873,0.27361226081848145,0.022579913887866846,21,0.046415888336127774
0.017150368096130988,0.10173213904427504,0.1297377181026061,56.66827917098999,0.0037799564983149883,0.3873462677001953,0.001130774756818546,0.30854129791259766,0.014939176457148933,22,0.046415888336127774
0.041234979522415324,0.0407302160454081,0.04288126151314924,57.220109701156616,0.0032316220757441895,0.2767500877380371,0.0033343344794379247,0.30898189544677734,0.01328761955964323,23,0.046415888336127774
0.0007689911410178199,0.014639851493791205,0.015067719922997812,59.920915365219116,0.008704789505091482,0.23742985725402832,0.0010904593670672499,0.2839179039001465,0.01032917249601617,24,0.046415888336127774
0.0015122121967800755,0.027502552311786162,0.0331085205556042,52.681883573532104,0.013359469072081404,0.2983736991882324,0.0016389450307262576,0.39050745964050293,0.042576723695865584,25,0.046415888336127774
0.0037528804234091334,0.017907785354542523,0.020314510760879742,54.89066004753113,0.006809457141058501,0.2688751220703125,0.0021628104891097716,0.34647035598754883,0.018958209455250015,26,0.046415888336127774
0.0011549785594284323,0.016043302751196215,0.019429134631483207,45.946773052215576,0.010971234600466992,0.2588827610015869,0.001743622308939563,0.35539770126342773,0.0834288386233796,27,0.046415888336127774
0.0006031371150924927,0.02247142180364842,0.03401038654142115,35.694987058639526,0.0029569721672095517,0.2564120292663574,0.0032270765505278145,0.3130505084991455,0.03335014609501819,28,0.046415888336127774
0.0008440964023604577,0.04231461546557543,0.049206664950685805,31.506664037704468,0.0030161125470856255,0.2499077320098877,0.0015998215776195312,0.2799665927886963,0.02812299327167026,29,0.046415888336127774
0.21212032107797058,0.1230245555489365,0.1633901353442838,57.6155788898468,0.0074908707506023825,0.3637380599975586,0.004528520545462962,0.3970053195953369,0.28462444584638863,0,0.1
0.008895126854884954,0.1285050806695815,0.1795057560447635,60.81389403343201,0.004833861245349954,0.2284989356994629,0.00689446943720661,0.2252514362335205,0.08026873075156697,1,0.1
0.023345688237072483,0.1484037838910149,0.18259244525831073,55.72160530090332,0.009652413141636399,0.24599385261535645,0.007828518932697624,0.23620915412902832,0.02204527788668634,2,0.1
0.0037156787524791567,0.09565995598202812,0.06343195816509553,52.64866399765015,0.0201675106977203,0.20022273063659668,0.0015490980702452437,0.2650876045227051,0.1462554934313325,3,0.1
0.3537880483492935,0.2206261608740991,0.2981354835627904,58.085022926330566,0.3079557849232108,0.3850874900817871,0.06391432336102106,0.5147793292999268,0.19555371933407437,4,0.1
0.015168921870081602,0.1829869164010568,0.22270113155489943,56.05267357826233,0.009938340183985064,0.29077649116516113,0.007368151944597887,0.43892455101013184,0.11048790706910909,5,0.1
0.0075873173339783715,0.08593139624851714,0.11366919882687553,41.830018043518066,0.006647244954617252,0.22688794136047363,0.006051153192709664,0.2951529026031494,0.10203849894403234,6,0.1
0.0118135754957569,0.25887043141775373,0.22007838592865062,57.3387496471405,0.013071793787764746,0.4369542598724365,0.0675634001771097,0.3718416690826416,0.25212920297147035,7,0.1
0.20426882150118905,0.19953253932386866,0.3105912456742582,61.67784309387207,0.2623671117916261,0.4106142520904541,0.0623021017560645,0.4878861904144287,0.15890668242012532,8,0.1
0.009456658268887754,0.13205042777452125,0.1592818620102308,62.893494844436646,0.008226889253722777,0.27658700942993164,0.005353380853169069,0.3917348384857178,0.1480408302409701,9,0.1
0.007906476015237751,0.12886417418916246,0.16733918214803786,59.58284854888916,0.017880440374780336,0.35181546211242676,0.004490661129104774,0.3584756851196289,0.284442362675259,10,0.1
0.004111160605126574,0.1683288173880795,0.22432169292453566,57.04953932762146,0.006339652326616115,0.23385000228881836,0.004976975173044459,0.3183708190917969,0.077324837609372,11,0.1
0.11031302895923636,0.0873264334414497,0.1443710836985652,60.653237104415894,0.016672573203101042,0.2539665699005127,0.007230672773653413,0.28002238273620605,0.18068443739152634,12,0.1
0.016498945414870462,0.19106342251392122,0.18819097585395497,59.52470397949219,0.007040889573186114,0.3548390865325928,0.00409156018614946,0.4439249038696289,0.06148347269486415,13,0.1
0.018214729984799873,0.14769617202047958,0.14016222860109714,61.20642900466919,0.02698964791835759,0.23367571830749512,0.01445923564539684,0.3396415710449219,0.24200293873483508,14,0.1
0.03098726125048361,0.13685839073014583,0.1971828340047141,57.474462032318115,0.009391699743752913,0.26529574394226074,0.004973152300189037,0.29912757873535156,0.08263354964571659,15,0.1
0.04010936605787706,0.2164355524777887,0.30055101221474806,59.29772710800171,0.01651953333097735,0.29392099380493164,0.004497265879228029,0.30028796195983887,0.14873418191784274,16,0.1
0.006473913135490135,0.10663142050553025,0.13353548711748062,65.91909766197205,0.021803946146074994,0.33797597885131836,0.0036076066783611296,0.24538016319274902,0.1017556124104871,17,0.1
0.014827472673149263,0.1421480172260971,0.16221501975830754,62.19326615333557,0.012085501589005948,0.22998809814453125,0.008110947495513858,0.3406102657318115,0.09575283226590416,18,0.1
0.007177869606152773,0.1260267701266102,0.1426791541940952,50.862338066101074,0.011235849034293501,0.2682209014892578,0.01125894723873182,0.318495512008667,0.08995270132431474,19,0.1
0.006261347060908816,0.17301675464221125,0.19847049590458365,60.7321515083313,0.007937522836821326,0.3603212833404541,0.005792704680297659,0.3397383689880371,0.14698025897161732,20,0.1
0.07996517223499414,0.06827084995476339,0.1206433145983531,61.57348155975342,0.004802740291935148,0.272921085357666,0.0056381976308580144,0.32305431365966797,0.24187039621319273,21,0.1
0.03440941648240682,0.19691656120319057,0.17925665270970906,59.680030822753906,0.008083462572031807,0.24870896339416504,0.00686773184050502,0.3928039073944092,0.08816592891450105,22,0.1
0.07945627746056656,0.1601522154895901,0.2469546089068976,59.452868700027466,0.01565714787062294,0.22405028343200684,0.01376186888543566,0.2750258445739746,0.06579209825891699,23,0.1
0.004542966531365633,0.07383751313364104,0.09443922084334551,65.94280624389648,0.015810603495085687,0.22755718231201172,0.005716080873793739,0.25292515754699707,0.0733974648695778,24,0.1
0.01480843019396334,0.11456653512904244,0.1656905586668452,61.60996127128601,0.012132795668514565,0.26594042778015137,0.0038936978364704075,0.2916605472564697,0.22518512889543243,25,0.1
0.02108361204573655,0.10713659035251105,0.11577791936041934,61.81217432022095,0.011077777367368561,0.24066495895385742,0.00211401227208153,0.4304051399230957,0.041806635247344084,26,0.1
0.017461170518628687,0.11118418615713806,0.14012687008027241,63.2298743724823,0.01562422128618158,0.2536482810974121,0.0072615756486697535,0.2642958164215088,0.24192168930040547,27,0.1
0.005488054202965542,0.09600449303169253,0.10500162144956705,34.7313277721405,0.005392456379896293,0.2782571315765381,0.005355136504416413,0.3650994300842285,0.18853070212097195,28,0.1
0.005294527085291827,0.1313129816038646,0.1378346412069613,48.13106369972229,0.00697346581927983,0.2293391227722168,0.00797403753593652,0.2781972885131836,0.03092638793384453,29,0.1
0.46524761165438455,0.17768842436488536,0.24363214970501257,60.44182229042053,0.46247174564380816,0.28037476539611816,0.49081108682206687,0.29781174659729004,0.38117306975953474,0,0.21544346900318823
0.4751019868986117,0.2824567550379868,0.24946940295098027,51.011075258255005,0.2641784443724481,0.3661649227142334,0.41580809207830205,0.4902372360229492,0.24380698080160398,1,0.21544346900318823
0.16323810697884572,0.27410685244599214,0.301943133620329,49.97430777549744,0.054420115039163865,0.31276917457580566,0.030942881019390207,0.37348008155822754,0.14511316722643472,2,0.21544346900318823
0.6180541721352111,0.25086880122316396,0.290567601525067,61.48262047767639,0.4627690137124117,0.25160884857177734,0.5206994194167763,0.3045046329498291,0.6652828602871252,3,0.21544346900318823
0.11823997773120296,0.31334901533752474,0.2701937250376306,61.46839237213135,0.19088013096550402,0.28991007804870605,0.09242332833122119,0.4210829734802246,0.3224609600487865,4,0.21544346900318823
0.5202278633039629,0.21477122668867954,0.20505681505600626,66.39055967330933,0.3168027299295204,0.3317439556121826,0.23878728595769685,0.453582763671875,0.34192149159637725,5,0.21544346900318823
0.5120297669474976,0.1958598381292111,0.25583206237299555,61.44773983955383,0.38826295238782105,0.5146725177764893,0.26099366108237787,0.3367912769317627,0.40480163975717165,6,0.21544346900318823
0.3257576680345283,0.2353811719793935,0.199236305627427,66.61518692970276,0.6074770046917102,0.3329348564147949,0.5046069349156527,0.40579700469970703,0.43086159079514463,7,0.21544346900318823
0.45602448590673833,0.22743459237329636,0.25593484035058295,65.41109991073608,0.5078424822501775,0.3343818187713623,0.5436678010292587,0.346508264541626,0.24855438797975116,8,0.21544346900318823
0.2912054803409581,0.19988719141443187,0.28871857565429726,49.22936820983887,0.04373376835539364,0.32140684127807617,0.25309800963784645,0.32334160804748535,0.46398885971674747,9,0.21544346900318823
0.6563225159399202,0.2874880821428817,0.3389439962616755,62.36959958076477,0.3421739857588501,0.4300975799560547,0.5058186032490124,0.3263523578643799,0.4341568467821316,10,0.21544346900318823
0.5018443808135039,0.2648341703979721,0.35548051246946716,62.4965283870697,0.13998814787854716,0.263439416885376,0.17034655582617364,0.40671539306640625,0.2193284593061134,11,0.21544346900318823
0.7508165075437541,0.1540203755245181,0.3097493116535927,61.187235593795776,0.3356717425100762,0.2732698917388916,0.10386321658900348,0.41083455085754395,0.34076462166160515,12,0.21544346900318823
0.6528570096230606,0.26265201555277456,0.3489309275931476,59.074689865112305,0.3554864767678724,0.302257776260376,0.6651749694044562,0.388721227645874,0.41074002003092563,13,0.21544346900318823
0.3133524837320713,0.1805754443534281,0.16254744333101054,43.597168922424316,0.2643222286689027,0.33901500701904297,0.278974713560851,0.38083648681640625,0.3388151785928373,14,0.21544346900318823
0.19152130941753723,0.12974064882741498,0.3031026802136869,61.29761505126953,0.16607989073762883,0.34795212745666504,0.10654481591444909,0.28336262702941895,0.2925394593825672,15,0.21544346900318823
0.5876871708348693,0.25295220228733506,0.2818712111666243,64.74468564987183,0.4753483847497878,0.5001678466796875,0.5103630665994449,0.5666658878326416,0.3029660815351059,16,0.21544346900318823
0.16440793998162703,0.17382599066038656,0.20070581053991796,61.400842905044556,0.07207111580711609,0.235886812210083,0.13071751582097102,0.29123616218566895,0.22451583013234072,17,0.21544346900318823
0.2727494300984611,0.1981161790226121,0.2904677572511398,60.11389994621277,0.47486766773354827,0.6115520000457764,0.20409625977776774,0.443131685256958,0.22130445853394515,18,0.21544346900318823
0.424965359384933,0.2758141268650283,0.22851028881486662,66.15522408485413,0.48328362905603284,0.3229055404663086,0.2965688923582218,0.6188230514526367,0.25114675284998145,19,0.21544346900318823
0.13506672106529757,0.12440806032978081,0.19973817253555726,63.802048683166504,0.02002292950541907,0.32041287422180176,0.26684096679607494,0.28348493576049805,0.248308657242033,20,0.21544346900318823
0.3612419310735479,0.1669511003695317,0.29379189925857657,60.065802574157715,0.35586170430573877,0.35941338539123535,0.29955844842349577,0.30907273292541504,0.4419913815025929,21,0.21544346900318823
0.2803167186007276,0.19807425278389904,0.22016832648660709,59.94693303108215,0.04354707178042626,0.3342125415802002,0.029186695016325793,0.4200894832611084,0.23474171741699973,22,0.21544346900318823
0.27011735902388706,0.16569040508939006,0.1996371121034967,65.51786947250366,0.11939684073806918,0.3347601890563965,0.032410047801381806,0.406369686126709,0.3703029472393379,23,0.21544346900318823
0.060676792298212226,0.13197653718488442,0.14553297589561515,64.0100691318512,0.05369343599698503,0.4026517868041992,0.06029582991084366,0.41731977462768555,0.36319419621605203,24,0.21544346900318823
0.6907603479848452,0.2567426491379831,0.33775641899044556,62.44681930541992,0.5777858130646296,0.29146838188171387,0.43800689741105375,0.531965970993042,0.4324354608024204,25,0.21544346900318823
0.21455457610881495,0.18145932916089452,0.2242396142798172,61.7784321308136,0.09060695637145591,0.29221034049987793,0.023348270551645522,0.3303561210632324,0.18513300954379314,26,0.21544346900318823
0.2582140046237385,0.1678696491750456,0.22393719773642992,55.94913840293884,0.2971073654835388,0.5314133167266846,0.24701305247410707,0.6783168315887451,0.29918360954890866,27,0.21544346900318823
0.09295383968989235,0.15701820095929891,0.17709333321060536,52.06846618652344,0.024070431228604992,0.29728055000305176,0.02920879116296838,0.3633549213409424,0.3859928525621169,28,0.21544346900318823
0.10927891550653712,0.18879515969125882,0.1751090072092302,55.536811113357544,0.4942671458370225,0.3537578582763672,0.3255130575328816,0.3514597415924072,0.3390585245018702,29,0.21544346900318823
0.6452080972897012,0.30975865151455534,0.22834321249837158,68.78832697868347,0.5219565364346367,0.3158280849456787,0.2899358733241522,0.4117748737335205,0.39818210214296834,0,0.46415888336127775
0.3513292673726748,0.3820718604340238,0.22876840935981196,55.672157764434814,0.3565189512597164,0.3290705680847168,0.36481451192292574,0.2939291000366211,0.23800997582642106,1,0.46415888336127775
0.48467896070175565,0.30758340746089713,0.3420127043432257,70.37891054153442,0.5377001250659832,0.4396696090698242,0.24385974239630137,0.3014240264892578,0.16428733025446784,2,0.46415888336127775
0.43832759902907775,0.33922194813998724,0.32144264960305413,62.748796224594116,0.45443216768539685,0.35089898109436035,0.476350637261454,0.41878223419189453,0.5064598502330708,3,0.46415888336127775
0.6298345318549684,0.29018614481057176,0.17981697521294268,46.24777865409851,0.3036823800243165,0.4233243465423584,0.5252366120755656,0.37453246116638184,0.23185220168332182,4,0.46415888336127775
0.7564192634793889,0.24082364232145087,0.19474610600279277,65.59447503089905,0.5668869621081016,0.33169007301330566,0.5291531003095062,0.3776712417602539,0.37402920591181193,5,0.46415888336127775
0.42977779169300234,0.23234261416784507,0.2393520573298328,46.05453181266785,0.6514254136489007,0.28779053688049316,0.6258991991230806,0.3484985828399658,0.6408315381249687,6,0.46415888336127775
0.6161941217642739,0.2387267802435989,0.13396997033642685,56.267130851745605,0.5828219557778427,0.3618812561035156,0.44695147545208896,0.32372498512268066,0.43239515513955595,7,0.46415888336127775
0.5415881109053979,0.2630650112952139,0.2782638639308393,74.02258968353271,0.483305352951958,0.4548821449279785,0.5589264621973589,0.4521596431732178,0.15794543070829065,8,0.46415888336127775
0.3762355467117653,0.3202004106528938,0.33819216558895054,66.39080452919006,0.41625157935731155,0.38563036918640137,0.5200054890114585,0.4690275192260742,0.5198046423133443,9,0.46415888336127775
0.5244593559490781,0.16040695370771507,0.21496453505008756,63.40961003303528,0.6432734039726481,0.34419941902160645,0.6505643109697612,0.3751513957977295,0.4294975787769645,10,0.46415888336127775
0.39107128013076836,0.29762554604229463,0.34798442531258544,59.69330644607544,0.4452458663134592,0.29160356521606445,0.21855017129996152,0.3291780948638916,0.4387936256873135,11,0.46415888336127775
0.7024396433494058,0.19763238711855563,0.2278873410496347,73.82483410835266,0.39189168821003556,0.32529568672180176,0.4388950774480088,0.47121429443359375,0.3591860709312502,12,0.46415888336127775
0.6534184843327838,0.311869791094029,0.34141383718353685,72.06353831291199,0.4861185924628672,0.4262423515319824,0.5537883003246872,0.5040628910064697,0.4357315719638922,13,0.46415888336127775
0.5647385066388039,0.36879719847816417,0.2275483887052534,36.072429895401,0.5099145261460225,0.4271571636199951,0.42390014613138594,0.4905683994293213,0.43019634255887595,14,0.46415888336127775
0.5152131948688758,0.24841251528241654,0.23616546001516886,72.88620138168335,0.4491180903966902,0.36046481132507324,0.24957219597471725,0.45363855361938477,0.2632413583755372,15,0.46415888336127775
0.12242917377532955,0.2996723029447664,0.31571320826289706,43.710747480392456,0.1799926731126399,0.24201178550720215,0.26426526341402223,0.32642078399658203,0.27646351093972665,16,0.46415888336127775
0.4474281590568441,0.29487371895760883,0.18101447704740145,71.77576732635498,0.5231638257410677,0.31062865257263184,0.4194340449446109,0.39742088317871094,0.25669772171091515,17,0.46415888336127775
0.6647474156902125,0.24355823543528893,0.24096890917244781,49.44374084472656,0.5424086636865101,0.3934791088104248,0.2744067931946355,0.5140910148620605,0.1863218455748096,18,0.46415888336127775
0.4128022610263997,0.41448674274425557,0.23760215873532842,42.76451539993286,0.3923991439143193,0.46563124656677246,0.4102042546689536,0.42621707916259766,0.1916974158889204,19,0.46415888336127775
0.2781465455209272,0.26045072418407206,0.27162467191488965,64.0155725479126,0.28797522279825055,0.24953293800354004,0.3691233402940902,0.4147984981536865,0.23844563360094564,20,0.46415888336127775
0.5718021697160148,0.2862022344467962,0.28275991367275244,83.73082065582275,0.48428647898860777,0.4049091339111328,0.33288782478228207,0.5100908279418945,0.24554027577844986,21,0.46415888336127775
0.6428377594747638,0.18387619827672172,0.27214088360888045,76.79796171188354,0.5292552814482189,0.41733503341674805,0.2107571423981056,0.41173386573791504,0.2882490710957549,22,0.46415888336127775
0.7357177327510451,0.2240366502428341,0.33320894475056734,75.63479948043823,0.456060297560627,0.5551764965057373,0.2302700245509807,0.3594396114349365,0.3657593976104015,23,0.46415888336127775
0.344090167603499,0.3300667154755693,0.32280364672887407,68.85376286506653,0.4607471462244471,0.4269225597381592,0.3551665438102635,0.34659695625305176,0.39719818117428046,24,0.46415888336127775
0.5962610319172378,0.26946604467953905,0.2830224242604581,74.45942831039429,0.5428006677196591,0.3901083469390869,0.27808509016399857,0.36513853073120117,0.3420195230563087,25,0.46415888336127775
0.5233625715144891,0.3110046482761167,0.19495666308391174,75.68281054496765,0.4748057832688743,0.3730146884918213,0.42644306348245403,0.3326995372772217,0.2598738042495327,26,0.46415888336127775
0.5148457214885563,0.28222775678806594,0.2539729552253913,70.89130020141602,0.6175561191589628,0.37022829055786133,0.49900330889680555,0.4054219722747803,0.3443807286142209,27,0.46415888336127775
0.4197868619083612,0.17642268949603093,0.17290755012703565,43.8759286403656,0.4355375803284861,0.28666090965270996,0.41730349865320776,0.3085918426513672,0.2868146158140717,28,0.46415888336127775
0.4095223021987658,0.29238989037052787,0.22518970094889762,70.67241334915161,0.5841992846372726,0.5424280166625977,0.09146314236266866,0.3407747745513916,0.20918065786129952,29,0.46415888336127775
0.6355309487749438,0.27480282017915747,0.3105369732262798,59.47537565231323,0.2297158589546015,0.35323524475097656,0.34641333704335053,0.387465238571167,0.24192932140346257,0,1.0
0.43326716548330985,0.314616137398687,0.21640231604481486,46.059332609176636,0.3979104745380454,0.39244580268859863,0.43162448721984675,0.41394686698913574,0.2293774389449152,1,1.0
0.6696505302933815,0.24285711636768595,0.30014927808152225,45.71725535392761,0.441763767252934,0.46715426445007324,0.27611374809147804,0.36970996856689453,0.14693132212077897,2,1.0
0.6074510133384311,0.31341929455337775,0.30609580461118685,80.03362894058228,0.23724571934784483,0.41460108757019043,0.50691535975637,0.5885758399963379,0.47346177111700216,3,1.0
0.6803656757258673,0.28983334356924123,0.32250010888103314,51.844369411468506,0.39421500938139376,0.36077237129211426,0.3797460998983869,0.35149478912353516,0.2153101527442459,4,1.0
0.4849294795514975,0.2244454097406719,0.24655331907560094,54.63416290283203,0.40908785524330016,0.2776520252227783,0.6014424422917934,0.4012947082519531,0.362278332742946,5,1.0
0.7451104552074548,0.24474036481798114,0.25002304579875756,40.505340337753296,0.38337432698123647,0.2837862968444824,0.5480942576810025,0.3521871566772461,0.5931996490344271,6,1.0
0.6948479241421553,0.2561739254911164,0.21724470689456102,35.78457832336426,0.5895421479840535,0.3674161434173584,0.34745122275889095,0.5730860233306885,0.39384935554420675,7,1.0
0.5021238756259478,0.3263538975091413,0.2600003234718908,46.51495885848999,0.3891788629117305,0.3558688163757324,0.23195801891000634,0.31665897369384766,0.1592738391551113,8,1.0
0.5236028415098742,0.30588769292751555,0.24251548319966995,58.124284744262695,0.3892266471247828,0.27846360206604004,0.4280781358569444,0.47054195404052734,0.37833612111384984,9,1.0
0.7286484297732141,0.24521936538747185,0.16836968800580132,65.44310283660889,0.43860482831075726,0.31986451148986816,0.3748119791991013,0.36379504203796387,0.37439218110513384,10,1.0
0.2544325931549726,0.29181456778404385,0.2726340507181179,79.05870842933655,0.541930399763719,0.3727138042449951,0.44822236927291204,0.39547228813171387,0.42836919565119463,11,1.0
0.5953231107883334,0.19826584373792974,0.29961398409626505,66.056969165802,0.2993261253669438,0.33661317825317383,0.35782265386844897,0.3117837905883789,0.29011912069344736,12,1.0
0.5985693178002501,0.2126743930815285,0.26109272389793464,78.43956112861633,0.46643697912659565,0.4385986328125,0.7174766811021251,0.41948914527893066,0.438911120687722,13,1.0
0.705588477669629,0.304902360586973,0.2687979350798158,54.158124685287476,0.5669777368126283,0.45435428619384766,0.35088221492332905,0.545835018157959,0.42588042491600364,14,1.0
0.5433774150473586,0.31067063785668114,0.20894054994535824,69.11503767967224,0.25680888597351886,0.3671300411224365,0.5738445157859018,0.3144967555999756,0.25858835175732275,15,1.0
0.5972229409116266,0.2054067637700293,0.2979080835878817,75.20121669769287,0.47052098249594715,0.35002589225769043,0.3656608977508346,0.4410874843597412,0.25657462749314197,16,1.0
0.5735731135777231,0.26491731568308874,0.24414397750625064,62.853384256362915,0.23134804918536217,0.36600279808044434,0.40017054849581113,0.34763050079345703,0.2237928163051754,17,1.0
0.5472999545953443,0.2861990341487388,0.2847632737003017,36.258208990097046,0.49940433519524763,0.41540074348449707,0.2611717791121842,0.43639326095581055,0.17273976262521964,18,1.0
0.5254892160482614,0.4160826173231221,0.24347182423985161,43.537367820739746,0.2994942764905689,0.28192830085754395,0.28972198404049254,0.3273923397064209,0.19091951264538387,19,1.0
0.38958581067772313,0.21901643764261627,0.30903477886914027,38.08129024505615,0.2463404911671022,0.4269530773162842,0.27939195932375394,0.43219828605651855,0.2734732650263254,20,1.0
0.6519654019519426,0.29927531146704067,0.2684160870964256,79.6189193725586,0.5094615419806005,0.37035059928894043,0.3589966770573351,0.39363598823547363,0.3012933527193078,21,1.0
0.47721077139600093,0.24302664904143922,0.2783534249715709,50.14954876899719,0.369258277334716,0.3899073600769043,0.46928246796507633,0.5050787925720215,0.29354430082427024,22,1.0
0.5081489748270986,0.27134720032189513,0.3654291325697216,49.85671782493591,0.29836441664972363,0.31494855880737305,0.33328166247190405,0.3719909191131592,0.30063328927325494,23,1.0
0.3726445855173812,0.24018742015880104,0.3437243456157915,47.682777404785156,0.3441159390629743,0.5042593479156494,0.6476924751477864,0.511897087097168,0.40847668999146425,24,1.0
0.4736842056171868,0.3211296354539446,0.36009454556261716,40.797433853149414,0.3378337461973723,0.3736279010772705,0.48273758695015284,0.4290192127227783,0.3489014879282604,25,1.0
0.6650911094636998,0.2824111732419102,0.2591418124074645,69.0470986366272,0.44867695749461867,0.3479158878326416,0.2741048391117381,0.28829526901245117,0.2656055292691001,26,1.0
0.6072074029632584,0.2745749980487067,0.25517833977991355,46.48879933357239,0.3871684894409727,0.32918262481689453,0.43936171684711134,0.322784423828125,0.3685130911398132,27,1.0
0.3578608222815031,0.26937827311602486,0.2530789432503203,41.333362340927124,0.40917281856038806,0.4327530860900879,0.2664674375457221,0.5058329105377197,0.19221702979599176,28,1.0
0.5669159656001962,0.23417095995410903,0.23882252065029613,46.43803024291992,0.2995657215828261,0.2732863426208496,0.2880592803874872,0.44560766220092773,0.19890359391634926,29,1.0
