Amari LBFGSB,Dilations error LBFGSB,Shifts error LBFGSB,Time LBFGSB,Amari MVICAD,Time MVICAD,Amari MVICAD ext,Time MVICAD ext,Amari permica,random_state,p
2.298909347934197e-05,0.005423303234169463,0.004619726969701054,52.085179567337036,0.00015509352192195626,1.1304724216461182,8.698321443877388e-05,1.5251314640045166,0.005893228539283629,0,2
3.11394044680724e-05,0.006780980369009515,0.00335426571850365,59.436153173446655,0.0005608147586067147,1.1166739463806152,0.00027180258975845195,1.4229540824890137,0.0069573664452569125,1,2
0.012821360370679219,0.03994608212723201,0.07943203131110071,43.087424993515015,0.0016561921303437422,1.0429701805114746,0.0004749441923465214,1.3556194305419922,0.0053826621646509976,2,2
4.166038644431991e-05,0.007027008798717005,0.0028476019364154876,94.94596076011658,0.00025232474966898065,1.1794569492340088,7.508435922758405e-05,1.5948162078857422,0.006775550431389277,3,2
3.0566998967906936e-05,0.02401728477705247,0.017679501251477214,55.978002071380615,0.00038413635604954145,0.9949140548706055,0.00021521970530273825,1.259605884552002,0.01393305640489929,4,2
2.3392437619146333e-05,0.004151528598142318,0.004384599000602379,69.56790447235107,0.0039300046461939134,0.8929047584533691,0.0007374126865010544,1.330885887145996,0.014807852698959335,5,2
1.7166299059195866e-05,0.0026071960816486774,0.004600776711272248,40.099515199661255,0.0025902833428568693,0.8234310150146484,0.0005574142664792336,1.5792427062988281,0.013316476126405625,6,2
3.981280691929267e-05,0.001952535898730856,0.001396595205184071,70.96209836006165,0.0038200989818417243,0.9682269096374512,0.00020842769720012534,1.5808320045471191,0.009503661635041094,7,2
4.396793277319788e-05,0.007734643042183053,0.00660777840960997,98.28402805328369,0.000659408461541483,0.9198949337005615,0.00016802892412797754,1.4322338104248047,0.007480979871719406,8,2
0.0001735789983300817,0.05093120775748905,0.04027179269236124,45.97891330718994,0.0033063641232493448,1.1365234851837158,0.000782710491174271,1.9688520431518555,0.015964561959955055,9,2
3.1616002830492375e-05,0.0067263091875168655,0.0036933857808357186,102.95083570480347,0.0016530094715957067,0.7375173568725586,0.0006996827390174709,1.1379480361938477,0.008441264338945343,10,2
2.611286217997777e-05,0.008636769478922179,0.006466217716347064,56.394888401031494,0.000986477733812724,1.0165796279907227,0.0002265157690675812,1.7677781581878662,0.015728485192525232,11,2
1.7252257627986544e-05,0.008540134857969384,0.0046176344307332085,101.02304148674011,0.002357883234375968,0.7199001312255859,0.0004878325886989554,1.2811174392700195,0.0059601075761891165,12,2
1.948169266557387e-05,0.0040026316151922535,0.003316592215798408,50.140504598617554,0.0016101157639254293,1.1522176265716553,0.00024655409113777393,1.7826290130615234,0.011454248625934655,13,2
5.087410469029607e-05,0.00804899103121597,0.004497219601005577,49.19652009010315,0.0028383771102316767,1.4730255603790283,0.00046544494585302185,2.0365982055664062,0.027267156069566083,14,2
1.7976463432589628e-05,0.0031801869170130282,0.005150090485523955,92.00455474853516,0.0033273584809155486,0.7867212295532227,0.0008297176460154321,1.440566062927246,0.004482184389889071,15,2
4.929215965372991e-05,0.014115531411424609,0.020028163701258334,54.03299808502197,0.0009596362844433049,0.9780318737030029,0.00042694998947228057,1.3629796504974365,0.017592837617838124,16,2
7.528065013151508e-06,0.01078395572294657,0.002204932466202064,69.27455282211304,0.0005473487777873598,0.9193582534790039,0.00012549007338515938,1.3170557022094727,0.0064677377163601165,17,2
7.419895528767428e-05,0.043700473534884286,0.03512145789001893,54.98045992851257,0.004095267439055117,1.1144087314605713,0.0005483768748974938,1.6056475639343262,0.009788268831442338,18,2
2.0491852556131507e-05,0.0033315968585119204,0.0024030431015058763,73.681312084198,0.0031429044797598948,0.7048220634460449,0.0004589217939298229,1.2520358562469482,0.006077880559648735,19,2
7.676855831258248e-05,0.005393194593389605,0.006288753356899781,120.67626643180847,0.004008888529800969,1.4477612972259521,0.000496595923972339,2.5125932693481445,0.021491247031812315,0,3
5.768369411048487e-05,0.007195430680529243,0.006250651657933269,142.091295003891,0.0039966835864498704,1.5567302703857422,0.0009928386700320407,2.0585756301879883,0.017136810501824837,1,3
0.005947289248832007,0.017502535506723524,0.01381924557123716,62.132320404052734,0.009192855161388682,1.2747340202331543,0.0013011934502445682,2.022157907485962,0.009318788411905055,2,3
4.860804694806579e-05,0.00309046641657497,0.00336892242568244,125.88857531547546,0.019161984101201304,1.4213478565216064,0.002555774271682091,1.7601258754730225,0.020394724704400312,3,3
4.3021360527458385e-05,0.00380760002488163,0.007352670891816443,73.63520050048828,0.003786299964843712,1.5541267395019531,0.001902959917145101,2.1816747188568115,0.012857005878713055,4,3
0.0059805928041363685,0.033213870017757864,0.025873402799438245,104.84937381744385,0.002513064682123186,1.5527355670928955,0.0012129783006358955,2.609065294265747,0.02906230205955212,5,3
4.565284619039526e-05,0.005446831606636119,0.004651164931503338,115.3760883808136,0.003024751469297467,1.513702154159546,0.0005904420003239394,2.4457738399505615,0.013431723067397375,6,3
3.497410888637642e-05,0.002711606554173477,0.0034822099756094903,86.35952401161194,0.0033898258171211016,1.1489143371582031,0.0012557895157713586,1.968651294708252,0.021726841237785025,7,3
3.54674356943104e-05,0.0016926064300575453,0.004203200089362447,104.85282063484192,0.0023330830647505557,1.3781628608703613,0.0010399565882630024,1.9663786888122559,0.027996460765287896,8,3
3.906679523686766e-05,0.006322874557588746,0.004920188995457269,97.77324771881104,0.004942624319203841,1.211594820022583,0.0018130042475370273,2.014261245727539,0.01306099248671091,9,3
6.801258946509033e-05,0.005297049555659358,0.004736922261498857,94.70522165298462,0.0010031053750585515,1.697267770767212,0.0006645204082258253,2.1897895336151123,0.012448164435423044,10,3
4.779624006780262e-05,0.0067325653089677605,0.0098796506202165,114.77290081977844,0.011396374206645766,1.648900032043457,0.0020642545122565247,2.477764129638672,0.0656884375046498,11,3
6.266288081141491e-05,0.007430722954087695,0.0025728665109414207,71.68694710731506,0.005960457753672454,1.5030536651611328,0.0006186521885605348,2.071580410003662,0.022463452407993,12,3
4.729342806441735e-05,0.002800449697148884,0.004791974349034475,139.52165174484253,0.012154949681700111,1.4307899475097656,0.0010459732447306506,2.4586894512176514,0.01742026104078662,13,3
4.565225037551265e-05,0.0030609121519126425,0.005372081486560399,82.06091523170471,0.008726859153341109,1.1532316207885742,0.0014352936147310961,1.80574631690979,0.02615976415663742,14,3
4.4563774251756465e-05,0.007514044600005858,0.003877517668184749,90.73679280281067,0.003449965229567982,1.9335477352142334,0.0006655639591565269,2.4906005859375,0.0073373085371325805,15,3
0.04393784715464623,0.06898618041812704,0.03633188513647035,152.59630823135376,0.002568344392772888,1.4204983711242676,0.001294141548764949,2.3936150074005127,0.01827444314590903,16,3
5.7155526853869265e-05,0.00841045515907924,0.003292111324936534,115.46751284599304,0.00804476056087409,1.3070402145385742,0.0007333037310119767,2.357475757598877,0.03483923586430078,17,3
7.734712970033735e-05,0.0027624424182902305,0.004021803403404046,95.41886520385742,0.01913970935786652,1.1854867935180664,0.0012281477660160745,1.968353033065796,0.018590603189259466,18,3
0.0008166294567917584,0.04529661403040079,0.025353546108823337,134.6659233570099,0.0023275619248927697,1.9442033767700195,0.0007404518608717714,2.018664598464966,0.012760328452649924,19,3
6.613271684992317e-05,0.0043506764354852455,0.003970011905891506,110.32066178321838,0.003133605742846038,2.5127806663513184,0.0014511987757281825,3.7971572875976562,0.06981074271180224,0,4
7.255161947803124e-05,0.006398710156270482,0.00398277937689543,179.4449462890625,0.00420637277450425,2.429192543029785,0.0016272927203205083,3.0531907081604004,0.026431915152014606,1,4
8.138438285668626e-05,0.004152727175292215,0.005808209088721447,136.6632001399994,0.005134756423162567,2.276071071624756,0.0018917958070912178,3.606949806213379,0.026682713562774064,2,4
0.000146105784386813,0.010613969739653274,0.019790563536120392,125.7111451625824,0.004311846927159269,2.75508713722229,0.0017968232290011294,3.705648422241211,0.030916328466361897,3,4
7.123239268249371e-05,0.00471144544568024,0.0073787473398122,100.83237409591675,0.009960721598233357,1.74714994430542,0.0020312404908005314,2.9585142135620117,0.04468826126011238,4,4
7.743501291428977e-05,0.0031642824202482434,0.0060205167337820595,241.30575346946716,0.013311899426783541,1.6674456596374512,0.0020276350214801205,4.025745391845703,0.031463211751994194,5,4
7.043285211449091e-05,0.0041919850809866935,0.003237564452568716,132.9339473247528,0.010804147100472112,1.8002467155456543,0.0028762103222445294,2.9364707469940186,0.07212058448472397,6,4
7.765408760981862e-05,0.0053400569458184055,0.004676334253345842,149.14320921897888,0.008737693796067324,1.9670140743255615,0.0021356921911462852,2.8192858695983887,0.06201815776360061,7,4
8.601176875011051e-05,0.005136107659644973,0.003994124646750012,183.02155423164368,0.007018604953893251,2.4011664390563965,0.0014569550780998003,3.275444746017456,0.06789755575758746,8,4
7.168790956293413e-05,0.00502781163509255,0.00765044917549359,166.9784333705902,0.005070431153934527,2.1465303897857666,0.0019066204604612752,3.255610942840576,0.013999033527452737,9,4
5.996145122314223e-05,0.0020967473174011266,0.004927558087831903,234.66750264167786,0.005499294772023844,1.7593388557434082,0.001585977693125709,2.557224750518799,0.040587788998256505,10,4
7.547478040261513e-05,0.007466014124755937,0.0034170529463639727,165.80763792991638,0.01567761362239887,2.537961721420288,0.0013846491874749344,4.224131345748901,0.02947153741462294,11,4
5.390772722387305e-05,0.0029237829071639744,0.004546866354111832,141.07030725479126,0.008793365592527058,1.7189393043518066,0.0018647662049736142,2.9248039722442627,0.015526753855615683,12,4
5.747791921172363e-05,0.007243760676556588,0.006646811720873179,119.60235786437988,0.006912431223580781,2.1100735664367676,0.0012147695537305715,3.8092799186706543,0.03883505172399736,13,4
7.662035385224142e-05,0.006469894169995072,0.0038922608618994032,261.89401149749756,0.037393829476983706,3.1863975524902344,0.024720352285665728,10.141557693481445,0.06341105803745341,14,4
4.806667723056546e-05,0.0023059860438391254,0.006790351781995321,128.413991689682,0.0066154444723159345,2.2250924110412598,0.0011029878991840269,3.1825029850006104,0.03777989431604149,15,4
0.00026643920086237837,0.006984297895047342,0.004413186682392758,246.26354432106018,0.006838438870844757,2.2065892219543457,0.001653704908300066,3.7000443935394287,0.05335455285521003,16,4
9.826071061931063e-05,0.004449533676249573,0.005102668085452648,153.68719863891602,0.011405111268944251,2.447472333908081,0.0019592389093041366,3.668956756591797,0.07190991167707088,17,4
7.340860316101816e-05,0.004152195184724672,0.00533333832131198,206.4327130317688,0.018902840908791404,2.490295648574829,0.0032433880341245724,3.807568311691284,0.10388575851031394,18,4
9.255441359231343e-05,0.004991087251421544,0.005702255426514054,189.23394012451172,0.021082779389770136,1.8427460193634033,0.002230160861580463,3.2547202110290527,0.14389149375280436,19,4
8.949438943714583e-05,0.007623296368879258,0.004930649905750586,301.57581210136414,0.0060469019563212205,3.17380690574646,0.002252053486200281,4.457099437713623,0.06554722439706585,0,5
8.782926447884697e-05,0.004611520890142487,0.004670833194216442,319.8530330657959,0.004050690423880456,3.520263910293579,0.0021663565307288458,4.781147241592407,0.042862477342861985,1,5
9.888442083204163e-05,0.0033112113361114747,0.0032639707198644243,161.25052189826965,0.01432788101493521,1.9536519050598145,0.0021477800822651584,3.750612497329712,0.036913703870064735,2,5
8.686017969357085e-05,0.005828663785915733,0.004536229575676935,316.0732276439667,0.006011476674428783,2.486967086791992,0.003243884310004752,4.21917724609375,0.05978136589263627,3,5
9.285388784078253e-05,0.0032544499096881195,0.004814002397757328,292.60403275489807,0.011912522006889822,2.3979341983795166,0.0038755928306224096,3.6716768741607666,0.05702796191605643,4,5
0.015602662243751014,0.04049450829042774,0.07373865755581036,305.5529897212982,0.027512409500476693,2.8479137420654297,0.007925204802947033,3.8165106773376465,0.041340149592059686,5,5
8.386064781362945e-05,0.0038913700857224677,0.004175874240781253,277.23402881622314,0.004997601761604416,3.433623790740967,0.0016448477206561305,4.640949964523315,0.06522783641217644,6,5
0.005461843977433338,0.033240723234946146,0.03335885266749438,324.8829553127289,0.02127762973459215,4.606372117996216,0.010703993802279845,6.298964262008667,0.07146032368484352,7,5
0.027607179080588146,0.008089267425676923,0.011372913889128788,160.595782995224,0.016276876510283797,2.692564010620117,0.004875502286903383,4.6752214431762695,0.0691605300432773,8,5
0.0001134381431363196,0.004765134068383805,0.006670010063220057,205.94257926940918,0.015211719621770278,2.5895869731903076,0.0038867038202528683,3.8817460536956787,0.06963247516650853,9,5
0.02269246482982997,0.058118330262408785,0.0440578339561913,175.94136500358582,0.0922935979637638,2.4960265159606934,0.05581418935836885,3.5893638134002686,0.04455332801258184,10,5
0.0028464293699858433,0.01270461877125869,0.017675809656093944,137.92894101142883,0.017903485941017507,2.563194751739502,0.08180907730528154,6.365081071853638,0.016306950001762254,11,5
8.3818126249815e-05,0.004755039108385226,0.00413371277207486,282.0993206501007,0.008337463649353248,3.9121716022491455,0.002174452004127143,5.469953536987305,0.11204454506093728,12,5
0.004970617449644046,0.0076864413522890465,0.010145698694295135,307.15356063842773,0.028727417469085626,2.801004409790039,0.016170244462856812,3.9958739280700684,0.11165410496504,13,5
0.00015206201565451272,0.011924122329409502,0.015916395611076377,307.76937437057495,0.00797885350760579,2.9661686420440674,0.0028111856713672933,4.073958396911621,0.051495554475858275,14,5
0.005821171471038926,0.012081566296058952,0.03478573738141762,142.74723315238953,0.03337753356121752,2.8625309467315674,0.008751222154893074,3.7247931957244873,0.0749632241997874,15,5
0.00010667119698683171,0.0030131527766024124,0.0027286679005828008,209.56159567832947,0.00973054258472129,3.700286626815796,0.002649522358045533,4.927250623703003,0.03735178039058082,16,5
0.006072222989401923,0.026565236788175,0.021711039556904982,154.71443724632263,0.031490874025283846,4.358280658721924,0.01694775888971115,8.125829696655273,0.06483634807531005,17,5
0.014598416782373957,0.029548440282122133,0.021633451026890165,241.1555814743042,0.011468212909703943,2.7684860229492188,0.001943036275508352,5.368163824081421,0.0603686390030039,18,5
0.00011122112312923037,0.004767806837131596,0.003932688140573775,218.4510805606842,0.004926497413430151,3.041254997253418,0.0015054132151315458,4.43281888961792,0.11837631622860056,19,5
0.010305436228612564,0.017437325926385784,0.017200401394624747,187.60059809684753,0.03703045058971306,3.3635358810424805,0.020111519522114853,4.645619869232178,0.1246549041931024,0,6
0.00017392290756001276,0.0042222905256675825,0.004191735777521997,363.5217823982239,0.01600725512210859,3.502803087234497,0.005266215107908765,4.001310110092163,0.1234293315260077,1,6
0.005227902580930144,0.01640041871048835,0.019879897141320088,345.8013882637024,0.04638202209793634,4.463734149932861,0.04740889914778938,4.672850131988525,0.09487331465673236,2,6
0.00019762777505388053,0.005937230500671993,0.007911730601984586,171.65245366096497,0.015400515432747296,3.8382771015167236,0.003268942599196245,6.496993064880371,0.10138216096915909,3,6
0.00013911692178093148,0.00469969688338893,0.0030797521269305727,222.62209391593933,0.011417352799329195,5.9293389320373535,0.0038653790319257307,8.233462572097778,0.0614986265694322,4,6
0.00012352503066584978,0.003633181461274167,0.004431071549880853,257.35904335975647,0.010869301357805748,3.2464776039123535,0.0041840551205937805,4.828202247619629,0.09400648561505698,5,6
0.00013558108995597357,0.0036070683522723282,0.003728130903304734,284.19333505630493,0.02802112225022819,3.30708909034729,0.004245404977802509,5.147531032562256,0.04714859982402643,6,6
0.00014109557595790392,0.006220307345780622,0.004602610677092386,267.45596289634705,0.00910873537204789,3.0637593269348145,0.004175081911565959,4.690708160400391,0.13596194244770893,7,6
0.00022133665622774042,0.00395846136859425,0.008902769060759153,257.1815483570099,0.01337092684142754,2.6920270919799805,0.004310231246807257,4.95392632484436,0.19435756656742423,8,6
0.0001921270915835142,0.006208496564979038,0.00903539918467371,235.91181015968323,0.014693494962038553,2.810382604598999,0.010898771865825633,5.288910150527954,0.22047725321975023,9,6
0.00023561101796504099,0.00736561075960361,0.008383094360993085,275.74366545677185,0.012375792943378136,4.068126201629639,0.004543123566713969,5.203526973724365,0.1567017460328618,10,6
0.00021341558104602808,0.007062512956487025,0.006951643840618425,340.86756706237793,0.011219478286334923,3.3488376140594482,0.00510685386786856,4.58840274810791,0.07448645945974569,11,6
0.00020476234136080907,0.010544364937847776,0.010397032085026759,200.39057087898254,0.008615155206557389,4.506666898727417,0.0026115631138275493,6.068493843078613,0.10721023071322214,12,6
0.0001253883968724371,0.00397053572731001,0.0037116677923998667,279.5331115722656,0.011927124137592735,3.723475217819214,0.003864682949661013,5.255373239517212,0.15845160827293708,13,6
0.03093648650837772,0.062268264501537475,0.029730572848545477,322.978942155838,0.03772905331783864,3.899103879928589,0.010628455700346474,6.031179428100586,0.21827272846839962,14,6
0.00015236248622902773,0.004575415858060198,0.00417227807572818,194.65540623664856,0.01140166104701527,4.2164740562438965,0.004968844134793408,6.024803400039673,0.1819404948525364,15,6
0.03149006586744342,0.00450527142879229,0.006152121561836972,348.32804226875305,0.013680501285994111,2.718965768814087,0.002209270397516757,4.759120225906372,0.04745364135400536,16,6
0.00019447980932614793,0.009653266007269139,0.011505430841260574,369.0385777950287,0.028744307984361284,4.942422151565552,0.0044479992381272464,8.368122816085815,0.13745502976374568,17,6
0.00015899532122109854,0.0046334932393450766,0.004613353126526286,210.42875289916992,0.025549948302994913,2.55118465423584,0.004555641971504631,5.128418684005737,0.09154439080996277,18,6
0.07071449117812986,0.06908147211764273,0.0920912526416957,342.77493047714233,0.03412796377327737,7.629383087158203,0.055800905059602515,6.756717920303345,0.05992902407975052,19,6
0.00021567559538729114,0.0038848181174350213,0.003739803942717035,474.6294867992401,0.009648160352005164,4.360372304916382,0.0043940798311784286,6.838416576385498,0.1799035459590858,0,7
0.03301534858236342,0.059190027772124246,0.06770634120420367,316.35057759284973,0.03980834935536529,5.7603185176849365,0.021336560836976232,6.717147588729858,0.19893340377442428,1,7
0.009579289932812669,0.008623369735615942,0.004861570664475805,472.526202917099,0.011463714469638009,3.9974563121795654,0.0052173911950399235,7.265363693237305,0.1801672332848355,2,7
0.00015866568911674847,0.007562961068654341,0.0066179478207518275,496.6088433265686,0.019113486782108363,5.46164345741272,0.005825516113721769,6.106378793716431,0.07633628590224303,3,7
0.021863100439702115,0.06458562118029433,0.09094265482094953,493.1161720752716,0.05695042737489899,8.089314937591553,0.08898321775104634,8.496703147888184,0.17907333116594387,4,7
0.00015935811424338929,0.007106285451170174,0.008181176098300878,241.71286296844482,0.012585478796885721,3.595292091369629,0.005370238542254677,5.72415828704834,0.20130140029086308,5,7
0.013273686879813524,0.05576331904049153,0.054254083514564844,356.418781042099,0.06569841964916737,3.431431770324707,0.009958991793845266,8.38441252708435,0.16908631631997756,6,7
0.025152098509488317,0.04485404437054759,0.03646017736392182,326.0658941268921,0.022095532797329204,4.157953262329102,0.011081829121537613,7.027935028076172,0.12329309002097573,7,7
0.013206138372938717,0.017268416883905596,0.019557924335540607,490.7169234752655,0.0483611041751833,6.6919779777526855,0.017306283442974465,8.042541265487671,0.2059919233876967,8,7
0.012715332086017762,0.0345219240243352,0.030899714317669767,454.09787678718567,0.06455235538548662,6.159849405288696,0.02381347767158679,15.975066184997559,0.15440142181113642,9,7
0.00022402117546946716,0.004980357074333457,0.004708573362048519,502.9872317314148,0.028086500580476938,4.493730306625366,0.005598934867027009,8.235579013824463,0.1839185513499047,10,7
0.00036759605954711353,0.008961179984348077,0.012341981163179944,493.5415771007538,0.009149771009550172,4.283169984817505,0.004582197757771323,7.293546199798584,0.10861542769765395,11,7
0.03273459627474694,0.06842433601183119,0.04661199722222935,483.09416675567627,0.030408000350296237,3.8907530307769775,0.056510554791378495,6.156660318374634,0.16436710184050038,12,7
0.03429899870685063,0.016975573050500035,0.06029220414399366,415.69491600990295,0.019115799045610747,4.3453569412231445,0.04894028441790528,23.451692581176758,0.12888354213605782,13,7
0.03511613757374965,0.03390638464049163,0.05333991996235647,497.7196915149689,0.027699058088116145,3.9395134449005127,0.03972085733143228,5.546606779098511,0.10976814816807845,14,7
0.0002395189749686888,0.005377464843130207,0.006032963626726906,373.72783064842224,0.011560327679014066,4.957464218139648,0.03515923690356914,10.5067777633667,0.1262302609414281,15,7
0.012590797223382725,0.02036897133622138,0.01514600728819932,321.7121527194977,0.04983197599535876,6.050768613815308,0.022445060690901863,9.534638404846191,0.16149325296689776,16,7
0.005917741411413437,0.0280471448018101,0.019087009083445516,477.3094525337219,0.05405402859157825,4.748996019363403,0.00841277121398323,7.010024785995483,0.15882315499555594,17,7
0.00023076821361474044,0.008962815498678355,0.005750566880871298,327.21362709999084,0.04106091484972308,6.5685694217681885,0.004525777203634043,6.8630430698394775,0.11484870591829757,18,7
0.06425642340066537,0.0758879214129013,0.06683584603841847,439.14654564857483,0.07724852533896293,8.616721391677856,0.15524114642655537,28.819321632385254,0.2969886103176961,19,7
0.00026592707568095787,0.006195024767809659,0.007174103103426062,510.85204815864563,0.014307436911496524,5.563428640365601,0.0053604062391725705,7.775057077407837,0.2746260263790698,0,8
0.06762994187873314,0.0794795992081124,0.06328077876523949,320.7645480632782,0.05917078518814504,7.485696315765381,0.07924750851587321,19.951735019683838,0.3281001859216207,1,8
0.017632370821733266,0.03275176414774181,0.016962758748778152,497.5180706977844,0.03645961144796729,9.614794731140137,0.04896288157276718,10.984731197357178,0.244569628774245,2,8
0.00025263874864008966,0.00464273694114774,0.004618036237538606,552.0990686416626,0.013527324877692981,5.200545072555542,0.004835643237387914,8.97684359550476,0.1289449213766987,3,8
0.009131954267386898,0.017143652392848718,0.025458895385641278,440.4859435558319,0.13134948730583043,18.346993684768677,0.1039655445911104,19.552823781967163,0.06564657016779851,4,8
0.006626697697198899,0.005718247816663908,0.009807682338254752,538.7947800159454,0.029583802317053744,8.439381122589111,0.005166888400576798,10.957617282867432,0.31792291646745363,5,8
0.030806445124448002,0.023633343453589934,0.05236003254626539,384.04582715034485,0.02295897319294844,5.6028892993927,0.011929243902602304,8.530172348022461,0.2054979809293672,6,8
0.0662297807063897,0.06570500852105768,0.0657845066220765,488.1562216281891,0.09444768333001764,8.794654130935669,0.05060912555332965,16.379735469818115,0.18280390831449456,7,8
0.011126439563608218,0.03987872872008005,0.03562934967169436,288.28671860694885,0.06429252560824764,12.067277193069458,0.05726377902990469,7.586044549942017,0.09175492776286417,8,8
0.022012677610256635,0.04557843768574371,0.06866919233304283,506.3792612552643,0.03685627316025002,12.48021388053894,0.01562784261975673,12.164612770080566,0.1941117807063482,9,8
0.062432768688019155,0.07261830084755605,0.07746491534465219,532.4515271186829,0.14763275742580978,26.43741273880005,0.06104599128104484,11.365044832229614,0.38263973298286164,10,8
0.042752223840045546,0.0647601552936107,0.0395439394551708,338.8345949649811,0.036358265296227016,8.485374689102173,0.03895624064417255,10.402100086212158,0.30733365230596366,11,8
0.07923332696540411,0.0922434186612298,0.08814328050246309,293.4615569114685,0.09358714317861203,7.792741537094116,0.13638905805719753,20.763521194458008,0.3943242970938286,12,8
0.017735975350174904,0.04000938797433085,0.03299196634609376,282.98301339149475,0.04995135327488828,7.551494359970093,0.020503598924953254,21.557857990264893,0.22317851244450812,13,8
0.00036328413641595754,0.002577112144553401,0.0028461712935036127,400.3524434566498,0.03540568346309897,5.791110515594482,0.00767233657384455,9.598219156265259,0.16299288043510005,14,8
0.00025612158769386384,0.0034738615371801063,0.007313580201060092,332.87864542007446,0.01962527149431948,4.482368469238281,0.004867806303235455,6.964200496673584,0.13574679316929766,15,8
0.057631667716749505,0.07938855580789118,0.08302408246047022,292.4808671474457,0.04151237929695966,12.00282335281372,0.04850527357335974,12.006534337997437,0.29343140903346754,16,8
0.04432388073010789,0.0254380002451358,0.048973644120552,411.4096910953522,0.05515338220845798,9.032071113586426,0.05856484204296784,22.242746114730835,0.32303823810681426,17,8
0.009854886298324851,0.024099139383673078,0.010548305122312984,552.3504931926727,0.09969368345962895,13.257193326950073,0.0345625200871568,18.991727352142334,0.1360998531222672,18,8
0.03500748725759016,0.049601028493647684,0.048723030392528316,468.1600487232208,0.07449057281399588,18.42060422897339,0.0479007576521563,11.16326379776001,0.2606919775818085,19,8
0.00036386944459623446,0.0037896023617999338,0.005895078987862814,620.0965917110443,0.028487865847594558,8.95255732536316,0.010029124641922137,12.978450536727905,0.25202867461115186,0,9
0.03862626478710344,0.03370568739632726,0.018344265545808296,607.013480424881,0.075501937209976,17.10051417350769,0.035372287023986246,17.088099002838135,0.3212367864474855,1,9
0.046630934794393654,0.062253690855109116,0.07691253901581407,578.1549549102783,0.08059608372386365,13.028807401657104,0.08161363722016826,18.742711782455444,0.49081183465251,2,9
0.00039400874383136683,0.00591743913101482,0.006394196070572678,642.0404603481293,0.04428039640305103,10.61309814453125,0.042576911441545164,13.087852716445923,0.34506572187878287,3,9
0.0532722795941362,0.08224825706149472,0.0748297213643416,638.6692407131195,0.05047402034957552,11.4949951171875,0.05258775711723249,14.878433227539062,0.22760138738533825,4,9
0.034924211513325365,0.056388998447874934,0.043143595678237695,655.1198108196259,0.06870735075582916,11.06160593032837,0.05978016937760999,22.50967240333557,0.34030112044496774,5,9
0.032082561901476084,0.04512071937615798,0.030534823383971104,658.7456314563751,0.05905526231103375,7.806550979614258,0.0296437277600733,14.751961469650269,0.18143214112053327,6,9
0.00034365423977559997,0.005165847865702612,0.005505656918323106,648.8436706066132,0.014789545717069804,7.870158672332764,0.006762954125380018,12.072263956069946,0.19643795839459044,7,9
0.11270447708073353,0.09534737386088186,0.044208845893302644,363.0117335319519,0.0794776597809349,11.958776473999023,0.07167711177017466,30.43378496170044,0.46815586029166545,8,9
0.06469826552482814,0.06212378982421844,0.07566545559079886,616.5681104660034,0.05820299335742183,9.7788987159729,0.0928269904571324,18.887316703796387,0.4482318989956733,9,9
0.0035888468708347348,0.02542085770006402,0.025981570339106967,391.06392121315,0.05216524428148064,7.942008972167969,0.03072171136603511,13.286020517349243,0.3047969060911053,10,9
0.027466752108974996,0.07221303674632586,0.060058214322758166,592.0732390880585,0.05662621013600548,11.931145668029785,0.03531581419301114,15.237152099609375,0.21476601652456323,11,9
0.02423193180418227,0.028156637326133566,0.04114016527175851,603.3189265727997,0.048995620930658665,5.865687608718872,0.01750415679458504,16.04024028778076,0.46544920709903226,12,9
0.06772618212739738,0.08726701306317927,0.08131852890370436,586.975240945816,0.1138763083821295,42.08074975013733,0.06617367218180643,22.877698183059692,0.3394056968399991,13,9
0.011769616114007505,0.02911244365485632,0.02197364324964391,524.5393810272217,0.07688805147266564,9.507039546966553,0.03671438250630929,11.486728429794312,0.2564779538418653,14,9
0.023043878698212165,0.022650915023324985,0.04738210338390073,381.64895248413086,0.04964381086106538,15.739478826522827,0.0785495350250467,11.483359336853027,0.34834442938583066,15,9
0.07554347729482011,0.08028610050674449,0.06981170611271607,633.4554486274719,0.09752110613598353,17.83902597427368,0.10113642014501949,20.029319047927856,0.2731657424033451,16,9
0.12661416488550942,0.11057050550793962,0.10478190234399067,414.0818154811859,0.10516063871252894,13.925289392471313,0.167721946154527,19.37868094444275,0.39057361084622444,17,9
0.015788766933309533,0.02607511328674956,0.034506217683329836,621.4386982917786,0.042928615371536756,27.967325448989868,0.008964176513103805,11.100687503814697,0.3133484219542537,18,9
0.06562711723275197,0.06610228483272809,0.06350712491678974,540.3249757289886,0.05962983609845146,16.241126775741577,0.02909395990671667,21.01683735847473,0.33149250843232925,19,9
0.02765347614757848,0.033208439268444946,0.03828870378984413,403.1259813308716,0.07948024815030864,16.84901452064514,0.09302640332182563,30.922834634780884,0.24268205542009097,0,10
0.055382875969208135,0.05193366371106892,0.06235600424825409,522.268461227417,0.09154876375424696,88.10015892982483,0.10965831005386069,30.015729904174805,0.5429678809315044,1,10
0.03887539362129962,0.037118021607143434,0.050478594300792844,602.7566425800323,0.05695888584156896,13.584754467010498,0.030735298325985917,26.92860198020935,0.3956531398928781,2,10
0.04617589292089884,0.058399556037106316,0.06903051265628495,571.6421210765839,0.1071847845755269,39.700058460235596,0.06425719965266884,71.20148134231567,0.407267380441026,3,10
0.0871552614139696,0.08850903838981485,0.05223941056392676,720.4091429710388,0.10707525382070045,15.413915157318115,0.0705025316590419,56.18202328681946,0.44924031571136497,4,10
0.03642869360114308,0.09153460737354559,0.10100255757900575,708.2864446640015,0.20039137990914865,25.270694732666016,0.10948024774213465,29.575567960739136,0.49988247822999554,5,10
0.04491122284279547,0.052630187387599954,0.033547379055450556,699.6652538776398,0.05344782144794141,9.131969213485718,0.055288667521100544,16.38427495956421,0.44441707579040274,6,10
0.005346922604384259,0.024330883020587946,0.011101178561207627,497.9512860774994,0.058070689833116605,44.14327263832092,0.06716376315027119,16.613914251327515,0.48050015784032213,7,10
0.1309058836216508,0.08956071401841782,0.0804640671466203,466.0855550765991,0.11609830225600644,25.23977565765381,0.11577935779104101,25.073582410812378,0.5095474194277297,8,10
0.12741509117103864,0.10137069470352814,0.08180242265592405,684.468606710434,0.05199611238891798,14.798250198364258,0.1799649480188838,41.117698431015015,0.36879506882785573,9,10
0.0541436397376268,0.10777985861301734,0.11038674246322215,472.9361319541931,0.08710414187155216,15.625946998596191,0.0715749151625657,15.0523841381073,0.26236649828425684,10,10
0.011475824613993416,0.039184310255717024,0.03908761253198511,509.1252181529999,0.1169630506530285,14.568362712860107,0.11267871813417049,31.56980609893799,0.4735445312179081,11,10
0.01604562856246673,0.014189285636718724,0.018666321331724998,731.2619526386261,0.054376914690021795,14.415895462036133,0.04182571600777706,39.05723285675049,0.4600012439954475,12,10
0.0016145774273515347,0.006738387416932894,0.006487979550545507,684.013340473175,0.09037565487142696,15.669481754302979,0.04217575618678949,12.797873735427856,0.5940491589848714,13,10
0.1691741816438907,0.1318876228761658,0.10653346594829932,700.4003911018372,0.08853267145589312,14.58566403388977,0.14529634937947328,17.73109269142151,0.5080163077147183,14,10
0.06546916235551373,0.05928215631390379,0.07819787021282455,489.40429067611694,0.191492908784119,31.42275881767273,0.11346180682130111,32.4649760723114,0.2865872777079587,15,10
0.12084475821145121,0.10667345655588419,0.09395443560414934,392.4574637413025,0.0847973068783161,16.619906425476074,0.06111373185954112,23.08848476409912,0.5006751729919444,16,10
0.00505283273484154,0.015391301219294252,0.016736466875371336,659.9965054988861,0.05996265886613485,8.949939012527466,0.04791066874553571,15.997231006622314,0.40689333878930833,17,10
0.07766285479360069,0.08451709100793328,0.05524849958827283,548.100439786911,0.11243070047485086,11.927470922470093,0.22442601802912127,37.825398683547974,0.40726662260365376,18,10
0.026787959749981327,0.046567867983204836,0.06479382589266594,653.9905698299408,0.07779400524192988,18.16951298713684,0.048709584747042095,52.38602113723755,0.42524240458096685,19,10
