Amari LBFGSB,Dilations error LBFGSB,Shifts error LBFGSB,Time LBFGSB,Amari MVICAD,Time MVICAD,Amari MVICAD ext,Time MVICAD ext,Amari permica,random_state,W_scale
0.10636374845970498,0.04965329619730697,0.037225368038389,3407.6559579372406,0.004585396952624351,7.301879167556763,0.0007521027889087049,12.09065580368042,0.02785608018411507,0,0.25
0.14651887363837396,0.02537409000071125,0.03175552545962936,3460.2618446350098,0.008190018201962775,6.955513954162598,0.0009668400543306644,12.09034538269043,0.019733161012173435,1,0.25
0.07160824470857828,0.026214707638687277,0.03639922339202366,3416.6196279525757,0.008844386764074733,7.674417495727539,0.0016888199441856939,10.88286304473877,0.01324032780437811,2,0.25
0.07375308491786794,0.038981503093513406,0.02793526162570419,3371.877952337265,0.007894493387131983,6.0180463790893555,0.0013386650002070472,10.309062957763672,0.018985028446335345,3,0.25
0.09216184467446265,0.02962504871160163,0.03932875496120655,3058.3318519592285,0.004059551109596741,6.4490368366241455,0.001803824895498201,9.324356317520142,0.012900847375123975,4,0.25
0.09460401194184098,0.017743828670391253,0.01822395626551121,2636.212092399597,0.006465906015702344,6.902509927749634,0.0010407697955052402,10.62775206565857,0.022026856902629587,5,0.25
0.0961122783947156,0.018196958281238084,0.022692048603944866,2684.779977083206,0.01211380715471898,4.716627359390259,0.0008096351174817957,9.227855920791626,0.012063867173897059,6,0.25
0.1313123507178912,0.04001875911303142,0.035178621695617134,2797.030435562134,0.008533080251744943,5.49488639831543,0.0010448480974045965,8.682746887207031,0.018318415604939447,7,0.25
0.09645196147377011,0.014769697670755984,0.020673053555252063,2510.4788947105408,0.005695406721494245,5.608346700668335,0.0006408914590943162,9.771465539932251,0.024730001236568332,8,0.25
0.09172747759841957,0.025202701207381415,0.02598045056274405,2489.4497034549713,0.0054133168524378,5.132133483886719,0.0017459535795973247,8.632835865020752,0.010020253774238772,9,0.25
0.15342282945873859,0.045194707335068855,0.04820256134136774,2483.08420753479,0.006265978144570733,5.9407689571380615,0.0011513782120414603,9.227526664733887,0.0178349711361236,10,0.25
0.12404270591439688,0.0579179935471747,0.03250177419177429,2570.0343656539917,0.011702652705332894,7.292025089263916,0.001450854692902163,10.117938756942749,0.027660839597264196,11,0.25
0.09377224726792609,0.020805429751122737,0.028304286673604316,2589.606561899185,0.005365220740447551,7.032865524291992,0.0007427672476384678,9.785214900970459,0.015701384089713,12,0.25
0.1409256980932471,0.041732392752704364,0.03707927007930835,2567.338789463043,0.004087989038714166,6.170959949493408,0.001064094577982011,10.61891508102417,0.01879596928533169,13,0.25
0.06855266457343581,0.007819726655423439,0.007876636922926705,2572.4523375034332,0.018481680129216606,4.913461208343506,0.0019448858929225193,7.221030235290527,0.030466404560139583,14,0.25
0.07044035716377328,0.012089819097591725,0.014742574923798312,2644.536379814148,0.008068843546969472,5.557868719100952,0.0008725755962185888,8.531551361083984,0.010420652249442056,15,0.25
0.1617984019880893,0.06888690961156897,0.0696154607345772,2985.473262310028,0.007765655116404681,7.279026746749878,0.0011634458118310134,12.186615467071533,0.026944755919368513,16,0.25
0.09390737473257758,0.02354983356761666,0.02081045544488263,2968.2516372203827,0.0066205018728071425,7.104282379150391,0.0008559655512883558,11.604899883270264,0.020267069548622573,17,0.25
0.15251513988070292,0.0404205717787893,0.02999946491069897,2966.7336564064026,0.011940044585075691,4.899927854537964,0.0012693016186068663,7.922685146331787,0.014165370456291643,18,0.25
0.0950655261397658,0.00905730149342218,0.009104759439072648,3048.52033662796,0.004381161839966071,7.6848883628845215,0.0012714361035715954,10.333723306655884,0.009495301782370177,19,0.25
0.12549141727323374,0.040389336549107265,0.04337892440940594,2886.7339391708374,0.008175021734844896,6.268608808517456,0.0009229327053455639,10.22126579284668,0.018202907529267624,20,0.25
0.08140745660979169,0.02599015838298503,0.04251718652143475,2932.8030602931976,0.009631678999041984,7.08157205581665,0.0018724652241753014,13.494029521942139,0.039151232790032985,21,0.25
0.08150779384311695,0.026278882424032937,0.017870841892543517,2901.115815639496,0.008022029852738397,6.720666170120239,0.0017623786256830165,9.687859535217285,0.016468624215312373,22,0.25
0.10572478719819078,0.01893894825107676,0.02104213049350207,2939.022950410843,0.009763653107387455,6.525917291641235,0.0011286945733973432,8.999690055847168,0.01514495452501315,23,0.25
0.0993017142745178,0.034312022556824605,0.0585924352870734,2980.4793272018433,0.004781032864265001,7.083967924118042,0.0007277343327454583,11.510923624038696,0.007832391317752093,24,0.25
0.11691533509271687,0.02280909889500269,0.037813443260410945,3055.101520061493,0.013511798179010274,12.621833801269531,0.0018709793036502526,12.25365686416626,0.027067334953166773,25,0.25
0.0911288800327809,0.052305526645078926,0.05208645471201739,3034.9643816947937,0.008784209385350145,8.577657699584961,0.001582416941573427,12.985063791275024,0.020292089324337386,26,0.25
0.07875286965073497,0.021114162680909446,0.014332205931904108,2950.4347519874573,0.01066683333425861,6.684302568435669,0.0011195338541966499,12.450559616088867,0.03435663780827973,27,0.25
0.13371308326541917,0.031397099840520956,0.036653049945624724,2952.81231546402,0.00817473525503586,8.386468648910522,0.0013226137341187977,15.810801982879639,0.0315294419669062,28,0.25
0.07907666168942322,0.06511374897176174,0.06573029542470779,3010.1881997585297,0.006345365892105504,8.315051078796387,0.00103057633571249,10.804288148880005,0.023877810408045787,29,0.25
0.058723099525253696,0.03702350173352316,0.03125063359773468,2976.7797589302063,0.004585396952624351,7.006434917449951,0.0007521027889087049,11.550732374191284,0.02785608018411507,0,0.5
0.08914957887961772,0.010273253589619107,0.010842409977174776,3018.4172081947327,0.008190018201962775,6.834963083267212,0.0009668400543306644,11.140528440475464,0.019733161012173435,1,0.5
0.04034174515457455,0.014435128052666038,0.023019859721287263,2966.080795764923,0.008844386764074733,7.110256195068359,0.0016888199441856939,11.204642295837402,0.01324032780437811,2,0.5
0.0592821843337219,0.01573979179567494,0.017284950789680138,3006.211684703827,0.007894493387131983,8.009891986846924,0.0013386650002070472,10.894524097442627,0.018985028446335345,3,0.5
0.07593410163998238,0.04031207518908839,0.04214327788632009,3003.631399154663,0.004059551109596741,8.96967077255249,0.001803824895498201,12.286973237991333,0.012900847375123975,4,0.5
0.07483581765716085,0.01624761804724406,0.014182079429978805,3050.1291048526764,0.006465906015702344,8.507369041442871,0.0010407697955052402,13.5161292552948,0.022026856902629587,5,0.5
0.06396087200965964,0.008849392581235656,0.01044347181027014,2957.7964746952057,0.01211380715471898,5.038558721542358,0.0008096351174817957,9.569506406784058,0.012063867173897059,6,0.5
0.09686358341285424,0.038036242850524184,0.042903586045821986,2951.8702569007874,0.008533080251744943,6.84825873374939,0.0010448480974045965,10.989585161209106,0.018318415604939447,7,0.5
0.07337049874707721,0.014065152868054138,0.019070689089193845,2892.0869143009186,0.005695406721494245,7.02630615234375,0.0006408914590943162,12.094963550567627,0.024730001236568332,8,0.5
0.05766901179063877,0.010062534372940413,0.013414472948743417,2950.5672397613525,0.0054133168524378,6.303326845169067,0.0017459535795973247,10.69230580329895,0.010020253774238772,9,0.5
0.1223386339132563,0.02436467109235281,0.02997592205901137,2942.0306417942047,0.006265978144570733,7.961515665054321,0.0011513782120414603,12.811543941497803,0.0178349711361236,10,0.5
0.08688482495897276,0.02664170615299625,0.029589873882638958,2969.966274499893,0.011702652705332894,9.72819209098816,0.001450854692902163,12.852636575698853,0.027660839597264196,11,0.5
0.06011934410182655,0.012889925714012086,0.017754341812159135,3077.9288051128387,0.005365220740447551,8.75088357925415,0.0007427672476384678,12.495631217956543,0.015701384089713,12,0.5
0.0897395657239864,0.02257230537330892,0.025447077166740547,2958.753251314163,0.004087989038714166,8.462759494781494,0.001064094577982011,13.042863845825195,0.01879596928533169,13,0.5
0.06655699761370928,0.018481708700592934,0.020130537810350086,2963.678003311157,0.018481680129216606,6.945738315582275,0.0019448858929225193,10.528491735458374,0.030466404560139583,14,0.5
0.04853038859080825,0.014993142880928638,0.014369775322104896,2979.307225227356,0.008068843546969472,7.139876365661621,0.0008725755962185888,10.461252927780151,0.010420652249442056,15,0.5
0.12142450636358477,0.05354706073285046,0.051242894656410326,3033.939940214157,0.007765655116404681,7.130895137786865,0.0011634458118310134,12.717726707458496,0.026944755919368513,16,0.5
0.06310999091269429,0.018862448124855477,0.016577228851630536,3075.5480332374573,0.0066205018728071425,6.817041873931885,0.0008559655512883558,11.180079221725464,0.020267069548622573,17,0.5
0.13064822669082313,0.035333559095311697,0.032147852596157246,2363.5499250888824,0.011940044585075691,4.046809673309326,0.0012693016186068663,6.636814117431641,0.014165370456291643,18,0.5
0.08376522867364172,0.009133952751386166,0.009044589819441163,2308.551116466522,0.004381161839966071,4.878120422363281,0.0012714361035715954,7.606208324432373,0.009495301782370177,19,0.5
0.0827141120671506,0.032776734499812846,0.03616796013376559,2247.0790433883667,0.008175021734844896,6.583411693572998,0.0009229327053455639,10.417782068252563,0.018202907529267624,20,0.5
0.05752878222372859,0.01116301521462208,0.02422581886704982,2041.302029132843,0.009631678999041984,4.928414344787598,0.0018724652241753014,8.877436399459839,0.039151232790032985,21,0.5
0.057048420868368456,0.01026828573292975,0.009302743229893903,1719.7789380550385,0.008022029852738397,5.774120330810547,0.0017623786256830165,10.3940269947052,0.016468624215312373,22,0.5
0.06324381413531992,0.015021856852374142,0.01427404585479855,1743.4286930561066,0.009763653107387455,4.506006479263306,0.0011286945733973432,6.015950918197632,0.01514495452501315,23,0.5
0.08874739184044371,0.011385154081578789,0.011698002384201937,1757.8791744709015,0.004781032864265001,4.566146612167358,0.0007277343327454583,8.86133861541748,0.007832391317752093,24,0.5
0.06876506955097361,0.009184976714414721,0.013939757589634609,1764.969342470169,0.013511798179010274,7.09966778755188,0.0018709793036502526,8.000238180160522,0.027067334953166773,25,0.5
0.07275382868442928,0.051721057685283865,0.052082362706520176,1634.3346199989319,0.008784209385350145,5.793749809265137,0.001582416941573427,9.730732917785645,0.020292089324337386,26,0.5
0.039990687762519746,0.0090502856912972,0.016497185597176514,1661.164597272873,0.01066683333425861,4.329178810119629,0.0011195338541966499,9.707645654678345,0.03435663780827973,27,0.5
0.08823163252043158,0.013386551823151023,0.015090001907539667,1698.6457211971283,0.00817473525503586,6.551170110702515,0.0013226137341187977,11.926942825317383,0.0315294419669062,28,0.5
0.06635476012346474,0.03587179038392372,0.03704508111701952,1680.7411699295044,0.006345365892105504,5.6863157749176025,0.00103057633571249,7.467667102813721,0.023877810408045787,29,0.5
0.038591895169381864,0.02661420653170161,0.027053931481635422,1697.8610842227936,0.004585396952624351,5.0315282344818115,0.0007521027889087049,8.819565773010254,0.02785608018411507,0,1.0
0.06106666436010812,0.007841271913418935,0.007414491384846703,1686.5154747962952,0.008190018201962775,5.68343710899353,0.0009668400543306644,9.228903532028198,0.019733161012173435,1,1.0
0.03064320803486383,0.012289408049955312,0.019778419057825698,1710.4112701416016,0.008844386764074733,4.854187250137329,0.0016888199441856939,8.2977614402771,0.01324032780437811,2,1.0
0.03777476879277405,0.015375216803907417,0.021320227624337777,1684.3161985874176,0.007894493387131983,5.360671281814575,0.0013386650002070472,7.431671857833862,0.018985028446335345,3,1.0
0.06082244830385399,0.038942020612787766,0.040880419688674965,1677.044126033783,0.004059551109596741,5.67037558555603,0.001803824895498201,8.249847888946533,0.012900847375123975,4,1.0
0.06034410350815961,0.019353386668032664,0.01881896038619982,1690.4919984340668,0.006465906015702344,6.927388906478882,0.0010407697955052402,10.88453483581543,0.022026856902629587,5,1.0
0.042481062376812706,0.008713367307806063,0.008722859308164754,1664.0631141662598,0.01211380715471898,4.05565619468689,0.0008096351174817957,7.919068336486816,0.012063867173897059,6,1.0
0.0607188652073109,0.014003292604958898,0.013783013315913058,1667.0573971271515,0.008533080251744943,4.849583387374878,0.0010448480974045965,8.876623630523682,0.018318415604939447,7,1.0
0.04872472658973628,0.01089722103100967,0.018495866334715862,1724.9045157432556,0.005695406721494245,4.300050258636475,0.0006408914590943162,8.173309564590454,0.024730001236568332,8,1.0
0.04283799991405403,0.02195522381902321,0.017908838236568993,1723.398231267929,0.0054133168524378,4.320160150527954,0.0017459535795973247,7.869138717651367,0.010020253774238772,9,1.0
0.09289832741209272,0.01644259224038435,0.022811567741134183,1731.3172693252563,0.006265978144570733,5.942586660385132,0.0011513782120414603,9.771928787231445,0.0178349711361236,10,1.0
0.07165905072753725,0.0171096421548988,0.01653475449429427,1733.509551525116,0.011702652705332894,7.059430122375488,0.001450854692902163,8.986060857772827,0.027660839597264196,11,1.0
0.04297530374054436,0.008345075771502767,0.010531444481697731,1701.1757562160492,0.005365220740447551,8.649648666381836,0.0007427672476384678,10.396487712860107,0.015701384089713,12,1.0
0.07004377597622136,0.01942376468266625,0.018085933393561796,1702.9933094978333,0.004087989038714166,5.22014856338501,0.001064094577982011,8.907822847366333,0.01879596928533169,13,1.0
0.03826696937123126,0.0046760086854980305,0.004659511261576077,1710.3617355823517,0.018481680129216606,3.953461170196533,0.0019448858929225193,6.270919561386108,0.030466404560139583,14,1.0
0.03516870938430593,0.0071360345149158195,0.007943842859560667,1692.7104423046112,0.008068843546969472,6.87418007850647,0.0008725755962185888,8.717267751693726,0.010420652249442056,15,1.0
0.05864548534900503,0.031240896402653942,0.032070632402250714,1699.460542678833,0.007765655116404681,5.216465473175049,0.0011634458118310134,8.941141366958618,0.026944755919368513,16,1.0
0.041050886079305314,0.013893160080420212,0.010839788060297055,1723.7405800819397,0.0066205018728071425,5.5423877239227295,0.0008559655512883558,9.135119676589966,0.020267069548622573,17,1.0
0.0863285381617182,0.012102522903283893,0.012890757024408561,1700.1663942337036,0.011940044585075691,4.41336464881897,0.0012693016186068663,7.314374685287476,0.014165370456291643,18,1.0
0.0524129610634563,0.012250767143028408,0.009546428920703802,1713.4128868579865,0.004381161839966071,5.330712080001831,0.0012714361035715954,8.324728012084961,0.009495301782370177,19,1.0
0.05535390043361359,0.010762810566405401,0.023958256862845865,1732.2728509902954,0.008175021734844896,4.839780569076538,0.0009229327053455639,8.060925722122192,0.018202907529267624,20,1.0
0.039951993768911453,0.0071965565652531574,0.019429413152103767,1712.4472360610962,0.009631678999041984,4.350797653198242,0.0018724652241753014,8.402284622192383,0.039151232790032985,21,1.0
0.02933638224290472,0.007515757642104848,0.006705106260955172,1720.864414215088,0.008022029852738397,6.044496536254883,0.0017623786256830165,8.714751958847046,0.016468624215312373,22,1.0
0.032159252757128005,0.012914978279193726,0.012157005518210634,1725.43456697464,0.009763653107387455,4.732341051101685,0.0011286945733973432,6.6277244091033936,0.01514495452501315,23,1.0
0.06045894404847536,0.03489695510965817,0.05333462095756995,1763.5506224632263,0.004781032864265001,4.553677320480347,0.0007277343327454583,8.608944654464722,0.007832391317752093,24,1.0
0.0338378106359379,0.0062088233204492084,0.007727482554106283,1793.2564051151276,0.013511798179010274,8.660640954971313,0.0018709793036502526,9.244287729263306,0.027067334953166773,25,1.0
0.05094860913779893,0.030401866719782747,0.027757865845988564,1788.7713344097137,0.008784209385350145,6.368247985839844,0.001582416941573427,10.83536958694458,0.020292089324337386,26,1.0
0.023267042674803895,0.0035705097741739506,0.004083605102380419,1806.1728990077972,0.01066683333425861,5.312602996826172,0.0011195338541966499,10.77069091796875,0.03435663780827973,27,1.0
0.07514058449203007,0.011708011271713647,0.013921002534495318,1780.3964366912842,0.00817473525503586,6.259887933731079,0.0013226137341187977,11.091111898422241,0.0315294419669062,28,1.0
0.05066828492676121,0.011003876254125832,0.01134081432967004,1762.5570578575134,0.006345365892105504,4.983102560043335,0.00103057633571249,7.305506944656372,0.023877810408045787,29,1.0
0.020240744020090944,0.023624153561066823,0.023786430580236648,1759.8872442245483,0.004585396952624351,5.21389102935791,0.0007521027889087049,9.691897869110107,0.02785608018411507,0,2.0
0.041717357108395504,0.0071435097085299415,0.006259521912141191,1755.7296514511108,0.008190018201962775,4.769569396972656,0.0009668400543306644,8.162272930145264,0.019733161012173435,1,2.0
0.02923781227164119,0.010953351048676296,0.018001911909524413,1705.377830028534,0.008844386764074733,5.23518180847168,0.0016888199441856939,8.464025497436523,0.01324032780437811,2,2.0
0.023664973266762944,0.01127691055175422,0.015046029599411932,1735.7434496879578,0.007894493387131983,5.244391441345215,0.0013386650002070472,8.24752140045166,0.018985028446335345,3,2.0
0.04210828621292616,0.011346589001641271,0.01090735020549523,1794.9155061244965,0.004059551109596741,6.4450623989105225,0.001803824895498201,9.574946641921997,0.012900847375123975,4,2.0
0.04608547234950664,0.00840451113072162,0.007030890490671515,1809.4518370628357,0.006465906015702344,6.9479968547821045,0.0010407697955052402,11.013705253601074,0.022026856902629587,5,2.0
0.03434874448935099,0.0071232859844317,0.006697072238323931,1897.965012550354,0.01211380715471898,5.039003849029541,0.0008096351174817957,9.637351512908936,0.012063867173897059,6,2.0
0.04395644258953138,0.017273721215048405,0.022129869631419084,1861.8786001205444,0.008533080251744943,5.366959810256958,0.0010448480974045965,8.429211139678955,0.018318415604939447,7,2.0
0.023118978100506907,0.006289306004275057,0.013907887627666763,1821.2845373153687,0.005695406721494245,4.358023405075073,0.0006408914590943162,7.877509355545044,0.024730001236568332,8,2.0
0.022475887541988492,0.01922677803845757,0.01919299763558704,1802.0012457370758,0.0054133168524378,3.9283814430236816,0.0017459535795973247,6.932089328765869,0.010020253774238772,9,2.0
0.07534582818062889,0.015365536482044199,0.022182850510538105,1725.1807107925415,0.006265978144570733,5.721893787384033,0.0011513782120414603,8.275324821472168,0.0178349711361236,10,2.0
0.04696467882842091,0.01857199327006581,0.019703795911344635,1720.0756459236145,0.011702652705332894,6.670742511749268,0.001450854692902163,9.470552206039429,0.027660839597264196,11,2.0
0.03804483187737456,0.010717284636848975,0.01586287568072176,1709.0132257938385,0.005365220740447551,5.670462131500244,0.0007427672476384678,9.062748908996582,0.015701384089713,12,2.0
0.043805476465741365,0.035519689086761314,0.02717887291098879,1732.5947849750519,0.004087989038714166,5.174692630767822,0.001064094577982011,9.412307024002075,0.01879596928533169,13,2.0
0.02598007836857492,0.0068871403725467295,0.0067549810792452165,1760.288358449936,0.018481680129216606,4.862275123596191,0.0019448858929225193,7.426846504211426,0.030466404560139583,14,2.0
0.020932094031299264,0.006249884119623868,0.007276786891634274,1741.9899718761444,0.008068843546969472,4.804317235946655,0.0008725755962185888,7.02709436416626,0.010420652249442056,15,2.0
0.03881949760894933,0.007271946989662744,0.00892716693913227,1743.9922444820404,0.007765655116404681,4.67593240737915,0.0011634458118310134,8.360647916793823,0.026944755919368513,16,2.0
0.021536874112065854,0.017870030094531333,0.013404859544422611,1731.2006013393402,0.0066205018728071425,4.559786081314087,0.0008559655512883558,8.197365760803223,0.020267069548622573,17,2.0
0.05426593584109544,0.014127316036671349,0.0136663272901412,1658.423094034195,0.011940044585075691,4.651073217391968,0.0012693016186068663,8.034173011779785,0.014165370456291643,18,2.0
0.04165023269561561,0.010013834744409955,0.006559186831939908,1674.068927526474,0.004381161839966071,4.268629312515259,0.0012714361035715954,6.3847527503967285,0.009495301782370177,19,2.0
0.029826746677568967,0.008414325409650415,0.011557051831242298,1696.3133409023285,0.008175021734844896,5.579044818878174,0.0009229327053455639,9.208469152450562,0.018202907529267624,20,2.0
0.015397229377311916,0.005692361581306467,0.018194872288169333,1695.4210140705109,0.009631678999041984,4.941960096359253,0.0018724652241753014,9.84592580795288,0.039151232790032985,21,2.0
0.018943925345450075,0.0055539066187886765,0.004681860638248472,1714.6082727909088,0.008022029852738397,6.569400072097778,0.0017623786256830165,9.814960718154907,0.016468624215312373,22,2.0
0.0233667092930163,0.008574488957244608,0.008180708158083227,1719.2871124744415,0.009763653107387455,5.19762110710144,0.0011286945733973432,7.123186826705933,0.01514495452501315,23,2.0
0.03712851672737207,0.0062503816670556045,0.0069308265826972856,1740.5646953582764,0.004781032864265001,5.268211603164673,0.0007277343327454583,9.249682664871216,0.007832391317752093,24,2.0
0.023573871229014443,0.0080640556283097,0.01092160951644203,1733.9417219161987,0.013511798179010274,8.784963846206665,0.0018709793036502526,8.94198226928711,0.027067334953166773,25,2.0
0.03340377636254968,0.00919475061781,0.00722465878595324,1746.963292837143,0.008784209385350145,6.917125701904297,0.001582416941573427,11.135030269622803,0.020292089324337386,26,2.0
0.007433943272692545,0.002946464705148877,0.003655770778442045,1730.5154345035553,0.01066683333425861,4.453356027603149,0.0011195338541966499,9.188272714614868,0.03435663780827973,27,2.0
0.05434334646598961,0.009388053127369256,0.010511009877263085,1776.264424085617,0.00817473525503586,5.809413909912109,0.0013226137341187977,10.99458646774292,0.0315294419669062,28,2.0
0.03509310795074122,0.004609354594274277,0.005280149556044856,1765.0890657901764,0.006345365892105504,6.064869403839111,0.00103057633571249,8.989977836608887,0.023877810408045787,29,2.0
0.013368656252988456,0.014708077588331462,0.016246963141722002,1802.1099090576172,0.004585396952624351,5.787139654159546,0.0007521027889087049,10.316357612609863,0.02785608018411507,0,4.0
0.016796604510343156,0.005584224108573229,0.004030959480681794,1799.975689649582,0.008190018201962775,5.739663362503052,0.0009668400543306644,9.594403982162476,0.019733161012173435,1,4.0
0.02325710687416848,0.01010903063048274,0.012954711243257117,1802.3700332641602,0.008844386764074733,5.711520671844482,0.0016888199441856939,8.635560750961304,0.01324032780437811,2,4.0
0.01521660410331952,0.01272607200353378,0.015256079518762114,1804.0730710029602,0.007894493387131983,6.402182340621948,0.0013386650002070472,8.724626541137695,0.018985028446335345,3,4.0
0.018524431443479757,0.009367516912660794,0.008772400938480427,1777.5313320159912,0.004059551109596741,5.7082977294921875,0.001803824895498201,8.35831880569458,0.012900847375123975,4,4.0
0.03330890230690366,0.014461217548020515,0.016098858146046148,1758.9219584465027,0.006465906015702344,5.914677381515503,0.0010407697955052402,9.615038633346558,0.022026856902629587,5,4.0
0.024952201768401315,0.004709850080543003,0.005394550076347679,1749.7663340568542,0.01211380715471898,4.93221116065979,0.0008096351174817957,9.471274137496948,0.012063867173897059,6,4.0
0.031209394282838393,0.008254971802869274,0.008201216007082329,1776.4319479465485,0.008533080251744943,5.655893564224243,0.0010448480974045965,9.180534362792969,0.018318415604939447,7,4.0
0.005186358147442794,0.006842200047249751,0.01056260612177303,1827.8549754619598,0.005695406721494245,4.141210079193115,0.0006408914590943162,7.898133993148804,0.024730001236568332,8,4.0
0.012564675800805359,0.005404529142947852,0.007629449738889393,1822.1718709468842,0.0054133168524378,4.671117067337036,0.0017459535795973247,7.925850868225098,0.010020253774238772,9,4.0
0.04518687291625932,0.013482702494115654,0.018224207078027545,1827.8225626945496,0.006265978144570733,4.904913425445557,0.0011513782120414603,7.690101385116577,0.0178349711361236,10,4.0
0.02474484987203602,0.010242065008944649,0.009854284614763644,1842.7875413894653,0.011702652705332894,7.954833984375,0.001450854692902163,9.5701003074646,0.027660839597264196,11,4.0
0.03245091094131465,0.008440208369214513,0.012344847516529844,1785.5347089767456,0.005365220740447551,7.15378737449646,0.0007427672476384678,9.913110733032227,0.015701384089713,12,4.0
0.02930632656247622,0.011040690408084178,0.010098562260046507,1798.7053971290588,0.004087989038714166,6.031975746154785,0.001064094577982011,10.170769453048706,0.01879596928533169,13,4.0
0.01568613880560802,0.005470888398331771,0.006077359621977997,1751.7682156562805,0.018481680129216606,4.4983439445495605,0.0019448858929225193,6.78216814994812,0.030466404560139583,14,4.0
0.017535181002401055,0.006201601352831424,0.007667823155933655,1745.7029440402985,0.008068843546969472,5.234894037246704,0.0008725755962185888,7.360259056091309,0.010420652249442056,15,4.0
0.03237421820409349,0.010160537528750457,0.013803312178932872,1713.8389747142792,0.007765655116404681,5.155422210693359,0.0011634458118310134,9.08695912361145,0.026944755919368513,16,4.0
0.005967560685556182,0.005884908572438178,0.00502965062488497,1713.668615579605,0.0066205018728071425,5.337830543518066,0.0008559655512883558,9.002502918243408,0.020267069548622573,17,4.0
0.02922404348302623,0.005040770752414625,0.004772473601580254,1703.0169875621796,0.011940044585075691,5.17918586730957,0.0012693016186068663,7.4354870319366455,0.014165370456291643,18,4.0
0.034964566954102154,0.010252295735892026,0.007051636805113263,1731.7833414077759,0.004381161839966071,5.82504940032959,0.0012714361035715954,8.577533483505249,0.009495301782370177,19,4.0
0.019094732784628,0.007144576236259932,0.010561475466358999,1788.1139998435974,0.008175021734844896,6.564075469970703,0.0009229327053455639,11.767293453216553,0.018202907529267624,20,4.0
0.011537254625657876,0.0047740602051285315,0.017761738464604254,1809.8529379367828,0.009631678999041984,5.534734010696411,0.0018724652241753014,10.12618088722229,0.039151232790032985,21,4.0
0.006563752315465907,0.0056824410424091846,0.004845861289714775,1831.7991497516632,0.008022029852738397,7.27029824256897,0.0017623786256830165,10.433620691299438,0.016468624215312373,22,4.0
0.009220432003245963,0.007066065290675757,0.006427516624440544,1866.4826290607452,0.009763653107387455,4.04206919670105,0.0011286945733973432,6.530555248260498,0.01514495452501315,23,4.0
0.026137645727534086,0.0055541859461649135,0.005985310894210507,1890.8633861541748,0.004781032864265001,4.123589277267456,0.0007277343327454583,7.451138257980347,0.007832391317752093,24,4.0
0.013540320479657317,0.004758801607732703,0.005946313823335932,1834.646969795227,0.013511798179010274,10.194464206695557,0.0018709793036502526,9.888129472732544,0.027067334953166773,25,4.0
0.022003293275838283,0.008562492920767358,0.00691738242200771,1841.5899658203125,0.008784209385350145,5.00727653503418,0.001582416941573427,8.352210283279419,0.020292089324337386,26,4.0
0.0009462184828622248,0.0025589115838755266,0.0031639038583488183,1818.905931711197,0.01066683333425861,4.471017837524414,0.0011195338541966499,8.960611820220947,0.03435663780827973,27,4.0
0.04259202628803125,0.010499223941309572,0.011755517718671145,1782.7104141712189,0.00817473525503586,6.8171563148498535,0.0013226137341187977,12.22412919998169,0.0315294419669062,28,4.0
0.02088262635662554,0.009524579343666984,0.009819559294102397,1809.1733226776123,0.006345365892105504,5.619824647903442,0.00103057633571249,7.555245637893677,0.023877810408045787,29,4.0
0.008522312568428335,0.011083041616735597,0.011147222197671154,1815.8407595157623,0.004585396952624351,5.7116804122924805,0.0007521027889087049,9.750620603561401,0.02785608018411507,0,8.0
0.010394089262902197,0.005316827826821735,0.003619797608234854,1809.2643671035767,0.008190018201962775,5.2237279415130615,0.0009668400543306644,7.52461576461792,0.019733161012173435,1,8.0
0.012518232763550106,0.015137691771152506,0.01310903644494079,1772.1126899719238,0.008844386764074733,5.5692832469940186,0.0016888199441856939,8.417181015014648,0.01324032780437811,2,8.0
0.009064167039683093,0.007199407558601423,0.012206610154762572,1726.004893064499,0.007894493387131983,5.40006160736084,0.0013386650002070472,7.570898532867432,0.018985028446335345,3,8.0
0.006461781526890936,0.009392489417391426,0.007994944882824671,1736.6818470954895,0.004059551109596741,6.2751195430755615,0.001803824895498201,8.937787771224976,0.012900847375123975,4,8.0
0.012253917865073554,0.008507428973590822,0.006586051999568893,1744.5384495258331,0.006465906015702344,6.749325752258301,0.0010407697955052402,10.552784204483032,0.022026856902629587,5,8.0
0.017062659663605585,0.007748025184861221,0.00849349461278485,1796.1889505386353,0.01211380715471898,4.9364001750946045,0.0008096351174817957,9.484528303146362,0.012063867173897059,6,8.0
0.02324845458986237,0.00581259050813154,0.005606259199926415,1801.1236164569855,0.008533080251744943,4.9580652713775635,0.0010448480974045965,8.481469869613647,0.018318415604939447,7,8.0
0.0009664443487503903,0.005460487508140895,0.00823423592616215,1771.050091266632,0.005695406721494245,5.289043664932251,0.0006408914590943162,10.103178977966309,0.024730001236568332,8,8.0
0.00530585116700878,0.004494933200074065,0.005779131247081263,1790.532203912735,0.0054133168524378,5.100095510482788,0.0017459535795973247,8.69499945640564,0.010020253774238772,9,8.0
0.024006351783789636,0.009601666892272768,0.008294524141350058,1770.257271528244,0.006265978144570733,5.705257892608643,0.0011513782120414603,9.189093112945557,0.0178349711361236,10,8.0
0.008235540009237239,0.007729556749197294,0.008668282560468218,1763.7485330104828,0.011702652705332894,5.96143651008606,0.001450854692902163,8.9998037815094,0.027660839597264196,11,8.0
0.02912395375140977,0.005021376289874276,0.005367726194510963,1768.901316165924,0.005365220740447551,6.416366815567017,0.0007427672476384678,9.173873662948608,0.015701384089713,12,8.0
0.02360392291955474,0.010097743763433116,0.00845073638114528,1739.4610171318054,0.004087989038714166,6.178644895553589,0.001064094577982011,10.669377326965332,0.01879596928533169,13,8.0
0.002827593683955388,0.003211943733137975,0.0036704650078134716,1728.2315094470978,0.018481680129216606,4.674543619155884,0.0019448858929225193,7.191791534423828,0.030466404560139583,14,8.0
0.01569170381675816,0.005667614540301517,0.007625987022088861,1749.465184211731,0.008068843546969472,4.652788877487183,0.0008725755962185888,7.222809314727783,0.010420652249442056,15,8.0
0.012433297217078976,0.005643399083783144,0.005755982643305653,1759.3568513393402,0.007765655116404681,4.800791263580322,0.0011634458118310134,9.816046476364136,0.026944755919368513,16,8.0
0.0011640451140410677,0.005088705108789638,0.0028098223440623264,1772.748405456543,0.0066205018728071425,5.893305063247681,0.0008559655512883558,9.81665563583374,0.020267069548622573,17,8.0
0.019410809623651597,0.004845314364352312,0.003733740897211152,1803.7599296569824,0.011940044585075691,4.662116527557373,0.0012693016186068663,7.598667621612549,0.014165370456291643,18,8.0
0.028282254262328034,0.010114405532482629,0.007731144515853635,1781.1596841812134,0.004381161839966071,5.124376058578491,0.0012714361035715954,7.124335527420044,0.009495301782370177,19,8.0
0.014965688033672372,0.0031414778267898403,0.005505253371347973,1767.3540585041046,0.008175021734844896,5.403397083282471,0.0009229327053455639,9.069037914276123,0.018202907529267624,20,8.0
0.00624469720990501,0.0043307425163183495,0.004823078083796796,1773.4294543266296,0.009631678999041984,4.491113662719727,0.0018724652241753014,8.003881692886353,0.039151232790032985,21,8.0
0.0025542286089402532,0.004441664415209937,0.002690916746287709,1803.8589341640472,0.008022029852738397,6.720106363296509,0.0017623786256830165,9.860734701156616,0.016468624215312373,22,8.0
0.007159595608231322,0.008144211741086335,0.007795272850949714,1798.5103027820587,0.009763653107387455,3.988166332244873,0.0011286945733973432,5.60974645614624,0.01514495452501315,23,8.0
0.023073479235900213,0.0047228049276970925,0.005446289120161497,1806.4558815956116,0.004781032864265001,4.564575433731079,0.0007277343327454583,8.591707468032837,0.007832391317752093,24,8.0
0.006828950513832577,0.004539262157568136,0.005999626990592611,1779.284297466278,0.013511798179010274,9.750524997711182,0.0018709793036502526,10.238429069519043,0.027067334953166773,25,8.0
0.01621946341453868,0.005008149760672069,0.003525649614733612,1750.780117034912,0.008784209385350145,6.782680511474609,0.001582416941573427,11.386049747467041,0.020292089324337386,26,8.0
0.0002461897983728848,0.00230400635118689,0.0027970682014054086,1763.9466171264648,0.01066683333425861,5.126039505004883,0.0011195338541966499,10.780579566955566,0.03435663780827973,27,8.0
0.033026162448363525,0.009633507718699445,0.011645685798469686,1789.648316860199,0.00817473525503586,6.0388405323028564,0.0013226137341187977,11.113030910491943,0.0315294419669062,28,8.0
0.006844675098531018,0.009380304253684961,0.00889871367230143,1793.9277129173279,0.006345365892105504,5.097477436065674,0.00103057633571249,6.929304122924805,0.023877810408045787,29,8.0
0.001621101430046766,0.007751694868542428,0.009775732931420785,1746.73712682724,0.004585396952624351,5.2067601680755615,0.0007521027889087049,8.012414932250977,0.02785608018411507,0,16.0
0.004766645255826623,0.004578887617683943,0.003003183464110846,1769.276873588562,0.008190018201962775,4.365150451660156,0.0009668400543306644,7.12433385848999,0.019733161012173435,1,16.0
0.003614409768703949,0.004659589828987846,0.005291992288329126,1715.2626366615295,0.008844386764074733,5.900283098220825,0.0016888199441856939,8.83811068534851,0.01324032780437811,2,16.0
0.005120578054371736,0.008166027903292664,0.012053040520453692,1732.4473311901093,0.007894493387131983,6.510004043579102,0.0013386650002070472,8.94439435005188,0.018985028446335345,3,16.0
0.004717258500325146,0.0053519476849387074,0.004333720498314125,1743.4947972297668,0.004059551109596741,7.448479413986206,0.001803824895498201,10.466087341308594,0.012900847375123975,4,16.0
0.0044084901711234125,0.00606155290826735,0.005518444270892515,1750.641517162323,0.006465906015702344,6.044795036315918,0.0010407697955052402,9.667518138885498,0.022026856902629587,5,16.0
0.004392742889850781,0.003966955344494783,0.005741404543088085,1765.3918902873993,0.01211380715471898,4.2214133739471436,0.0008096351174817957,7.683043003082275,0.012063867173897059,6,16.0
0.007226171174892021,0.005518647329642908,0.005688161716183839,1773.047108888626,0.008533080251744943,5.589389324188232,0.0010448480974045965,9.302945137023926,0.018318415604939447,7,16.0
0.00526729127819954,0.014128821406298557,0.023478776884602818,1805.591581583023,0.005695406721494245,6.027743339538574,0.0006408914590943162,11.92606782913208,0.024730001236568332,8,16.0
0.002370973067166004,0.009272135637011151,0.017065986446931372,1813.8224728107452,0.0054133168524378,5.178835153579712,0.0017459535795973247,8.466860055923462,0.010020253774238772,9,16.0
0.008193642188196617,0.007019925162448385,0.006319226850403296,1804.198738336563,0.006265978144570733,5.355144500732422,0.0011513782120414603,9.087385654449463,0.0178349711361236,10,16.0
0.001955255425686277,0.008581328777983207,0.009245490833266022,1822.4548807144165,0.011702652705332894,6.3764026165008545,0.001450854692902163,8.593558311462402,0.027660839597264196,11,16.0
0.017693596649215885,0.004636091812367375,0.00450598938535714,1816.2134628295898,0.005365220740447551,7.382776975631714,0.0007427672476384678,10.047415971755981,0.015701384089713,12,16.0
0.02052388088540117,0.009677650768760393,0.007238991884663934,1812.7180511951447,0.004087989038714166,6.145869970321655,0.001064094577982011,11.033927202224731,0.01879596928533169,13,16.0
0.0004800238483256142,0.0029722258202121562,0.003124334153850916,1813.247507572174,0.018481680129216606,5.024123430252075,0.0019448858929225193,7.81758451461792,0.030466404560139583,14,16.0
0.014219891578331551,0.0063994909517188486,0.007004423285932451,1854.2143132686615,0.008068843546969472,4.624909162521362,0.0008725755962185888,6.597269535064697,0.010420652249442056,15,16.0
0.004922983427261768,0.005260172781920051,0.004360253729048931,1881.3119204044342,0.007765655116404681,6.0224080085754395,0.0011634458118310134,10.162353277206421,0.026944755919368513,16,16.0
0.00019005600669275423,0.0051394179325242925,0.0033315157438771562,1874.8711228370667,0.0066205018728071425,4.726450204849243,0.0008559655512883558,8.411495923995972,0.020267069548622573,17,16.0
0.012084517489034021,0.004630167732929665,0.004499956676668568,1860.1493663787842,0.011940044585075691,4.095990896224976,0.0012693016186068663,6.49799108505249,0.014165370456291643,18,16.0
0.0006170782882125063,0.0039785521260236375,0.004471792794605254,1816.6702091693878,0.004381161839966071,4.223623991012573,0.0012714361035715954,6.714392185211182,0.009495301782370177,19,16.0
0.013324085922127967,0.0034067084042901856,0.005462162384019512,1761.7970643043518,0.008175021734844896,5.793105125427246,0.0009229327053455639,9.65824007987976,0.018202907529267624,20,16.0
0.0059755277020994025,0.0036535163607464673,0.004026896273971028,1740.74183011055,0.009631678999041984,4.99094033241272,0.0018724652241753014,9.602696180343628,0.039151232790032985,21,16.0
0.00021265162183071082,0.005157888894219627,0.0039646370418435104,1714.621163368225,0.008022029852738397,5.81589674949646,0.0017623786256830165,8.438401460647583,0.016468624215312373,22,16.0
0.008841407088484089,0.00349208383470044,0.003933740043233946,1707.664553642273,0.009763653107387455,4.729000091552734,0.0011286945733973432,6.63880729675293,0.01514495452501315,23,16.0
0.02278889004301351,0.007338565979254482,0.009145609728802098,1746.2217576503754,0.004781032864265001,5.651828289031982,0.0007277343327454583,9.764190435409546,0.007832391317752093,24,16.0
0.000574355466158158,0.003944863331975646,0.004586822271026972,1767.2526051998138,0.013511798179010274,7.0945961475372314,0.0018709793036502526,7.903063058853149,0.027067334953166773,25,16.0
0.012558910414483,0.004167395837530093,0.0025509411520153,1779.7631170749664,0.008784209385350145,6.424063444137573,0.001582416941573427,10.051767110824585,0.020292089324337386,26,16.0
4.278729015001573e-05,0.002204080712007935,0.0021704021523453253,1821.1302683353424,0.01066683333425861,5.279223680496216,0.0011195338541966499,10.19657850265503,0.03435663780827973,27,16.0
0.020636769298207784,0.008045768452550414,0.009354863978444445,1800.11301279068,0.00817473525503586,6.124467134475708,0.0013226137341187977,11.243143796920776,0.0315294419669062,28,16.0
0.004229075791934314,0.010722545491554618,0.015478163679787039,1791.7799961566925,0.006345365892105504,6.5201380252838135,0.00103057633571249,8.734484910964966,0.023877810408045787,29,16.0
0.00026936589907602856,0.004841648783566151,0.007173681427746972,1790.0746765136719,0.004585396952624351,4.852515697479248,0.0007521027889087049,8.24370813369751,0.02785608018411507,0,32.0
0.0004654269003920242,0.0048517466917177695,0.003157504531800601,1742.9775743484497,0.008190018201962775,4.903668165206909,0.0009668400543306644,8.542986631393433,0.019733161012173435,1,32.0
0.0003356016713921171,0.004045050978614939,0.004737656552337534,1738.7381801605225,0.008844386764074733,5.450100898742676,0.0016888199441856939,9.007942914962769,0.01324032780437811,2,32.0
0.005261634775420569,0.006448856975348142,0.00996681128045021,1724.8665645122528,0.007894493387131983,5.498697996139526,0.0013386650002070472,7.759580135345459,0.018985028446335345,3,32.0
0.004622598586083908,0.0053749231770351515,0.004179285371616914,1716.6576979160309,0.004059551109596741,5.832940578460693,0.001803824895498201,8.701371669769287,0.012900847375123975,4,32.0
0.0006186439294743764,0.005711865002394559,0.004591948599066916,1707.7164099216461,0.006465906015702344,5.376605987548828,0.0010407697955052402,8.405113697052002,0.022026856902629587,5,32.0
0.0005855799864043379,0.004462143727441684,0.005991372928785233,1636.9607768058777,0.01211380715471898,4.343436241149902,0.0008096351174817957,8.98302960395813,0.012063867173897059,6,32.0
0.007278886642558649,0.004764005653384884,0.005102478971079764,1645.7776792049408,0.008533080251744943,4.40500545501709,0.0010448480974045965,7.816065549850464,0.018318415604939447,7,32.0
0.009775635173946728,0.003558019639416754,0.003829713401585039,1630.864794254303,0.005695406721494245,4.013757228851318,0.0006408914590943162,7.328842639923096,0.024730001236568332,8,32.0
0.0027530228564734494,0.009260205085958428,0.01742744138100377,1613.0415425300598,0.0054133168524378,3.7712392807006836,0.0017459535795973247,6.573413372039795,0.010020253774238772,9,32.0
0.003032947452347139,0.007108345710041138,0.004904008543862395,1623.9221386909485,0.006265978144570733,5.629984378814697,0.0011513782120414603,9.018499374389648,0.0178349711361236,10,32.0
0.0002883526621157789,0.008274965633891648,0.008489831903424493,1621.0997598171234,0.011702652705332894,6.7684547901153564,0.001450854692902163,9.865779876708984,0.027660839597264196,11,32.0
0.013525736009235198,0.0041022951190605545,0.0036964772704836404,1616.2137501239777,0.005365220740447551,5.7478625774383545,0.0007427672476384678,8.606289386749268,0.015701384089713,12,32.0
0.0008251480178808103,0.010027216339902697,0.007302709493214582,1602.987544298172,0.004087989038714166,4.503970146179199,0.001064094577982011,8.190672397613525,0.01879596928533169,13,32.0
6.26588363072167e-05,0.0028418537661548077,0.0026884336179637566,1637.3514952659607,0.018481680129216606,4.655699968338013,0.0019448858929225193,7.384338617324829,0.030466404560139583,14,32.0
0.01392320624347292,0.007911307666267676,0.008122370747123513,1623.0662734508514,0.008068843546969472,4.9151387214660645,0.0008725755962185888,7.518246650695801,0.010420652249442056,15,32.0
0.0010446266893262325,0.00463903981541014,0.004059241760045822,1622.1231796741486,0.007765655116404681,4.218603849411011,0.0011634458118310134,7.38979697227478,0.026944755919368513,16,32.0
4.841949616733547e-05,0.0053680615601947625,0.0033335881633892368,1617.7214782238007,0.0066205018728071425,4.650257110595703,0.0008559655512883558,8.176575660705566,0.020267069548622573,17,32.0
0.005476141114000662,0.004472208294242678,0.0031767835160203166,1630.5068717002869,0.011940044585075691,4.818685054779053,0.0012693016186068663,7.6937432289123535,0.014165370456291643,18,32.0
9.092291254677126e-05,0.0041077639631352065,0.00315510749293199,1627.4141981601715,0.004381161839966071,5.118149042129517,0.0012714361035715954,7.82940149307251,0.009495301782370177,19,32.0
0.009498541258143872,0.003543142653114136,0.0054221219770649995,1654.996495962143,0.008175021734844896,5.327258825302124,0.0009229327053455639,9.379233121871948,0.018202907529267624,20,32.0
0.007072386891863999,0.0036746872656277076,0.004118795757786519,1617.5081770420074,0.009631678999041984,5.0907142162323,0.0018724652241753014,9.602228879928589,0.039151232790032985,21,32.0
4.8806218092246424e-05,0.0049689507754008344,0.002868565724548654,1624.1569690704346,0.008022029852738397,6.21360182762146,0.0017623786256830165,8.920895338058472,0.016468624215312373,22,32.0
0.0008402916988074309,0.003525980857010432,0.004323303244658849,1641.7368829250336,0.009763653107387455,4.688110828399658,0.0011286945733973432,5.984254598617554,0.01514495452501315,23,32.0
0.015084706275845471,0.004991748931098098,0.00579481836383995,1658.0477194786072,0.004781032864265001,4.170722961425781,0.0007277343327454583,7.5382678508758545,0.007832391317752093,24,32.0
0.00010217196108574709,0.004019992635141152,0.0054488749789495285,1669.4390194416046,0.013511798179010274,7.265442609786987,0.0018709793036502526,7.98773193359375,0.027067334953166773,25,32.0
0.008066571015223156,0.0044425245013198595,0.0035423975319840676,1630.3349335193634,0.008784209385350145,6.14380145072937,0.001582416941573427,10.561202049255371,0.020292089324337386,26,32.0
2.9467104200822657e-05,0.0017348754640842438,0.002727082953912897,1718.9480936527252,0.01066683333425861,4.823940277099609,0.0011195338541966499,9.6749427318573,0.03435663780827973,27,32.0
0.010324039345025678,0.00726003420344881,0.008672641086923635,1616.273358821869,0.00817473525503586,5.461064577102661,0.0013226137341187977,10.475696325302124,0.0315294419669062,28,32.0
0.0001003003725309639,0.003612899089045296,0.003177536517829549,1627.8736670017242,0.006345365892105504,5.801755905151367,0.00103057633571249,7.815619707107544,0.023877810408045787,29,32.0
4.880754438328268e-05,0.004637024083601267,0.0060048546204399126,1675.180267572403,0.004585396952624351,5.043619632720947,0.0007521027889087049,8.6912522315979,0.02785608018411507,0,64.0
5.9717704999228305e-05,0.004443079053985018,0.0027241623111818425,1679.3028330802917,0.008190018201962775,4.659505844116211,0.0009668400543306644,7.962775468826294,0.019733161012173435,1,64.0
4.972836745123221e-05,0.002905635638741533,0.003418684519851244,1675.8108303546906,0.008844386764074733,4.915120363235474,0.0016888199441856939,7.304515361785889,0.01324032780437811,2,64.0
0.00823974173909754,0.006236987461148295,0.007478825601501022,1677.4202840328217,0.007894493387131983,4.702707290649414,0.0013386650002070472,6.925616502761841,0.018985028446335345,3,64.0
0.0007189588676287384,0.004714204291432285,0.003056277963991233,1630.2063629627228,0.004059551109596741,5.392272710800171,0.001803824895498201,7.7786760330200195,0.012900847375123975,4,64.0
4.853807794067504e-05,0.00534811046707047,0.0031471927926758608,1626.1100001335144,0.006465906015702344,5.193955421447754,0.0010407697955052402,8.851415872573853,0.022026856902629587,5,64.0
7.611724309663411e-05,0.004085719543506801,0.005134765519619552,1625.2321355342865,0.01211380715471898,3.903503179550171,0.0008096351174817957,7.610239505767822,0.012063867173897059,6,64.0
0.0005357864500891079,0.004718924122315001,0.004514375788572315,1621.7023963928223,0.008533080251744943,4.870784521102905,0.0010448480974045965,7.92012357711792,0.018318415604939447,7,64.0
0.0014664119129058084,0.010134045618030222,0.024011705893899008,1711.7628755569458,0.005695406721494245,4.640834808349609,0.0006408914590943162,8.67154598236084,0.024730001236568332,8,64.0
3.2465799232277624e-05,0.004070620917828335,0.005634684790471797,1695.3584260940552,0.0054133168524378,4.29313850402832,0.0017459535795973247,7.4402594566345215,0.010020253774238772,9,64.0
0.00039899495769407195,0.0064215970370109475,0.005269778393843646,1671.0441753864288,0.006265978144570733,5.4925384521484375,0.0011513782120414603,9.057289600372314,0.0178349711361236,10,64.0
4.9665328484373626e-05,0.007078274909619597,0.007468007594801039,1685.5838935375214,0.011702652705332894,6.761173248291016,0.001450854692902163,9.444945096969604,0.027660839597264196,11,64.0
0.010485923059514474,0.004094286693025062,0.003921218739308157,1669.105085849762,0.005365220740447551,6.593746662139893,0.0007427672476384678,9.036505222320557,0.015701384089713,12,64.0
0.0002270394301401496,0.008595600654385955,0.005670749288532745,1667.5412764549255,0.004087989038714166,4.517243385314941,0.001064094577982011,8.478796005249023,0.01879596928533169,13,64.0
4.979747746434171e-05,0.0031785973508028772,0.003301535448112188,1716.8431496620178,0.018481680129216606,4.3132359981536865,0.0019448858929225193,6.6213555335998535,0.030466404560139583,14,64.0
0.006822169089485584,0.011073015351594506,0.006286403903747603,1674.5553090572357,0.008068843546969472,4.792596817016602,0.0008725755962185888,7.1176981925964355,0.010420652249442056,15,64.0
0.00012074690265480397,0.004762637644195178,0.004056152314977999,1645.7233040332794,0.007765655116404681,4.940199851989746,0.0011634458118310134,8.758218050003052,0.026944755919368513,16,64.0
4.182926701801482e-05,0.004251170689481294,0.0027310166261283963,1699.6041638851166,0.0066205018728071425,4.441304683685303,0.0008559655512883558,7.786340713500977,0.020267069548622573,17,64.0
0.0003309193414998866,0.004262217479256214,0.003922918997536779,1671.2964029312134,0.011940044585075691,4.799535036087036,0.0012693016186068663,7.450579881668091,0.014165370456291643,18,64.0
3.10960814712935e-05,0.004790711208794607,0.003199331562495672,1683.526653766632,0.004381161839966071,4.957980394363403,0.0012714361035715954,7.44226861000061,0.009495301782370177,19,64.0
0.0006806919828551334,0.0032202635715851764,0.005360888612744295,1717.215071439743,0.008175021734844896,6.2906694412231445,0.0009229327053455639,10.313897609710693,0.018202907529267624,20,64.0
0.0006026174322676251,0.004051234474487916,0.004468837310028079,1727.6167559623718,0.009631678999041984,4.5785346031188965,0.0018724652241753014,9.134093523025513,0.039151232790032985,21,64.0
4.139140190915399e-05,0.004000606680336031,0.0029331673086277483,1743.6976244449615,0.008022029852738397,5.985429048538208,0.0017623786256830165,9.164621114730835,0.016468624215312373,22,64.0
7.77043108341119e-05,0.0024146902449423005,0.0028463844553240775,1724.284832239151,0.009763653107387455,4.149389743804932,0.0011286945733973432,5.921792984008789,0.01514495452501315,23,64.0
0.014000882670173395,0.0029375613936252877,0.0032043397524088297,1693.0194928646088,0.004781032864265001,4.471940279006958,0.0007277343327454583,7.7381956577301025,0.007832391317752093,24,64.0
4.570422605192267e-05,0.0031359055076026878,0.004092775361597534,1737.9497063159943,0.013511798179010274,7.575480937957764,0.0018709793036502526,8.511544704437256,0.027067334953166773,25,64.0
0.00039805523502747336,0.003900937916460967,0.0027987097030605554,1679.171469926834,0.008784209385350145,5.006039142608643,0.001582416941573427,8.694822311401367,0.020292089324337386,26,64.0
2.825961322592182e-05,0.0024647648753971926,0.0027104553845045815,1856.8056688308716,0.01066683333425861,3.9633474349975586,0.0011195338541966499,8.340875148773193,0.03435663780827973,27,64.0
0.009417943038418409,0.007645014261903134,0.008137314569307021,1691.0439805984497,0.00817473525503586,6.541313409805298,0.0013226137341187977,11.965702295303345,0.0315294419669062,28,64.0
3.0175780679504256e-05,0.0029192719837613625,0.0025437377912355184,1708.7691531181335,0.006345365892105504,5.006377458572388,0.00103057633571249,6.816921710968018,0.023877810408045787,29,64.0
4.0941105496620594e-05,0.0030016341537501584,0.005056770302773211,1775.5453696250916,0.004585396952624351,5.188822984695435,0.0007521027889087049,9.125539541244507,0.02785608018411507,0,128.0
2.8229227196823377e-05,0.004191884209805097,0.002839953721880302,1732.6152057647705,0.008190018201962775,5.041614532470703,0.0009668400543306644,8.617398977279663,0.019733161012173435,1,128.0
4.184359686988197e-05,0.002620852206424662,0.0034458253044960126,1775.3168625831604,0.008844386764074733,5.578750848770142,0.0016888199441856939,9.175384998321533,0.01324032780437811,2,128.0
0.00040430746294400444,0.005762598583772172,0.004380061854086078,1718.0918719768524,0.007894493387131983,5.909968614578247,0.0013386650002070472,9.079582214355469,0.018985028446335345,3,128.0
8.516646655935638e-05,0.004381885170049349,0.0022519163456132247,1723.4781231880188,0.004059551109596741,5.72904634475708,0.001803824895498201,8.365199565887451,0.012900847375123975,4,128.0
3.463297719989341e-05,0.005236777215899087,0.004554263439900798,1663.8888807296753,0.006465906015702344,6.257532119750977,0.0010407697955052402,10.530588388442993,0.022026856902629587,5,128.0
3.380067412512566e-05,0.003788808132035237,0.004392404632342489,1681.0746355056763,0.01211380715471898,4.744439601898193,0.0008096351174817957,9.355620622634888,0.012063867173897059,6,128.0
4.216104817874322e-05,0.0034431835074399063,0.0035424235541177775,1679.252783536911,0.008533080251744943,5.431049823760986,0.0010448480974045965,8.963892221450806,0.018318415604939447,7,128.0
3.660170221954732e-05,0.0033210221780645105,0.003630171254242791,1762.6310164928436,0.005695406721494245,4.669602394104004,0.0006408914590943162,8.798213481903076,0.024730001236568332,8,128.0
3.336246337996562e-05,0.004309965646240318,0.005227090635526498,1730.0241224765778,0.0054133168524378,4.704223394393921,0.0017459535795973247,8.96696949005127,0.010020253774238772,9,128.0
5.3296143089838954e-05,0.006078196328751085,0.0037143598339724063,1664.4066083431244,0.006265978144570733,5.665097713470459,0.0011513782120414603,9.841897964477539,0.0178349711361236,10,128.0
3.907500679732057e-05,0.004276980736233849,0.004292405053293963,1643.8742995262146,0.011702652705332894,6.006282567977905,0.001450854692902163,9.062567472457886,0.027660839597264196,11,128.0
0.0003068425583016565,0.0032831624809533757,0.0029116200524075485,1649.7438027858734,0.005365220740447551,6.419562101364136,0.0007427672476384678,8.563955068588257,0.015701384089713,12,128.0
5.150913332407914e-05,0.006904117920154151,0.004185091524636902,1658.6929700374603,0.004087989038714166,5.425137758255005,0.001064094577982011,9.872126817703247,0.01879596928533169,13,128.0
4.688219282489303e-05,0.002176531102989791,0.0031024963998514056,1815.2664923667908,0.018481680129216606,4.05708384513855,0.0019448858929225193,6.3192596435546875,0.030466404560139583,14,128.0
0.010300254812072418,0.0032522753132451974,0.0033130188339135945,1675.3392629623413,0.008068843546969472,5.163534641265869,0.0008725755962185888,7.731301307678223,0.010420652249442056,15,128.0
3.8033821316339286e-05,0.004094043551388704,0.002825180189357611,1678.1948204040527,0.007765655116404681,3.9595048427581787,0.0011634458118310134,7.251723766326904,0.026944755919368513,16,128.0
4.062146106568465e-05,0.004412533195562621,0.003046064123902668,1387.743186712265,0.0066205018728071425,4.765531778335571,0.0008559655512883558,7.982232570648193,0.020267069548622573,17,128.0
5.0120079893449056e-05,0.003957651745805061,0.0038727611278804234,1632.0513446331024,0.011940044585075691,4.804048538208008,0.0012693016186068663,7.748501777648926,0.014165370456291643,18,128.0
2.8494851664295773e-05,0.0033478164864462756,0.002265290007732327,1673.1645624637604,0.004381161839966071,5.140544176101685,0.0012714361035715954,7.535520792007446,0.009495301782370177,19,128.0
5.041713401637375e-05,0.0015442486623609068,0.004273886159275963,1683.993896484375,0.008175021734844896,5.216192245483398,0.0009229327053455639,8.718515872955322,0.018202907529267624,20,128.0
0.0001935280777114375,0.0024941539722453682,0.003610167674715878,1649.6094996929169,0.009631678999041984,4.57058572769165,0.0018724652241753014,9.112357139587402,0.039151232790032985,21,128.0
4.0657101559666656e-05,0.0033246520658316127,0.002407366985905837,1808.805382490158,0.008022029852738397,6.018692255020142,0.0017623786256830165,9.90251088142395,0.016468624215312373,22,128.0
4.359776899656442e-05,0.0020905226093648347,0.0028431425736736016,1743.9022080898285,0.009763653107387455,4.8177080154418945,0.0011286945733973432,6.781247615814209,0.01514495452501315,23,128.0
0.011538009775293418,0.003251579831299678,0.004073537569327484,1687.9269092082977,0.004781032864265001,4.387215614318848,0.0007277343327454583,8.116200685501099,0.007832391317752093,24,128.0
4.2861198663413094e-05,0.0026968331662090153,0.003588201711758038,1711.6945581436157,0.013511798179010274,7.132261514663696,0.0018709793036502526,7.425065755844116,0.027067334953166773,25,128.0
3.0549204358173065e-05,0.003798209991195119,0.002323881491369012,1610.0285630226135,0.008784209385350145,5.275985479354858,0.001582416941573427,8.539227485656738,0.020292089324337386,26,128.0
2.8262405908015724e-05,0.0024684458745586335,0.0026762060696019826,1177.4037325382233,0.01066683333425861,5.038537979125977,0.0011195338541966499,10.460752010345459,0.03435663780827973,27,128.0
0.012172246918328846,0.0047013788124079005,0.005472750586326688,1639.109750509262,0.00817473525503586,5.823303699493408,0.0013226137341187977,10.908906698226929,0.0315294419669062,28,128.0
2.976329535035645e-05,0.0025406589663700685,0.0019627789925531825,1642.4754872322083,0.006345365892105504,5.678555011749268,0.00103057633571249,7.772956848144531,0.023877810408045787,29,128.0
4.1880921586414284e-05,0.0020382372989359446,0.004832816539081618,1591.4651362895966,0.004585396952624351,5.311756610870361,0.0007521027889087049,9.82351279258728,0.02785608018411507,0,256.0
2.87745389078109e-05,0.003314080456195249,0.0022091519133886025,1719.9095313549042,0.008190018201962775,5.384478807449341,0.0009668400543306644,9.182941436767578,0.019733161012173435,1,256.0
4.065217636842478e-05,0.0024649080370716375,0.0025326057823033227,1735.5881114006042,0.008844386764074733,4.974932670593262,0.0016888199441856939,7.109924077987671,0.01324032780437811,2,256.0
5.559507178388989e-05,0.0034618743318207577,0.0034411353108098927,1651.7894442081451,0.007894493387131983,5.766342401504517,0.0013386650002070472,8.60728669166565,0.018985028446335345,3,256.0
3.077439598290488e-05,0.0043715363767328685,0.0026364293029227134,1635.8199036121368,0.004059551109596741,6.650295257568359,0.001803824895498201,9.938361644744873,0.012900847375123975,4,256.0
3.0592635518105386e-05,0.003549332341190355,0.0042388645909515596,1654.8396139144897,0.006465906015702344,5.098787307739258,0.0010407697955052402,8.698514938354492,0.022026856902629587,5,256.0
3.393647750466929e-05,0.0033756132120350444,0.0035784077131354552,1400.8769981861115,0.01211380715471898,4.492408037185669,0.0008096351174817957,9.138800621032715,0.012063867173897059,6,256.0
4.069606682392165e-05,0.004476288250766476,0.0035214424935911797,1643.2025361061096,0.008533080251744943,4.355071067810059,0.0010448480974045965,8.07359266281128,0.018318415604939447,7,256.0
3.6769052577907224e-05,0.002302028030797476,0.003284943221184303,1838.0526957511902,0.005695406721494245,5.17024302482605,0.0006408914590943162,9.276133298873901,0.024730001236568332,8,256.0
3.1682696940987797e-05,0.003967562529632507,0.0053294582800642604,1385.1026575565338,0.0054133168524378,4.8588056564331055,0.0017459535795973247,8.467081308364868,0.010020253774238772,9,256.0
4.34820200628544e-05,0.005907120695923366,0.0037908465829259367,1648.325832605362,0.006265978144570733,5.329162836074829,0.0011513782120414603,8.91677713394165,0.0178349711361236,10,256.0
3.259732689724626e-05,0.003955138257366197,0.004548277127768286,1688.9109835624695,0.011702652705332894,7.058049917221069,0.001450854692902163,9.597879886627197,0.027660839597264196,11,256.0
7.267771115407977e-05,0.002451014325108395,0.002605219258400519,1646.3533821105957,0.005365220740447551,6.547409296035767,0.0007427672476384678,9.458640336990356,0.015701384089713,12,256.0
3.922275655252698e-05,0.005864131489073517,0.002665825501159531,1705.8030953407288,0.004087989038714166,5.435781002044678,0.001064094577982011,9.380417346954346,0.01879596928533169,13,256.0
4.687348462783606e-05,0.0012898916238704243,0.0018623601052008333,1629.5244007110596,0.018481680129216606,4.236158609390259,0.0019448858929225193,6.670585632324219,0.030466404560139583,14,256.0
0.0016377654136904602,0.010251612689860242,0.0037019437797334003,1657.2079095840454,0.008068843546969472,5.120846271514893,0.0008725755962185888,7.8361496925354,0.010420652249442056,15,256.0
3.644011597477015e-05,0.0028388410876276637,0.0024660053888960324,1748.443870306015,0.007765655116404681,5.222755670547485,0.0011634458118310134,9.488412380218506,0.026944755919368513,16,256.0
0.008982233046091727,0.0034127162137906194,0.002845426151081026,1857.3635318279266,0.0066205018728071425,4.696518421173096,0.0008559655512883558,8.221100330352783,0.020267069548622573,17,256.0
4.37424608359771e-05,0.0033834328676308274,0.003423303505134183,1707.707913160324,0.011940044585075691,4.189690589904785,0.0012693016186068663,7.043828248977661,0.014165370456291643,18,256.0
2.8352711691259635e-05,0.004263046519296273,0.0038532880663634693,1715.3399579524994,0.004381161839966071,4.442748785018921,0.0012714361035715954,6.692532539367676,0.009495301782370177,19,256.0
3.500709210923492e-05,0.001113775377085635,0.003465270616819627,1704.1510894298553,0.008175021734844896,5.085214853286743,0.0009229327053455639,8.351145267486572,0.018202907529267624,20,256.0
4.16905864103571e-05,0.0018516043179209111,0.0031290902317899173,1746.408923149109,0.009631678999041984,4.881657361984253,0.0018724652241753014,8.968742609024048,0.039151232790032985,21,256.0
4.09992225112223e-05,0.0026540757621474937,0.0025116342603254483,1646.7622249126434,0.008022029852738397,6.537727117538452,0.0017623786256830165,9.613908290863037,0.016468624215312373,22,256.0
4.450627256168682e-05,0.0021915980470797237,0.0031149983416972633,1751.4788682460785,0.009763653107387455,4.105911016464233,0.0011286945733973432,5.739923715591431,0.01514495452501315,23,256.0
0.0002691877273010272,0.002916541928158652,0.004012834162513944,1628.2992491722107,0.004781032864265001,4.501125335693359,0.0007277343327454583,8.870897769927979,0.007832391317752093,24,256.0
4.061015161173539e-05,0.001585823238552438,0.0024921708586427946,1309.4455053806305,0.013511798179010274,9.15824556350708,0.0018709793036502526,9.652405977249146,0.027067334953166773,25,256.0
2.681365428105672e-05,0.0036467576106286185,0.00255168371749733,1615.4097082614899,0.008784209385350145,5.371371746063232,0.001582416941573427,9.667482852935791,0.020292089324337386,26,256.0
2.8278850873567075e-05,0.0027192920320647795,0.0023883705665640066,1216.919924736023,0.01066683333425861,3.738285779953003,0.0011195338541966499,7.951365947723389,0.03435663780827973,27,256.0
0.010150902848723003,0.004826765081330868,0.006488478678877482,1639.3589425086975,0.00817473525503586,5.950843572616577,0.0013226137341187977,11.176678895950317,0.0315294419669062,28,256.0
3.0268925347957475e-05,0.0017522070721718668,0.0021762208001888037,1484.415198802948,0.006345365892105504,5.2993104457855225,0.00103057633571249,7.712265253067017,0.023877810408045787,29,256.0
4.166548332272257e-05,0.002660057139254664,0.0059149864477328565,1380.8236508369446,0.004585396952624351,4.720712423324585,0.0007521027889087049,8.585549354553223,0.02785608018411507,0,512.0
2.8764014611940002e-05,0.0025512855673311668,0.0019747486871396574,1528.0332262516022,0.008190018201962775,4.1952385902404785,0.0009668400543306644,7.1653289794921875,0.019733161012173435,1,512.0
4.104076998302416e-05,0.0022901426585821283,0.003274463870925088,1435.5873565673828,0.008844386764074733,4.794139385223389,0.0016888199441856939,7.515933990478516,0.01324032780437811,2,512.0
4.0301795147878096e-05,0.002251417230787474,0.002377489235330992,1603.5885601043701,0.007894493387131983,5.262493848800659,0.0013386650002070472,7.839342832565308,0.018985028446335345,3,512.0
3.321579778208054e-05,0.004214099445401179,0.0031211286801127603,1559.6667742729187,0.004059551109596741,5.601849555969238,0.001803824895498201,7.72072172164917,0.012900847375123975,4,512.0
3.148304142277699e-05,0.003881019113928567,0.0028462883185986776,1651.534390926361,0.006465906015702344,5.4656805992126465,0.0010407697955052402,9.982455253601074,0.022026856902629587,5,512.0
3.393016459192303e-05,0.003432106193357065,0.0038699888204953917,1345.1589694023132,0.01211380715471898,4.597675800323486,0.0008096351174817957,8.692390203475952,0.012063867173897059,6,512.0
3.692726663723963e-05,0.0023166781819308462,0.002817600712411639,1627.8732995986938,0.008533080251744943,5.091798782348633,0.0010448480974045965,8.735207319259644,0.018318415604939447,7,512.0
0.008357129441628657,0.0016816333893704997,0.0031008016629137823,1283.2820415496826,0.005695406721494245,4.860280990600586,0.0006408914590943162,9.219788789749146,0.024730001236568332,8,512.0
0.006456548659044811,0.004788289120789665,0.006312510473148522,1203.9818258285522,0.0054133168524378,3.807563066482544,0.0017459535795973247,6.875172853469849,0.010020253774238772,9,512.0
4.1803689854469365e-05,0.005573022054908553,0.0042197952694552855,1675.201523065567,0.006265978144570733,4.9048216342926025,0.0011513782120414603,8.562350988388062,0.0178349711361236,10,512.0
3.203442156369899e-05,0.0031526080005275497,0.002922760470026661,1753.6523187160492,0.011702652705332894,6.292269945144653,0.001450854692902163,9.95221734046936,0.027660839597264196,11,512.0
5.017388716818209e-05,0.0017094323235628465,0.0022037794391366024,1650.969132900238,0.005365220740447551,5.855778694152832,0.0007427672476384678,8.473100185394287,0.015701384089713,12,512.0
3.934436327858911e-05,0.005353282934169327,0.0022464054100863277,1749.832578420639,0.004087989038714166,5.240839004516602,0.001064094577982011,9.530070066452026,0.01879596928533169,13,512.0
4.6858938776899355e-05,0.0018342004239223497,0.002334308684768031,1417.8679451942444,0.018481680129216606,4.763166666030884,0.0019448858929225193,7.573671817779541,0.030466404560139583,14,512.0
0.0070481027564852725,0.01061249076146866,0.015182556255625165,1650.9202649593353,0.008068843546969472,5.037151575088501,0.0008725755962185888,7.642420053482056,0.010420652249442056,15,512.0
3.5547822280093676e-05,0.0024629197760728362,0.0026000946035539515,1615.3882474899292,0.007765655116404681,4.592218399047852,0.0011634458118310134,8.422046422958374,0.026944755919368513,16,512.0
4.169870803015693e-05,0.003065286486274051,0.0033928933788671665,1282.5012562274933,0.0066205018728071425,4.993494272232056,0.0008559655512883558,8.748323678970337,0.020267069548622573,17,512.0
4.42631429921847e-05,0.0032949816144279757,0.004920320749813942,1696.1153717041016,0.011940044585075691,4.583156585693359,0.0012693016186068663,7.801189661026001,0.014165370456291643,18,512.0
2.8004223060671772e-05,0.002355074572747399,0.002268081695278829,1115.7583153247833,0.004381161839966071,5.506422281265259,0.0012714361035715954,8.635700702667236,0.009495301782370177,19,512.0
3.299462854713109e-05,0.001189091051335045,0.004245526102705831,1646.806714773178,0.008175021734844896,6.054346561431885,0.0009229327053455639,10.249225378036499,0.018202907529267624,20,512.0
3.907797305533663e-05,0.0017777236837321871,0.0027450155770738028,1669.9430186748505,0.009631678999041984,4.912443399429321,0.0018724652241753014,9.317862749099731,0.039151232790032985,21,512.0
4.133643414892806e-05,0.0028820713406125316,0.0028795415757307415,964.769820690155,0.008022029852738397,6.766518592834473,0.0017623786256830165,10.251531839370728,0.016468624215312373,22,512.0
4.361043780499359e-05,0.0021004402316745384,0.002820396238424964,1701.5198533535004,0.009763653107387455,4.97797966003418,0.0011286945733973432,7.094235181808472,0.01514495452501315,23,512.0
0.0004300115829688468,0.001323380156984492,0.0031639225367260616,1659.1644513607025,0.004781032864265001,4.696751356124878,0.0007277343327454583,8.745550632476807,0.007832391317752093,24,512.0
4.1897286500447446e-05,0.0021590805138989515,0.00379156854386099,1322.1400496959686,0.013511798179010274,8.299027442932129,0.0018709793036502526,8.946638584136963,0.027067334953166773,25,512.0
2.763548696440114e-05,0.0038431305323756346,0.002425127271194825,1687.8982067108154,0.008784209385350145,5.281533479690552,0.001582416941573427,9.374945878982544,0.020292089324337386,26,512.0
2.8159014929103143e-05,0.0035749981117941514,0.0025300005468224603,1088.2802228927612,0.01066683333425861,4.648636102676392,0.0011195338541966499,9.678470134735107,0.03435663780827973,27,512.0
0.0011299613309125388,0.005632174452814446,0.00565309075596064,1690.149433851242,0.00817473525503586,6.206809997558594,0.0013226137341187977,10.79876184463501,0.0315294419669062,28,512.0
0.0018963464073015399,0.002346465725967243,0.01571494469677164,1179.6847081184387,0.006345365892105504,5.309750318527222,0.00103057633571249,7.298361778259277,0.023877810408045787,29,512.0
4.110684353451724e-05,0.0022865536378161616,0.005487701782442235,1305.0030698776245,0.004585396952624351,5.185022592544556,0.0007521027889087049,9.5844087600708,0.02785608018411507,0,1024.0
2.863250980643291e-05,0.0023251339594184905,0.0019997656705915386,1596.3131120204926,0.008190018201962775,5.201899766921997,0.0009668400543306644,8.646328926086426,0.019733161012173435,1,1024.0
4.117071758070745e-05,0.002262290268239009,0.00286653546043091,1032.3995456695557,0.008844386764074733,5.8642895221710205,0.0016888199441856939,9.131781578063965,0.01324032780437811,2,1024.0
3.54886116904605e-05,0.002454517917577522,0.00310945820946234,1690.4180881977081,0.007894493387131983,5.3943469524383545,0.0013386650002070472,8.701361894607544,0.018985028446335345,3,1024.0
2.935815138819242e-05,0.003707246600625184,0.0031363450990511605,1685.107698917389,0.004059551109596741,6.0187458992004395,0.001803824895498201,9.36644172668457,0.012900847375123975,4,1024.0
3.1840218201109606e-05,0.003810798569839561,0.00332067578607806,1716.024296760559,0.006465906015702344,5.993057489395142,0.0010407697955052402,9.972949028015137,0.022026856902629587,5,1024.0
3.3517685367812075e-05,0.0036316654842823057,0.0040032536800671216,1289.1806547641754,0.01211380715471898,4.427924871444702,0.0008096351174817957,8.535265684127808,0.012063867173897059,6,1024.0
3.830880595941111e-05,0.0020730591838096185,0.002427271706043636,1662.2585971355438,0.008533080251744943,4.531286954879761,0.0010448480974045965,7.679187297821045,0.018318415604939447,7,1024.0
0.008409696862385303,0.0020757828283345975,0.0030039334579841626,1198.8298115730286,0.005695406721494245,5.169994831085205,0.0006408914590943162,9.479952573776245,0.024730001236568332,8,1024.0
3.097321224390381e-05,0.003652669590099559,0.004487558058594768,1136.2932434082031,0.0054133168524378,4.491937160491943,0.0017459535795973247,7.963127136230469,0.010020253774238772,9,1024.0
4.114236218809667e-05,0.004956852773902073,0.003966366076547953,1706.8127934932709,0.006265978144570733,5.872851371765137,0.0011513782120414603,9.559769868850708,0.0178349711361236,10,1024.0
3.2244928346284826e-05,0.003550870292489668,0.004316002196480157,1388.5140299797058,0.011702652705332894,7.036834955215454,0.001450854692902163,10.845319271087646,0.027660839597264196,11,1024.0
4.8888606191125715e-05,0.002035066713357514,0.0024973000143291286,1660.3560500144958,0.005365220740447551,6.729801177978516,0.0007427672476384678,9.490891456604004,0.015701384089713,12,1024.0
3.8737244442210714e-05,0.0057301527868771854,0.0032356455032714806,1715.3579368591309,0.004087989038714166,5.405616521835327,0.001064094577982011,9.271365880966187,0.01879596928533169,13,1024.0
4.7370372572628594e-05,0.0029260040584352127,0.00277675668243211,836.2561941146851,0.018481680129216606,4.293484449386597,0.0019448858929225193,7.03472900390625,0.030466404560139583,14,1024.0
0.00121994099789981,0.010970374143471162,0.004213005238026788,1697.6222405433655,0.008068843546969472,4.4152140617370605,0.0008725755962185888,6.798489809036255,0.010420652249442056,15,1024.0
3.695758554914849e-05,0.0028660312109956565,0.003099121536854465,1514.4254138469696,0.007765655116404681,4.247064590454102,0.0011634458118310134,7.41730523109436,0.026944755919368513,16,1024.0
4.1791317208655e-05,0.002956189570344914,0.0031997682579213336,1110.5659143924713,0.0066205018728071425,5.438493251800537,0.0008559655512883558,9.167655944824219,0.020267069548622573,17,1024.0
4.4187154905587586e-05,0.003407482871750019,0.005201487672549466,1636.7759664058685,0.011940044585075691,4.776469707489014,0.0012693016186068663,7.9858078956604,0.014165370456291643,18,1024.0
2.8783915566934125e-05,0.0028675042421827906,0.002230122734652808,1376.231618642807,0.004381161839966071,5.366619825363159,0.0012714361035715954,8.01554250717163,0.009495301782370177,19,1024.0
3.279471435788476e-05,0.0011872380039101922,0.004130984783231801,1655.531545639038,0.008175021734844896,8.172433614730835,0.0009229327053455639,15.424624681472778,0.018202907529267624,20,1024.0
3.92656332351841e-05,0.0011980674156176318,0.002688502555556279,1525.1782734394073,0.009631678999041984,6.412457227706909,0.0018724652241753014,9.532855987548828,0.039151232790032985,21,1024.0
4.136085149861653e-05,0.002926420635990516,0.002979216042953668,986.793949842453,0.008022029852738397,5.601088523864746,0.0017623786256830165,8.296578168869019,0.016468624215312373,22,1024.0
4.296734653777371e-05,0.0018119278333407578,0.0021395943974402763,1737.3687784671783,0.009763653107387455,4.81096076965332,0.0011286945733973432,6.724423170089722,0.01514495452501315,23,1024.0
0.0024713124022300646,0.002549664544028492,0.004185768504055224,1668.9237234592438,0.004781032864265001,4.538462162017822,0.0007277343327454583,8.016547441482544,0.007832391317752093,24,1024.0
4.390878579611049e-05,0.003052811701651474,0.00494990743076622,1033.2642827033997,0.013511798179010274,9.18492865562439,0.0018709793036502526,9.932723999023438,0.027067334953166773,25,1024.0
2.6620202690525818e-05,0.0038085325420577224,0.0026842758077570577,1591.0713534355164,0.008784209385350145,5.529305458068848,0.001582416941573427,9.286325454711914,0.020292089324337386,26,1024.0
0.0006004698633436055,0.004145409106602149,0.008007459999384648,873.2377212047577,0.01066683333425861,4.052069187164307,0.0011195338541966499,8.470212697982788,0.03435663780827973,27,1024.0
0.013122605039626988,0.0034398430185334766,0.003394288381072316,1573.82039809227,0.00817473525503586,5.032378673553467,0.0013226137341187977,9.524949073791504,0.0315294419669062,28,1024.0
0.0018968364491124229,0.0025647828053414292,0.01570127600314318,1313.7836384773254,0.006345365892105504,6.306266784667969,0.00103057633571249,8.67470669746399,0.023877810408045787,29,1024.0
4.1946493862230856e-05,0.0021624767939556664,0.005778455738573849,1199.8924565315247,0.004585396952624351,4.531139373779297,0.0007521027889087049,7.388446807861328,0.02785608018411507,0,2048.0
2.893959398199789e-05,0.0032113347353042387,0.0023921175764829825,1723.315199136734,0.008190018201962775,5.356244325637817,0.0009668400543306644,9.414464950561523,0.019733161012173435,1,2048.0
4.1464396651532306e-05,0.002614132120101864,0.0033126629737874713,1489.8575503826141,0.008844386764074733,5.269306182861328,0.0016888199441856939,8.211897134780884,0.01324032780437811,2,2048.0
4.7315171268053996e-05,0.003920878334115855,0.0040366292849284705,1680.249184370041,0.007894493387131983,6.070383310317993,0.0013386650002070472,8.067561388015747,0.018985028446335345,3,2048.0
3.480206799245933e-05,0.004474382134509047,0.004015101231429824,1652.2534942626953,0.004059551109596741,6.85427188873291,0.001803824895498201,9.793471097946167,0.012900847375123975,4,2048.0
3.1509120920840865e-05,0.003753978405545514,0.0033181973229664216,1737.7304213047028,0.006465906015702344,6.4464805126190186,0.0010407697955052402,10.589651584625244,0.022026856902629587,5,2048.0
3.4097885280851924e-05,0.004010487782332335,0.0046117044793258545,1387.3050017356873,0.01211380715471898,4.38679838180542,0.0008096351174817957,8.65778136253357,0.012063867173897059,6,2048.0
3.6438641209710076e-05,0.002189340258947551,0.002202649135178705,1684.6782791614532,0.008533080251744943,4.473578453063965,0.0010448480974045965,8.064719676971436,0.018318415604939447,7,2048.0
0.008420109506813577,0.002208108407639501,0.0029400252412653816,1162.7689635753632,0.005695406721494245,4.855494499206543,0.0006408914590943162,8.882510662078857,0.024730001236568332,8,2048.0
3.110211969455934e-05,0.004112233154759863,0.004919511997358358,1039.8500249385834,0.0054133168524378,4.674679756164551,0.0017459535795973247,8.692621946334839,0.010020253774238772,9,2048.0
4.1107132607084985e-05,0.004367017895860759,0.004115388206899744,1697.7559485435486,0.006265978144570733,5.668765544891357,0.0011513782120414603,9.853182554244995,0.0178349711361236,10,2048.0
3.243654312176103e-05,0.004566042244600096,0.0055023571816156655,1656.4067363739014,0.011702652705332894,6.974005699157715,0.001450854692902163,10.05913782119751,0.027660839597264196,11,2048.0
5.2828799441196716e-05,0.0017538981451192407,0.0024794321534369087,1691.2656922340393,0.005365220740447551,5.323667526245117,0.0007427672476384678,8.637611150741577,0.015701384089713,12,2048.0
3.9700426454893537e-05,0.004209443739777126,0.0033723690306518605,1717.7770416736603,0.004087989038714166,5.767106056213379,0.001064094577982011,9.991261959075928,0.01879596928533169,13,2048.0
4.727096689824684e-05,0.0029950212612645114,0.0028890940848479135,967.0243678092957,0.018481680129216606,4.277970552444458,0.0019448858929225193,6.317829847335815,0.030466404560139583,14,2048.0
0.0019001982973497651,0.011511342727435385,0.005789127252494561,1685.2560710906982,0.008068843546969472,5.363912105560303,0.0008725755962185888,8.173352479934692,0.010420652249442056,15,2048.0
3.6533199153490625e-05,0.0028094282052537538,0.003222459057282398,1380.2661340236664,0.007765655116404681,4.768694877624512,0.0011634458118310134,8.286268949508667,0.026944755919368513,16,2048.0
4.113763052739916e-05,0.0031537141516230992,0.0035419268157964785,1087.1852502822876,0.0066205018728071425,4.060600996017456,0.0008559655512883558,8.135223865509033,0.020267069548622573,17,2048.0
4.406623271081729e-05,0.0037318666132481063,0.003251820335015033,1647.4894635677338,0.011940044585075691,4.785960912704468,0.0012693016186068663,7.638294696807861,0.014165370456291643,18,2048.0
2.8930821615943035e-05,0.0026102503759164192,0.002071296700876013,1429.24369430542,0.004381161839966071,5.282056093215942,0.0012714361035715954,8.134198904037476,0.009495301782370177,19,2048.0
3.457169557955312e-05,0.001898713532798894,0.004536783888814651,1688.1310360431671,0.008175021734844896,6.081604242324829,0.0009229327053455639,10.241299629211426,0.018202907529267624,20,2048.0
4.032384267216119e-05,0.0011747552288731329,0.0027493247883973513,1689.0490148067474,0.009631678999041984,5.2008397579193115,0.0018724652241753014,10.466603517532349,0.039151232790032985,21,2048.0
4.143804536899942e-05,0.0028074991556595727,0.00296382596672203,1101.0403451919556,0.008022029852738397,6.920417785644531,0.0017623786256830165,9.426020860671997,0.016468624215312373,22,2048.0
4.388615775247721e-05,0.002484403827057195,0.00254207776270091,1632.177181005478,0.009763653107387455,5.141439437866211,0.0011286945733973432,7.399385690689087,0.01514495452501315,23,2048.0
0.004464646948611704,0.0022836338580394504,0.0032537131665605237,1655.0801312923431,0.004781032864265001,4.260300874710083,0.0007277343327454583,7.643646001815796,0.007832391317752093,24,2048.0
4.5441798069454734e-05,0.0038318598390007655,0.006205856793609776,1247.8775124549866,0.013511798179010274,7.452920913696289,0.0018709793036502526,8.067718267440796,0.027067334953166773,25,2048.0
2.7365393370479273e-05,0.0035167422447771233,0.00225756693384965,1640.0202071666718,0.008784209385350145,5.782249689102173,0.001582416941573427,9.411364078521729,0.020292089324337386,26,2048.0
0.0006165556460230399,0.004051345860718536,0.008006686256114295,1301.0736701488495,0.01066683333425861,4.579713344573975,0.0011195338541966499,9.74897313117981,0.03435663780827973,27,2048.0
0.003987431349969689,0.006849703361452982,0.00877024846536487,1581.1308085918427,0.00817473525503586,4.747729301452637,0.0013226137341187977,8.712239027023315,0.0315294419669062,28,2048.0
3.024680677330138e-05,0.0021665165759991666,0.002546782811554299,1146.6695504188538,0.006345365892105504,5.357647895812988,0.00103057633571249,7.348130226135254,0.023877810408045787,29,2048.0
