Amari LBFGSB,Dilations error LBFGSB,Shifts error LBFGSB,Time LBFGSB,Amari MVICAD,Time MVICAD,Amari MVICAD ext,Time MVICAD ext,Amari permica,random_state,p
4.099985426544994e-05,0.012367662586474681,0.002853921062395613,121.63409757614136,0.0001550935219219507,1.1423006057739258,8.698321443879054e-05,1.6879148483276367,0.005893228538832918,0,2
5.311162231802502e-05,0.005336971287237336,0.0028195143676379595,155.19590401649475,0.000560814758606698,1.3566982746124268,0.0002718025897584464,1.5962245464324951,0.0069573664389396715,1,2
0.012298526736169357,0.04235943650092875,0.08488438670642548,170.31264185905457,0.0016561921303437366,1.4872477054595947,0.00047494419234651587,1.591585397720337,0.005382662159320701,2,2
0.000905097240336139,0.007920861644891497,0.00605540024505878,239.37869381904602,0.004008888529800968,1.3646175861358643,0.000496595923972339,2.2600910663604736,0.021491247038549013,0,3
0.017137249443566697,0.009489867777310802,0.007316394639611133,262.3244752883911,0.0039966835864498305,1.5017108917236328,0.0009928386700320184,1.9317805767059326,0.01713681052220111,1,3
5.9387222965993446e-05,0.0044654801397663165,0.00871679940974145,278.2958266735077,0.009192855161388694,1.5437955856323242,0.0013011934502445755,2.308436393737793,0.009318788412712305,2,3
7.403221017861506e-05,0.009025776695116394,0.002939762797256958,424.94259119033813,0.003133605742846016,3.068864583969116,0.0014511987757281825,4.715730905532837,0.06981074277079016,0,4
0.00044799109979594686,0.007880023274465464,0.005318613576591429,433.61685824394226,0.004206372774504241,2.127429485321045,0.0016272927203205,2.69348406791687,0.02643191515330263,1,4
0.00012275963280463376,0.008945035794542967,0.010557153800114258,435.25725293159485,0.005134756423162584,2.0494751930236816,0.0018917958070912206,2.9626872539520264,0.026682713546734238,2,4
0.003384723548620465,0.009749794662245934,0.00460166402557166,550.8776652812958,0.006046901956321189,2.8716509342193604,0.002252053486200292,4.510911703109741,0.0655472245147041,0,5
0.0023804657758216647,0.008137427582262572,0.008589752615899442,564.0980205535889,0.004050690423880439,3.6673524379730225,0.002166356530728855,4.6033313274383545,0.042862477077874744,1,5
0.00013276309256790908,0.007096534277920021,0.006549051114772639,557.649492263794,0.014327881014939476,1.8228967189788818,0.0021477800822651298,3.175975799560547,0.03691370386146958,2,5
0.010376410483938852,0.020119112392293217,0.0174476396674352,601.6546947956085,0.03675295160380085,3.0933752059936523,0.020111124504667184,4.26940393447876,0.1471445433668565,0,6
0.02733688675235717,0.005890418542279888,0.0070743640542062875,662.534467458725,0.016007255122109883,4.626579761505127,0.0052662151079088965,4.729522705078125,0.1234293311850817,1,6
0.019564499260696942,0.033984323046543356,0.04463469982332087,663.8277158737183,0.046382022097936224,5.362377405166626,0.047408899147794774,5.434609889984131,0.09487331466497424,2,6
0.02318554058098822,0.038998147516287995,0.012857408320263379,748.7609126567841,0.009648160352016422,4.1635942459106445,0.004394079831178829,5.664757490158081,0.1799035456854362,0,7
0.032424098268758125,0.062416451519769746,0.06700970612953902,740.8405032157898,0.03980834935536496,6.269207239151001,0.02133656083697944,7.004699468612671,0.19893340376382615,1,7
0.04405340472305596,0.014900728498979453,0.01017419057858637,793.8552806377411,0.01146371446964436,3.827989101409912,0.005217391195040358,7.323907852172852,0.1801672332423895,2,7
0.009610528243048503,0.0069478402472876125,0.006781334681923155,868.3335890769958,0.014307436911519065,5.597649574279785,0.005360406239180102,7.833427906036377,0.2746260251958233,0,8
0.10056347727320858,0.09781207922359925,0.0976019146441498,777.8596942424774,0.059170785188146544,5.801076889038086,0.07924750851586111,15.182860851287842,0.3281001858432538,1,8
0.06655612609165153,0.05046807884333408,0.06349322378672981,868.7410871982574,0.13731905063020372,18.611793279647827,0.040263932434405854,16.074878692626953,0.22145559024939096,2,8
0.0072432727001728895,0.007683808145942628,0.008693955501671327,987.4812753200531,0.02848786584759136,8.657931804656982,0.010029124641921622,13.91833758354187,0.25202867461948564,0,9
0.05921675140266223,0.03529405244056336,0.02197374625766391,893.9776186943054,0.07550193720993355,12.026894807815552,0.035372287023980965,15.405259609222412,0.32123678772088315,1,9
0.048097040623801005,0.049415725929464374,0.0772649806137433,874.8321907520294,0.055042194780399775,17.966103553771973,0.061703977428846334,15.660634756088257,0.46885842017738116,2,9
0.027152627388117904,0.033467487554688,0.050088662029161686,927.0444152355194,0.0628210973831683,18.823914289474487,0.09751412246053823,38.822436809539795,0.2516570775470284,0,10
0.02670336256966409,0.04094051094906011,0.04643386458248926,852.1070122718811,0.04482999716300044,101.05849003791809,0.034671862865552565,24.334354877471924,0.5331739738820277,1,10
0.01794798305976721,0.05244107076649975,0.05028857802826237,1033.5102398395538,0.05695888584366917,16.935594081878662,0.03073529832597966,37.246657848358154,0.3956531394593745,2,10
