Amari LBFGSB,Dilations error LBFGSB,Shifts error LBFGSB,Time LBFGSB,Amari MVICAD,Time MVICAD,Amari MVICAD ext,Time MVICAD ext,Amari MVICA,Time MVICA,Amari GroupICA,Time GroupICA,Amari permica,random_state,noise_data
6.0416463348800245e-05,0.012228806553814456,0.003174897158995794,51.453697681427,0.0013308208743760524,0.6947879791259766,0.0013717881938568968,0.9316787719726562,0.022259325012008033,0.4513843059539795,0.2389273774644945,0.047428131103515625,0.024953535113798133,0,0.001
1.5703389763828863e-05,0.01069896944083301,0.006916379449570605,46.58253479003906,0.0022696440379772623,0.7004530429840088,0.001942110391728824,0.7937483787536621,0.023117371565821967,0.44037938117980957,0.30887321092927833,0.04208660125732422,0.009995342374956577,1,0.001
3.2405153235570695e-05,0.008239163401906809,0.0012490071310074476,51.232961654663086,0.0010501206714567187,0.7185263633728027,0.0010501206714567187,0.9807941913604736,0.008256397966938497,0.3570549488067627,0.17911752363494507,0.05077958106994629,0.011790951300516269,2,0.001
0.01004320294226276,0.062387275617879795,0.08390859689183726,52.323493003845215,0.0018851206254220988,0.615175724029541,0.0018851206254220988,0.7826931476593018,0.01276899648153405,0.37508583068847656,0.10611161452721851,0.051633358001708984,0.018529359200030255,3,0.001
2.219602960820133e-05,0.012397999364107726,0.007089883028583478,45.746222257614136,0.000984761065159086,0.6040067672729492,0.0009847616029613703,0.7306196689605713,0.01515853758087539,0.3442678451538086,0.45730809174042697,0.04855036735534668,0.013085039250548224,4,0.001
4.122027963398e-05,0.005010675623664381,0.004468658444390897,50.9793803691864,0.0006071319971221974,0.751121997833252,0.0006227150799598347,0.9940686225891113,0.013109301390522427,0.43395471572875977,0.09628080343945669,0.09250187873840332,0.032849687612509545,5,0.001
0.0033873309786623803,0.010173535548553225,0.10481766714841427,41.56111168861389,0.0006628737723106755,1.0874693393707275,0.000635082525821969,1.2911593914031982,0.024878352139259787,0.3282489776611328,0.18503361619908665,0.054123878479003906,0.017925079763547448,6,0.001
4.1065346615313614e-05,0.009067800267871077,0.009113413098837682,40.86272668838501,0.0011463221529158796,0.6198935508728027,0.0013819859125152603,0.9182579517364502,0.06118917554998941,0.6335623264312744,0.4550252566747014,0.22068381309509277,0.01898994385924179,7,0.001
1.2632453781461863e-05,0.0038023718341680577,0.005907173666371697,49.18110132217407,0.0017381007153336309,0.6570346355438232,0.0010369761055612676,0.9866158962249756,0.056286912863926654,0.5301618576049805,0.15952827351898533,0.04452180862426758,0.033466474131180105,8,0.001
1.3350212895968383e-05,0.009914355875383023,0.0028869186978725415,50.78076958656311,0.0011586738392551864,0.5693941116333008,0.0011585942832807855,0.6729087829589844,0.015298458231972104,0.2590644359588623,0.19045549475514975,0.05273127555847168,0.015329317461742584,9,0.001
2.6075808898780765e-05,0.005187639777486848,0.00779055890474315,50.30396366119385,0.0005575327382680777,0.7376284599304199,0.0005575327382680777,0.97731614112854,0.008277119615450058,0.19041800498962402,0.027184703422913865,0.03257131576538086,0.014516835128581854,10,0.001
4.366629014314061e-05,0.0031753685858513236,0.005612035468009494,52.87451529502869,0.001788556890334503,1.1900949478149414,0.001788556890334503,1.2347230911254883,0.027893373922516274,0.4789466857910156,0.1282088826588741,0.045532941818237305,0.016960323902172978,11,0.001
0.011999450835481432,0.003735987503306622,0.0031245533130893196,51.1832640171051,0.000990186908978948,0.6454110145568848,0.0009901857818866988,0.8576557636260986,0.014681403661696107,0.1943528652191162,0.09470952163850888,0.06527304649353027,0.019568712893516856,12,0.001
3.713281379116307e-05,0.008023612657575658,0.004200631244552781,50.95667767524719,0.001157733931928025,0.7417101860046387,0.001157733931928025,0.9214882850646973,0.021639143380480015,0.37224721908569336,0.04602910022249216,0.05953383445739746,0.0225248769246875,13,0.001
5.7421253383653047e-05,0.005377315730004047,0.003248777673596,51.94182777404785,0.003974890894868962,0.5005965232849121,0.0033735388946618617,0.7481694221496582,0.031453791154489305,0.28943729400634766,0.060843509427750166,0.03426361083984375,0.026343371816470264,14,0.001
5.577949478023185e-05,0.006918347923260774,0.005394047472354502,51.74902582168579,0.0009081045071937483,1.0432982444763184,0.0009081045071937483,0.993847131729126,0.012912328545524201,0.504875898361206,0.15142211683917844,0.04425311088562012,0.01307118746932152,15,0.001
0.0001879326534061532,0.00041021509898957474,0.0020195110256220087,49.909194469451904,0.001198032385273991,0.6612324714660645,0.001198032385273991,0.89695143699646,0.021452546521460274,0.3059558868408203,0.05751605105131591,0.04021906852722168,0.031297392619026254,16,0.001
5.9302853386281985e-05,0.009488585735593968,0.003755641926755889,49.234277963638306,0.0012152606588910079,0.6590571403503418,0.0012152606588910079,0.7916369438171387,0.029969608483623223,0.529944896697998,0.08946639297611084,0.055132389068603516,0.02147879851880829,17,0.001
2.7459810237684402e-05,0.005858947844523025,0.005676296906917037,48.63597917556763,0.001109637213274365,0.6159305572509766,0.001109637213274365,0.7366557121276855,0.015135668994526355,0.3034861087799072,0.34245813370819395,0.06433701515197754,0.0238360426173322,18,0.001
5.222183049028809e-05,0.006904229762679274,0.00434093639142806,41.343791246414185,0.0013113189099665634,0.6084668636322021,0.00220058496815024,0.7246708869934082,0.012410890592546209,0.3132967948913574,0.1374770672531523,0.03863096237182617,0.011917879570087778,19,0.001
0.005547294223806265,0.00768485760016245,0.0037748893477531254,49.46346735954285,0.00047360735577443397,0.7224199771881104,0.0004997144810778694,0.8439059257507324,0.01510591410782578,0.3120241165161133,0.04913308329836261,0.0575404167175293,0.012906472678774043,20,0.001
0.00011669060300796285,0.008325243594547012,0.006724822877227199,51.284263610839844,0.0014635032900674138,1.1372466087341309,0.0014635032900674138,1.2856693267822266,0.014930411933231294,0.3938581943511963,0.21779191894780747,0.04087638854980469,0.016555117045986098,21,0.001
0.0006342428470031451,0.003684233984779084,0.0023822200072622884,51.66212034225464,0.0008942098962953467,0.8487827777862549,0.0008942098962953467,1.0410559177398682,0.01696012651874377,0.4094722270965576,0.32940501072642914,0.06032967567443848,0.023601207841364647,22,0.001
8.927154223378568e-05,0.0025578165631943745,0.0022329378168311374,49.982229232788086,0.0012327317400451306,1.4249765872955322,0.0013331394072000347,1.841679573059082,0.018960350633456018,0.20641756057739258,0.2446969457742178,0.04314446449279785,0.013687886786872081,23,0.001
1.1957924585888809e-05,0.010381871505930935,0.0036042404599259236,50.241353273391724,0.00046923070642542386,0.6090238094329834,0.00047103901592665895,0.8279337882995605,0.01669817612411447,0.36540985107421875,0.2250969086522765,0.03741812705993652,0.005676161961734712,24,0.001
3.936150091157221e-05,0.0047527061219151175,0.010711730844455203,50.69964098930359,0.0009589304232604512,0.577847957611084,0.0009662421209232811,0.818716287612915,0.04435974460005175,0.24419856071472168,0.17892230708553986,0.0435183048248291,0.02512606935321852,25,0.001
0.001222315570126886,0.007876405737461668,0.005841790614801357,50.37914037704468,0.0012117529095070283,0.8841257095336914,0.001012488039241403,1.214831829071045,0.028596131098538664,0.23459649085998535,0.12773828144769633,0.05299806594848633,0.0197616510903871,26,0.001
2.6997499074872994e-05,0.002837261441074516,0.002248256463205488,48.64746308326721,0.0008499812105810412,0.710090160369873,0.0008474842076799567,0.9143815040588379,0.06252250074729733,0.32491183280944824,0.15294964446893505,0.03994584083557129,0.03629378631631373,27,0.001
2.0741990098390363e-05,0.008129368128336593,0.0016050789535984739,35.05589461326599,0.001095085218364981,0.7819876670837402,0.001095085218364981,1.0352237224578857,0.017650959598273674,0.5479719638824463,0.03356567185093694,0.05919790267944336,0.019205383914219366,28,0.001
2.166686976809995e-05,0.006880737557648479,0.00656722868364081,29.392142057418823,0.00034857378478394543,0.6895308494567871,0.0003485743532311458,0.8335866928100586,0.012297003169227928,0.33273744583129883,0.053729697323355065,0.042615413665771484,0.016453776212817472,29,0.001
4.8182387309532916e-05,0.012333642179005188,0.0026726800812801018,49.20450139045715,0.0013337142633666071,0.9742343425750732,0.0013692272985495729,0.9873735904693604,0.02230175434526241,0.2655019760131836,0.23816831349125858,0.05818033218383789,0.025138877366857014,0,0.0021544346900318843
2.257730020543599e-05,0.010365196810040089,0.007015461147731633,42.17461800575256,0.002270007390688285,0.659294605255127,0.0019434638087670875,0.7744367122650146,0.022869694232766864,0.43415093421936035,0.3082306856213849,0.0398707389831543,0.010036186657450912,1,0.0021544346900318843
0.00011181416531356179,0.008285655005535611,0.0010000615136765794,52.85795307159424,0.0010546082384101855,0.8901674747467041,0.0010546082384101855,1.0617499351501465,0.008226979708300575,0.368133544921875,0.17922480885428038,0.051065683364868164,0.01179369087089616,2,0.0021544346900318843
0.009720076575189793,0.0624316828952319,0.08440632653486088,49.676663875579834,0.0018667607718801788,0.6220970153808594,0.0018667607718801788,0.7623212337493896,0.012874538932756679,0.3508782386779785,0.10598835900322119,0.044918060302734375,0.018610412894272017,3,0.0021544346900318843
2.4369078180885854e-05,0.012410275489821416,0.007301178416525251,40.63021731376648,0.0009774240426877467,0.7430596351623535,0.0009774246094120882,0.8226916790008545,0.015241680924110499,0.3874330520629883,0.4561906259992182,0.0437321662902832,0.013082382302226626,4,0.0021544346900318843
5.403269292204211e-05,0.0054491420497631594,0.004884461029646344,49.33704924583435,0.0006127037671589693,0.7555463314056396,0.0006255864721382546,1.03452730178833,0.01311083427055259,0.4354734420776367,0.0944308952091016,0.0636603832244873,0.03273821201926834,5,0.0021544346900318843
0.006076265001632623,0.029258596607455504,0.10462192439458479,44.53196144104004,0.0006724092800555265,0.8846344947814941,0.0006440149558393745,1.2261238098144531,0.024977815548067654,0.32549142837524414,0.18582547246266493,0.0782773494720459,0.01799962396645726,6,0.0021544346900318843
4.1093737352423024e-05,0.009108475462102679,0.008558003368211435,30.034109592437744,0.0011349556668405869,0.7467555999755859,0.0013621658993284713,0.9225742816925049,0.06116548237975823,0.39531683921813965,0.4582969027150419,0.04429817199707031,0.01890916258937689,7,0.0021544346900318843
1.918310561519476e-05,0.0046214564072798526,0.005141828506124082,50.227866888046265,0.0017328993677504958,0.6662642955780029,0.0010380059016068532,0.812014102935791,0.05642570683391679,0.3495292663574219,0.1597015905569256,0.039114952087402344,0.03379697238802239,8,0.0021544346900318843
1.2939124902411336e-05,0.010080639449457399,0.0032189797074507085,50.56981587409973,0.0011627438617088186,0.5902507305145264,0.001165172980997838,0.7144448757171631,0.015280646510590214,0.2592196464538574,0.19047414386490566,0.036837100982666016,0.015353000800469604,9,0.0021544346900318843
3.053611849162715e-05,0.005600831604109668,0.007288717574122908,48.166457414627075,0.0005571406813410655,0.8392131328582764,0.0005571406813410655,0.9864494800567627,0.008184526001693074,0.18975377082824707,0.027126258165457988,0.032204389572143555,0.014517419593437908,10,0.0021544346900318843
6.88032444656539e-05,0.003251285588694793,0.0054017444138141305,50.21156191825867,0.001815259971393942,0.8861086368560791,0.001815259971393942,1.1047868728637695,0.02782820109215981,0.46239352226257324,0.12851701005963218,0.03837180137634277,0.016950467998451187,11,0.0021544346900318843
0.05360214801155703,0.0031919744844392047,0.0035953509605246383,47.52284288406372,0.0009843760523066643,0.977546215057373,0.0009843749829691348,1.0865638256072998,0.014618980971197773,0.2070777416229248,0.09485283150347765,0.07761669158935547,0.019581674228938133,12,0.0021544346900318843
4.4331229000693645e-05,0.006521484044468403,0.004115509184323812,48.33780646324158,0.0011390688841528495,0.7362358570098877,0.0011390688841528495,0.9085550308227539,0.02177389870903663,0.36171841621398926,0.04653194645063412,0.05702066421508789,0.022794799393264297,13,0.0021544346900318843
6.0959424548615945e-05,0.004936278286991029,0.004823046294779397,44.254477739334106,0.00392805525478294,0.49264955520629883,0.003339329966127661,0.671842098236084,0.03149596948006937,0.2934887409210205,0.061728683214611654,0.03623509407043457,0.026270542717465834,14,0.0021544346900318843
0.00010970003878337428,0.006623092578402101,0.005023520091315898,48.0953893661499,0.0009079041906982684,0.7380294799804688,0.0009079041906982684,0.84212327003479,0.012846440417052971,0.48675537109375,0.15050379678797957,0.033492326736450195,0.01309217921267955,15,0.0021544346900318843
0.0002971311798188732,0.0009571641189030089,0.0022060139475536884,51.28908705711365,0.0012119195043420665,0.7212808132171631,0.0012119195043420665,0.9016678333282471,0.021615401091213543,0.30423641204833984,0.05756500362272486,0.053476572036743164,0.031485133199762774,16,0.0021544346900318843
6.633357619581688e-05,0.008811512704252423,0.0038913987610827558,51.13921236991882,0.0011162509844768298,0.7232146263122559,0.0011162509844768298,0.8313212394714355,0.030035905092043607,0.5671384334564209,0.08895563071763107,0.043173789978027344,0.021568882558915918,17,0.0021544346900318843
3.207982821166559e-05,0.005313725061969876,0.006309597876945196,48.416508197784424,0.0011242198038201071,0.5722403526306152,0.0011242198038201071,0.7291562557220459,0.014936868969083944,0.3037381172180176,0.34301765294090014,0.05759096145629883,0.023589348409558855,18,0.0021544346900318843
5.492019092917892e-05,0.006611280036036031,0.0044359803973264555,35.80148148536682,0.0013042971785492666,0.5988321304321289,0.0021905507479804986,0.7651071548461914,0.012449701151807555,0.31565165519714355,0.1372491801806381,0.0362551212310791,0.011916308978846562,19,0.0021544346900318843
4.302816882941763e-05,0.008536135019666494,0.0036964374158283343,49.014485120773315,0.0004828760889505457,0.7066495418548584,0.0005099628679619883,0.8728480339050293,0.015016662024657016,0.2977733612060547,0.04916242232388103,0.05054426193237305,0.01290525829335174,20,0.0021544346900318843
0.00015749149660988502,0.00724741169299629,0.0070099382628236225,48.32812714576721,0.0014611603307919997,0.9753897190093994,0.0014611603307919997,1.1893961429595947,0.014782380856572958,0.4054989814758301,0.21787449575802845,0.048685550689697266,0.016606086586423978,21,0.0021544346900318843
0.009269456175110755,0.0026292018419552753,0.0027148294924348912,49.589436769485474,0.0008758928431688018,0.8405139446258545,0.0008758928431688018,1.0147347450256348,0.017039051402928267,0.40201282501220703,0.3292887504442679,0.053655147552490234,0.0235339656946325,22,0.0021544346900318843
8.919482658954852e-05,0.0028808655905255163,0.0023953707381273634,50.531585931777954,0.0012440790925357659,1.3364193439483643,0.0013442263702159395,1.7922065258026123,0.01897582994664664,0.20158648490905762,0.24522535726434785,0.05819892883300781,0.013683472395042232,23,0.0021544346900318843
1.0706964660234241e-05,0.01014257735705814,0.0023952076367739447,50.81562399864197,0.0007005368531212734,0.7122938632965088,0.0006439409297548012,0.8831839561462402,0.016849298448347098,0.3736441135406494,0.2236373664609074,0.04467630386352539,0.005760941626082006,24,0.0021544346900318843
4.283234844468057e-05,0.004682257244137725,0.009926050977733391,50.30942964553833,0.0009504286449430871,0.6807088851928711,0.0009641608985359706,0.8111922740936279,0.04424047013154282,0.2480611801147461,0.179107394723413,0.03772234916687012,0.025170189398931165,25,0.0021544346900318843
0.00046614417093238103,0.007543769333636015,0.005323152823565948,51.263041257858276,0.0012139962779393813,0.9968867301940918,0.0010133020578567242,1.2587275505065918,0.0286509776331972,0.23344206809997559,0.12846061417068913,0.038553476333618164,0.019848275846424797,26,0.0021544346900318843
3.3385893042026105e-05,0.003245955471160992,0.00269554341369753,47.607704162597656,0.0008437652738774171,0.7761828899383545,0.0008416083336240628,0.9558162689208984,0.06266119644918286,0.330521821975708,0.15383556514923588,0.06601762771606445,0.03637809480493865,27,0.0021544346900318843
1.8888439061407843e-05,0.008383057723852942,0.0013654258630751307,40.817482233047485,0.0010810765923156141,0.8212590217590332,0.0010810765923156141,0.9995567798614502,0.017483776929010326,0.5277731418609619,0.03386703374507023,0.03921151161193848,0.019286882407126112,28,0.0021544346900318843
2.6561326268237368e-05,0.006917858732540545,0.00644585765786547,26.017443895339966,0.0003542901031281076,0.8161282539367676,0.0003542906780088802,1.0779471397399902,0.012373667387538733,0.3646423816680908,0.05388187455468781,0.041845083236694336,0.016474744306616405,29,0.0021544346900318843
9.075094918217601e-05,0.010723689433832905,0.0030748446122100628,49.44041585922241,0.0013202069788536073,0.6751749515533447,0.001341055376025683,0.8302114009857178,0.022503057100671894,0.2656865119934082,0.23545955156157547,0.04017162322998047,0.025673327112839428,0,0.004641588833612777
3.587001491679824e-05,0.010817698035883113,0.006945674256749259,34.47259974479675,0.0021805939267734256,0.6703238487243652,0.0019461887699020685,0.777158260345459,0.022308999865890654,0.43703150749206543,0.30023061303755105,0.04800677299499512,0.010174546326266585,1,0.004641588833612777
3.969754923167645e-05,0.007158939251333892,0.001391666160528976,48.29203915596008,0.0010712011955892923,0.7569541931152344,0.0010712011955892923,0.9071357250213623,0.008103708643212474,0.34920716285705566,0.1802870791869036,0.0562748908996582,0.011862781050317713,2,0.004641588833612777
8.358412090400484e-05,0.006151372644450426,0.004163281701847813,51.09714126586914,0.0018327338575167811,0.646965503692627,0.0018327338575167811,0.7744216918945312,0.013053725652331117,0.3549685478210449,0.10576716542787896,0.03974008560180664,0.018874598096713692,3,0.004641588833612777
3.5636653795697216e-05,0.012670393247600427,0.006797293481947129,37.50883388519287,0.0009587152368510413,0.5057940483093262,0.0009587162481993798,0.6666600704193115,0.01543609838910918,0.346480131149292,0.42717852864496547,0.04501605033874512,0.013070728940023443,4,0.004641588833612777
7.407016302272141e-05,0.004910940391968873,0.005595296768804292,43.82252359390259,0.0006293160042022258,0.7863574028015137,0.000636579851131606,0.9569127559661865,0.01315299173769407,0.4368400573730469,0.09094274361433541,0.057587385177612305,0.032468849887545004,5,0.004641588833612777
0.006110541718911322,0.028944197787917354,0.10461360491583388,38.516985177993774,0.0006866175919257866,0.9352462291717529,0.0006566551412028183,1.1971206665039062,0.025280839406182098,0.5617067813873291,0.18803836685167075,0.07526922225952148,0.01826145121789153,6,0.004641588833612777
4.879399640978684e-05,0.00848180862217512,0.008942454738005189,29.448492765426636,0.0011037354735022875,0.5921199321746826,0.0011037909479532982,0.812476396560669,0.06125056719638668,0.3769207000732422,0.4664528078859546,0.04911637306213379,0.018896003914451898,7,0.004641588833612777
3.0109576851663122e-05,0.0037600210991975006,0.0050902655379205086,50.62550473213196,0.0017247682232300519,0.6498205661773682,0.001043913006067084,0.7596044540405273,0.0569284580969137,0.3564321994781494,0.16010392277961974,0.04273104667663574,0.0348096768451645,8,0.004641588833612777
3.100767838698134e-05,0.00977394123708546,0.0028967083934788103,48.40176343917847,0.0011722856850301536,0.5764560699462891,0.0011791310805552365,0.72342848777771,0.015211172382851329,0.26040172576904297,0.1905289434011049,0.04632306098937988,0.015370658574379211,9,0.004641588833612777
5.3532763192332135e-05,0.005795708421811134,0.006465082913539482,50.33932304382324,0.0005609397285701645,0.6552960872650146,0.0005609397285701645,0.87339186668396,0.008041813816621597,0.18183636665344238,0.027080017780891148,0.046091318130493164,0.014669304870616734,10,0.004641588833612777
7.815145571425189e-05,0.0024516073554741464,0.004707511357362306,51.23054504394531,0.0018760899939619974,0.9387500286102295,0.0018760899939619974,1.1021831035614014,0.027641783301759232,0.46481919288635254,0.13038949321251087,0.05323386192321777,0.0170001584631655,11,0.004641588833612777
0.04426497090619298,0.003305500755241475,0.004230090344291904,49.403542280197144,0.0009700588378918962,0.7180964946746826,0.0009700570042562159,0.8917086124420166,0.0143365431529626,0.19019317626953125,0.09508905587608693,0.053234100341796875,0.0195724868657735,12,0.004641588833612777
5.374812214626878e-05,0.006227692917832369,0.005293055017629084,47.86370611190796,0.001042312740768773,0.6943552494049072,0.001042312740768773,0.8296759128570557,0.022221273582430822,0.3520493507385254,0.0477767315678161,0.037462472915649414,0.023566367531623354,13,0.004641588833612777
8.076315089151631e-05,0.005136640761265602,0.004793411597984363,39.36929535865784,0.003818664870232391,0.6781795024871826,0.0032557614569918166,0.7442953586578369,0.03172227281500358,0.3372182846069336,0.0635372029418663,0.035660743713378906,0.02614220314439763,14,0.004641588833612777
0.00011778673854399014,0.006722775429079094,0.0056403019597265755,48.55176568031311,0.0009133333762873028,0.8265774250030518,0.0009133333762873028,0.8746566772460938,0.012734799266280471,0.5041477680206299,0.14859366340054064,0.033252716064453125,0.013153643791879697,15,0.004641588833612777
0.0001948836030898571,0.017361095176752054,0.004931502150227001,49.897388219833374,0.0012480860775740954,0.7219650745391846,0.001248086297941035,0.8754363059997559,0.022048402978218147,0.30159974098205566,0.05795605455886414,0.04300117492675781,0.03206305121170316,16,0.004641588833612777
9.476167252399451e-05,0.008211297580754983,0.004053675313000131,48.851640701293945,0.0010887729931226,0.6808187961578369,0.0010887729931226,0.75185227394104,0.030461490544363756,0.5367796421051025,0.08864208560210378,0.06656455993652344,0.02184731096575952,17,0.004641588833612777
5.298190241445806e-05,0.0048092754162984384,0.006365379848773537,38.828556299209595,0.001124251285492924,0.5824599266052246,0.001124251285492924,0.7141504287719727,0.014484997412455866,0.2827930450439453,0.3446724013645789,0.04840278625488281,0.022822734862174975,18,0.004641588833612777
6.867409939838401e-05,0.0062450490613429705,0.005750973463262848,34.31726551055908,0.001278886128509149,0.5910460948944092,0.002202037297616825,0.6913726329803467,0.012606734564393318,0.304898738861084,0.13758031649591332,0.049251556396484375,0.011939468684405628,19,0.004641588833612777
0.0009772087662744365,0.008731019110073597,0.0049362571880344356,50.064162492752075,0.0005063105159474131,0.6682796478271484,0.0005357583724325302,0.7981963157653809,0.014851379193918985,0.29941797256469727,0.04923403553104061,0.04564213752746582,0.01298026373287069,20,0.004641588833612777
0.0002455789573019803,0.006833188681003843,0.00631186358871432,50.64974784851074,0.0014609654556706115,0.8697206974029541,0.0014609654556706115,1.047337293624878,0.014441772066702465,0.3976263999938965,0.21840935521517654,0.04204535484313965,0.016823732679947172,21,0.004641588833612777
0.000918824883812038,0.003934526756051238,0.0020425455991303215,50.02937316894531,0.0008342782526529943,0.8345730304718018,0.0008342782526529943,0.9624438285827637,0.01730762006077775,0.41306447982788086,0.3300398108610773,0.05807805061340332,0.023184472626396366,22,0.004641588833612777
0.00011332564683067168,0.002858148623272901,0.001811444906538647,48.816763162612915,0.0012613201679801734,1.1900207996368408,0.0013618893796996546,1.5030817985534668,0.01898238630983443,0.1957848072052002,0.24684713739206718,0.06565070152282715,0.01373383159768855,23,0.004641588833612777
2.386663552631507e-05,0.009955536134335426,0.00356656327828014,49.59066438674927,0.0007164499329896045,0.7237162590026855,0.0006644003760812052,0.8916101455688477,0.017229821411421535,0.38991880416870117,0.22140453119563497,0.05582714080810547,0.006008978482390141,24,0.004641588833612777
6.855355319491293e-05,0.0047430476178491315,0.008978400171778486,49.375938177108765,0.0009337172079151154,0.5991277694702148,0.0009621890030833729,0.7670834064483643,0.04395174970869091,0.24052691459655762,0.18035634461453265,0.05768918991088867,0.025359899496854837,25,0.004641588833612777
0.0012084797632274584,0.008614575351760637,0.0055104353089368615,48.55956530570984,0.001218606464168685,0.8788387775421143,0.0010152714912038544,1.1022429466247559,0.028710783713499964,0.22066378593444824,0.13111065475798384,0.04123806953430176,0.020054323757510574,26,0.004641588833612777
4.851597717158521e-05,0.003532586294873704,0.0024600598864330894,45.741997718811035,0.0008113417361993077,0.6641805171966553,0.0008356307793577397,0.8126397132873535,0.06319398124879462,0.362013578414917,0.15585356465617933,0.04522871971130371,0.03664694165600985,27,0.004641588833612777
2.3597471304574274e-05,0.007988044138892677,0.0012335425368869548,31.556856155395508,0.001046805623281936,0.9547393321990967,0.001046805623281936,1.03836989402771,0.01715203824578817,0.49454784393310547,0.0346825412424181,0.08683013916015625,0.019556041638862834,28,0.004641588833612777
4.2573502904619255e-05,0.006446749951873443,0.006621672345235228,23.943349361419678,0.00037318969641348955,0.6525106430053711,0.00037319051345930575,0.841489315032959,0.012571190254623032,0.3288710117340088,0.054404903751453716,0.036371469497680664,0.016694565361513303,29,0.004641588833612777
0.00021496844749331335,0.009509585249724228,0.0041874105758928,42.26485729217529,0.0013815377058692476,0.5415616035461426,0.0013592835521183994,0.6411192417144775,0.02350665565645893,0.2440047264099121,0.23119554365576134,0.04996299743652344,0.02714630502980355,0,0.01
7.905112627527207e-05,0.011867794721717189,0.007902066308281133,30.829192399978638,0.0022698182148667514,0.5380213260650635,0.0018532677671371973,0.6187117099761963,0.021338301499727815,0.4231574535369873,0.2950036536080992,0.06855320930480957,0.010497141144326264,1,0.01
8.589100601522255e-05,0.007417780579441106,0.0013317574523535028,49.58597207069397,0.0011001502055924797,0.573967456817627,0.0011001502055924797,0.6767511367797852,0.0076669504704820635,0.3414022922515869,0.1863691445378755,0.06030678749084473,0.012174439965724974,2,0.01
0.010691160228607862,0.06214718045594093,0.0844318212619232,47.29691815376282,0.0017338209545900557,0.4502272605895996,0.0017338209545900557,0.6096940040588379,0.013486644571657446,0.3518049716949463,0.10588568824832892,0.05730009078979492,0.019756233649865194,3,0.01
8.633464738900069e-05,0.01355256865291438,0.00712884823535269,30.896281957626343,0.000912545296870082,0.5984830856323242,0.0009130406647979816,0.6800544261932373,0.01588620852089555,0.3245556354522705,0.3869816920432042,0.04039192199707031,0.013041331296989877,4,0.01
0.0001836140852879753,0.006503430238940666,0.005744900254062582,36.750431299209595,0.0006877495238410228,0.6814792156219482,0.0006826162271003891,0.8346796035766602,0.01348871113045087,0.4578862190246582,0.08559819349417555,0.08268928527832031,0.03175054131465107,5,0.01
0.006549820404096138,0.029969667657318264,0.10486015017882909,27.3146812915802,0.000694068977368382,0.7230427265167236,0.0006940691601463229,0.889263391494751,0.02636046391151182,0.3205723762512207,0.1952888919562345,0.05392313003540039,0.019138322975564385,6,0.01
0.00010503380068059471,0.008623298711105528,0.006868964699778728,35.014811754226685,0.0010500058156142523,0.5487525463104248,0.0011053814870385296,0.7054538726806641,0.062069421369679634,0.3903224468231201,0.490688412289811,0.03842473030090332,0.01933015925865059,7,0.01
9.711578501390149e-05,0.0033059266348208697,0.0059057122528125994,46.80299210548401,0.001654131151102778,0.46530771255493164,0.0010504328513427196,0.6139931678771973,0.05866455894330615,0.3421592712402344,0.16141357017240832,0.041605472564697266,0.0378843619335202,8,0.01
7.604868925495575e-05,0.006385667570825771,0.0030495348371803095,48.07158398628235,0.001178172173981462,0.5165724754333496,0.0012106485449219512,0.6232681274414062,0.014754628938491634,0.23245000839233398,0.19086971511141235,0.06315207481384277,0.015252458484541731,9,0.01
0.00012489085994552194,0.005637920865916938,0.007225916457247006,49.9309184551239,0.0005772574377730451,0.5794827938079834,0.0005772574377730451,0.706587553024292,0.007994455866254194,0.19043970108032227,0.027500943081974892,0.050599098205566406,0.015461551248247612,10,0.01
9.203650965306694e-05,0.0033730956580058685,0.005016478013342792,45.892860651016235,0.0019959325885107104,0.667210578918457,0.0019959325885107104,0.8180451393127441,0.027207240716319147,0.4677908420562744,0.14189358451969078,0.04522514343261719,0.017306273552523763,11,0.01
0.06064439423703262,0.0030166873996201994,0.0041360924606151945,50.574960470199585,0.0009384515214270787,0.6003601551055908,0.0009384477624617025,0.7359685897827148,0.013174941689650225,0.1877729892730713,0.09545421933433898,0.05086708068847656,0.019257432351584763,12,0.01
0.00015272368389425878,0.006218629713752903,0.004071110710823898,44.91366910934448,0.0010052817999795553,0.5332231521606445,0.0010052817999795553,0.6945657730102539,0.023577547593776373,0.3386986255645752,0.05117009986437855,0.06064629554748535,0.025795111631453378,13,0.01
0.0001672896326680329,0.006215433403414779,0.002567317594404216,28.732182502746582,0.0035379730194205075,0.6308920383453369,0.0029958998336547726,0.6278336048126221,0.03284950969489871,0.328763484954834,0.0670305776995003,0.03570723533630371,0.025891496775272953,14,0.01
0.000397480046066782,0.006927767809880218,0.004925839700686069,48.49716806411743,0.0009017614306376634,0.5033049583435059,0.0009017614306376634,0.6530554294586182,0.012635219314218654,0.46367454528808594,0.14523201497800964,0.04760122299194336,0.013300829441890209,15,0.01
0.0005042013255401656,0.0015915260038861531,0.0030948793658621336,49.27197623252869,0.0014426899916859897,0.5800023078918457,0.0014426899916859897,0.7262492179870605,0.02343689993280862,0.2726402282714844,0.060296217132614204,0.0516819953918457,0.03380098138046463,16,0.01
0.0001788232793658251,0.008807118978669504,0.0049295924771111535,40.50618267059326,0.0010085059898011933,0.4912571907043457,0.0010085059898011933,0.6179201602935791,0.032410648077999704,0.5079882144927979,0.09160594551831805,0.047690629959106445,0.022475699446118276,17,0.01
0.00011449795300717545,0.004572383016752054,0.006972615739930379,25.9958758354187,0.0011122595274051092,0.5247311592102051,0.0011122595274051092,0.6626870632171631,0.013293344166260712,0.2714805603027344,0.34907352327048746,0.06680607795715332,0.020815613758966216,18,0.01
0.00012361386978720172,0.007395523640079945,0.004612847000832496,31.89214849472046,0.00118511906270878,0.7205319404602051,0.002117364564040547,0.6755070686340332,0.013064308040616859,0.3557131290435791,0.14248291672376406,0.038126468658447266,0.0120527372090091,19,0.01
0.0001302594066654968,0.008391236747989013,0.0038800107649788816,45.212273597717285,0.0005707616175346357,0.6060826778411865,0.0009268772872192818,0.7505924701690674,0.014572019278878731,0.3019580841064453,0.049531757661901,0.05774879455566406,0.013365150835367903,20,0.01
0.0004312434108331376,0.006080986142865896,0.006469908798459356,49.984591245651245,0.0014663286669807612,0.6733291149139404,0.0014663286669807612,0.8424925804138184,0.01366087656734738,0.4023139476776123,0.22129508804760487,0.049794912338256836,0.017584951499924593,21,0.01
0.0013118123831292589,0.0034290686720206114,0.0020597245199929265,48.09018158912659,0.0007417221468003128,0.6663298606872559,0.0007417221468003128,0.7962443828582764,0.01839219142340144,0.4004044532775879,0.3329955032480148,0.06704139709472656,0.021629374013888026,22,0.01
0.020028540171991974,0.04659965976957577,0.1227105329119707,47.943464279174805,0.0013014167616765512,0.8208985328674316,0.0013227769070627948,0.9878330230712891,0.018800767967423054,0.20791840553283691,0.2541233803588849,0.0534820556640625,0.013938661350531673,23,0.01
8.238037985722386e-05,0.009423840426044125,0.002805806208346624,50.458545446395874,0.0007169271748642754,0.5862014293670654,0.00069692976733892,0.7625119686126709,0.01829021596258919,0.37365126609802246,0.21629062753021538,0.03790998458862305,0.006732202420461952,24,0.01
0.00014490634702220748,0.006831931475547866,0.009094545129529128,45.9723482131958,0.0009596171209795614,0.4697384834289551,0.0008998589002931157,0.6197717189788818,0.043214552708651974,0.24927926063537598,0.18774603248795882,0.04773831367492676,0.02604639066568686,25,0.01
0.0003570387050116549,0.008419368682570382,0.0063057757403927085,48.92325162887573,0.0012451665423396522,0.7339351177215576,0.0010393301442613411,0.8926935195922852,0.028604481419673467,0.2363743782043457,0.14347786747544852,0.03490042686462402,0.02051525514957616,26,0.01
0.0001006782680579595,0.00483878400712241,0.003512106752995824,37.85016584396362,0.0008220236840421763,0.5074772834777832,0.0008451788558843987,0.7064001560211182,0.06544296850911341,0.3307979106903076,0.16240308368410125,0.04067039489746094,0.03752340410499451,27,0.01
5.299379138892224e-05,0.007357967497313182,0.002087727990082272,31.070009469985962,0.0009642040178067541,0.7352252006530762,0.0009642040178067541,0.8583390712738037,0.016773713789104163,0.5207741260528564,0.037202902612036064,0.059767723083496094,0.02042964334038912,28,0.01
0.00012257093319177533,0.005322497684178925,0.006981778093041415,24.02484893798828,0.0004238125785245146,0.6370894908905029,0.0004238143621103049,0.6779086589813232,0.013187317762990727,0.36025476455688477,0.056509360312043386,0.06334590911865234,0.017813174505177772,29,0.01
0.0006768192961564389,0.015425152348403574,0.005782318178513205,35.02623105049133,0.0014293747570702786,0.3596189022064209,0.001464310955125943,0.41114306449890137,0.028562797652078458,0.22443795204162598,0.2348220355599905,0.03566884994506836,0.029981338513517218,0,0.021544346900318832
0.0002590404886781232,0.023687003755793037,0.011573686954759223,27.714882135391235,0.002634404332069303,0.38769054412841797,0.0016923282682828201,0.4338843822479248,0.020870899151334665,0.40291833877563477,0.2839626037644919,0.06486105918884277,0.010324524097036436,1,0.021544346900318832
0.00023735816888930116,0.008452613430586571,0.005364825666065905,40.45149064064026,0.0011485443779865195,0.42965173721313477,0.0011485443779865195,0.46201443672180176,0.007747682600220325,0.31750941276550293,0.21994102720874067,0.03642559051513672,0.012506743788452956,2,0.021544346900318832
0.011807800379921692,0.06329710114166254,0.08521899853177967,41.925912857055664,0.001594861846720619,0.37082862854003906,0.0015942907688028714,0.5019404888153076,0.014871817941142932,0.3755455017089844,0.1153794509163931,0.05515694618225098,0.021987679864080754,3,0.021544346900318832
0.000266822641448868,0.01679155049226034,0.006913435810505211,25.964550018310547,0.0007562843028755909,0.35658693313598633,0.0007500373037013045,0.42704176902770996,0.01739343756717518,0.3048076629638672,0.3199293672445237,0.036730051040649414,0.012722397900861465,4,0.021544346900318832
0.00043920622019385147,0.005344317015301432,0.006121108359324145,36.95913290977478,0.0008067519036127752,0.47782349586486816,0.001014171288346429,0.6119289398193359,0.015231323643810742,0.42412710189819336,0.08236389277713418,0.07327628135681152,0.029502823977085396,5,0.021544346900318832
0.008786203204790954,0.0470270922608643,0.10445490610003147,24.886481761932373,0.0007269865119198249,0.3979074954986572,0.0006761375432580745,0.47512221336364746,0.030562084090373216,0.3090641498565674,0.22162401004815932,0.050750017166137695,0.021052612570558484,6,0.021544346900318832
0.0002683697761631798,0.01316653779523748,0.005000646979167775,29.142781972885132,0.0009687160717698113,0.4245917797088623,0.0009685914149103767,0.5233981609344482,0.06694341670201326,0.3846306800842285,0.4354394332787013,0.03966927528381348,0.020453241724833912,7,0.021544346900318832
0.0003431787335909764,0.005092772924067439,0.005947826769641447,36.94047808647156,0.0015270802983274507,0.37036991119384766,0.001074938421886847,0.44339632987976074,0.06511456246681582,0.31789445877075195,0.16977862682406314,0.04737997055053711,0.044984986874120475,8,0.021544346900318832
0.00027287226748224925,0.00790828153254699,0.003286204349095763,31.791873455047607,0.00141206448590084,0.4391365051269531,0.0014356668187053426,0.5558807849884033,0.013895794484093052,0.19028425216674805,0.19010915804080405,0.059966087341308594,0.014393100336508424,9,0.021544346900318832
0.00033729348177556536,0.005554096996718775,0.00832201224097038,32.885011196136475,0.000584018326770197,0.37660670280456543,0.000584018326770197,0.43648409843444824,0.009220419280380709,0.19327116012573242,0.033166316699871884,0.03669857978820801,0.01739163002927242,10,0.021544346900318832
0.0004091202070617861,0.0036899862394982404,0.006903568782292471,39.838568449020386,0.0022271418313496143,0.4092979431152344,0.002131054892685517,0.4934089183807373,0.026908763773016396,0.4894444942474365,0.5539159990614745,0.03215384483337402,0.01761901027833954,11,0.021544346900318832
0.06955329991254751,0.0038725101560707744,0.00370319739199762,50.412731885910034,0.000948826011461068,0.4017045497894287,0.0008589511511706727,0.48311734199523926,0.009617818709822404,0.2211906909942627,0.09644906669234872,0.05765128135681152,0.01683158354867769,12,0.021544346900318832
0.00034712737536495285,0.006200415152928596,0.00569258117890169,51.271021604537964,0.0009778496513333402,0.43088841438293457,0.0009778496513333402,0.4894886016845703,0.027298760182334993,0.2898223400115967,0.06241496337250555,0.03716874122619629,0.030427590556432765,13,0.021544346900318832
0.00048561699615713065,0.006447204944085853,0.005691692447136062,29.834978580474854,0.003226990072109115,0.32488107681274414,0.002751085678924052,0.40341925621032715,0.042118704332268816,0.3801865577697754,0.0752920173865965,0.07727575302124023,0.02516774724079258,14,0.021544346900318832
0.0005472468373070915,0.006793610380208767,0.006101622375544546,49.85429501533508,0.0010991114734824723,0.3886830806732178,0.0010991114734824723,0.4851408004760742,0.01308886846964051,0.4367353916168213,0.14772554076416394,0.037671804428100586,0.013308717717652732,15,0.021544346900318832
0.0014937814254259553,0.019585747389840542,0.004842360824565938,50.496304512023926,0.0016212976482988806,0.4201815128326416,0.001854071543671846,0.5004329681396484,0.028369436047358827,0.1966702938079834,0.07460039760061352,0.07862138748168945,0.0373625304237503,16,0.021544346900318832
0.0003973239105244497,0.00770215353160939,0.007752846611490797,35.93679857254028,0.0008743525995088319,0.3570244312286377,0.0008743525995088319,0.4526093006134033,0.039390537533736086,0.4727330207824707,0.11538296095007763,0.03797030448913574,0.02230282427289868,17,0.021544346900318832
0.00032190085855787016,0.004482171747385403,0.007123520992704035,28.158934831619263,0.0008756710307057751,0.35678982734680176,0.0008756710307057751,0.4407951831817627,0.012237725051243379,0.2470252513885498,0.3531964761786683,0.06379008293151855,0.01838502289643932,18,0.021544346900318832
0.00031933848663629285,0.007094676121436816,0.00519557163567573,26.187517642974854,0.0010170075414282608,0.3311452865600586,0.0012305625278507721,0.42281126976013184,0.016259402898224532,0.3683650493621826,0.16627894707936047,0.04961705207824707,0.012152567091486325,19,0.021544346900318832
0.0024209213866253298,0.009309350360281243,0.004685603082026142,50.52237272262573,0.000750610418851938,0.5072648525238037,0.001035359107313701,0.47975945472717285,0.014739982765327042,0.33123159408569336,0.052995614912017694,0.04331827163696289,0.014091777709152412,20,0.021544346900318832
0.0007117178552746554,0.006415964654769664,0.006867316902062977,50.579712867736816,0.0015059810244929675,0.38322973251342773,0.0015059810244929675,0.45539331436157227,0.013143852920947502,0.3217470645904541,0.23685892201556627,0.039897918701171875,0.019210151496372806,21,0.021544346900318832
0.006484312619189225,0.008940868436183684,0.005439720537745712,51.48196268081665,0.0006360161859441919,0.5336654186248779,0.0006360161859441919,0.5846688747406006,0.024044281264231304,0.46054792404174805,0.32511224993540344,0.05478501319885254,0.016596909567941034,22,0.021544346900318832
0.025833646749266255,0.03352032217518577,0.11726435938644263,31.5709707736969,0.001236874719522363,0.5802900791168213,0.001289299682002265,0.6093158721923828,0.018373295289398305,0.23200488090515137,0.2622621289708197,0.0539705753326416,0.013643273079325077,23,0.021544346900318832
0.00028853452551355445,0.01006991948968808,0.002990032791507217,39.46286392211914,0.000592088508193515,0.5096127986907959,0.0011296542483887192,0.4893026351928711,0.021752592273458035,0.44106602668762207,0.21597611140431563,0.058890342712402344,0.008148306246333337,24,0.021544346900318832
0.0004511403237825951,0.011270622505954186,0.011088663401489625,32.298052072525024,0.001067943628173588,0.36371541023254395,0.0013150089923872194,0.44936418533325195,0.0424425514030639,0.2243480682373047,0.2884584951099339,0.03586292266845703,0.02765409634009172,25,0.021544346900318832
0.0007154044057277191,0.006039145602869193,0.007864144644704725,50.60791826248169,0.0012391956106007742,0.4546225070953369,0.0012391867910318175,0.5764896869659424,0.028204081173256717,0.255115270614624,0.18224577291348007,0.043042659759521484,0.021157987875153248,26,0.021544346900318832
0.00030377577761412733,0.005440883472450242,0.0027404473317686946,36.921095848083496,0.0009265528964899813,0.4519662857055664,0.0010596955124871688,0.5061209201812744,0.07515310880447765,0.3450202941894531,0.1906834072011917,0.060686588287353516,0.03975570502660261,27,0.021544346900318832
0.0001636821489777655,0.005853949877037845,0.002866436332503395,21.688971757888794,0.0008031718334762239,0.4682424068450928,0.0008031718334762239,0.5528573989868164,0.017567801300225522,0.4477345943450928,0.045564593014115744,0.0549623966217041,0.02251725196637065,28,0.021544346900318832
0.0004310741940284431,0.008962233446661916,0.008718233390541941,21.64095950126648,0.0006895333294100637,0.3719179630279541,0.0006895333294100637,0.4396388530731201,0.016180825299918117,0.26529431343078613,0.06636050848517999,0.03817343711853027,0.021423859062039724,29,0.021544346900318832
0.0021445883440608083,0.09512331031826908,0.03882365153487329,40.441734313964844,0.0020189530565134584,0.2573208808898926,0.001796344945692992,0.3114619255065918,0.04610166160864283,0.24798011779785156,0.23605742191817178,0.04275822639465332,0.04075336322232215,0,0.046415888336127774
0.0006665560693317104,0.03664061811500619,0.020313856573700658,30.23441481590271,0.00293047959203477,0.24819517135620117,0.002095646035783057,0.33179211616516113,0.02637786167962214,0.34929919242858887,0.3773947536509398,0.048276424407958984,0.012400436579082741,1,0.046415888336127774
0.0007821443813090061,0.03216154506189784,0.013149988781092869,41.79039716720581,0.0018950111963114435,0.4155733585357666,0.0018950111963114435,0.3457677364349365,0.01727219265606752,0.2573099136352539,0.20480428482914012,0.04399991035461426,0.014552259304751866,2,0.046415888336127774
0.0011398554722348892,0.023433020241329584,0.009107582873301073,36.75750470161438,0.002211980373743957,0.2601962089538574,0.0022093605925766514,0.29564881324768066,0.023933733127575473,0.2767055034637451,0.2546501504841546,0.03546571731567383,0.026840096452096684,3,0.046415888336127774
0.000800701730057048,0.02539695598468687,0.01191703789596733,28.28008532524109,0.0010858312108833926,0.23380136489868164,0.001110070460090166,0.28837060928344727,0.019338125275475085,0.30744194984436035,0.5159433044278428,0.03136920928955078,0.010832028656138023,4,0.046415888336127774
0.001576023196502178,0.037022608726181794,0.02580773661494398,29.82245445251465,0.0014621483359754214,0.4366745948791504,0.0016271085972665356,0.5056986808776855,0.021437949537834435,0.40198469161987305,0.157630015023049,0.036890268325805664,0.02375375502610119,5,0.046415888336127774
0.0021663053269113477,0.033323592585728194,0.017467670265084816,28.062686681747437,0.001112522786545922,0.2599930763244629,0.001041064238601915,0.3202953338623047,0.0449941785665358,0.31765294075012207,0.2859707624499264,0.035161733627319336,0.025307216204318056,6,0.046415888336127774
0.0010449507961959017,0.04555628435821134,0.017117202949199117,24.204269409179688,0.0010838992687259778,0.3548009395599365,0.0009874746005592203,0.4430510997772217,0.08249884897476616,0.42874598503112793,0.35746455256618376,0.02821969985961914,0.022452295889449702,7,0.046415888336127774
0.0012546002859320578,0.034575600359919655,0.013808943609847317,42.0792019367218,0.0015261992523715926,0.2303159236907959,0.0017302601483768425,0.27153754234313965,0.07639914495211257,0.2882671356201172,0.20991419981474566,0.03647279739379883,0.06106829219082579,8,0.046415888336127774
0.000767994662990786,0.012496353818681171,0.005052784897610468,34.091119050979614,0.0017679347262838708,0.24097251892089844,0.0016151737801618864,0.33666539192199707,0.013105978110485963,0.1360321044921875,0.26136347814860816,0.03055286407470703,0.013143226159901236,9,0.046415888336127774
0.0011401841432736592,0.02375699115401234,0.007637136974382302,38.44562101364136,0.000969512043108911,0.3004019260406494,0.000969512043108911,0.37587618827819824,0.017953246572358285,0.2147822380065918,0.09479872011731011,0.038279056549072266,0.021139862253762447,10,0.046415888336127774
0.0010819078469837579,0.07127662732932638,0.036991618387285076,41.66263151168823,0.0020689796505132477,0.26300692558288574,0.0018707104149295072,0.33059144020080566,0.026824271093206908,0.698427677154541,0.5391144225426026,0.040123939514160156,0.01922246744671193,11,0.046415888336127774
0.027524160589096004,0.04145573630191048,0.037124687299514694,52.192970991134644,0.001129079659414852,0.2503190040588379,0.001116998813198585,0.3092060089111328,0.005602623362212985,0.1958467960357666,0.11054073517615745,0.042482852935791016,0.010428963836638761,12,0.046415888336127774
0.0012364722265148028,0.0266460010702079,0.016105721202867525,49.88002157211304,0.0010685433265251287,0.36811208724975586,0.0010685433265251287,0.4204733371734619,0.032460447685410024,0.2088630199432373,0.11175102454665535,0.053777217864990234,0.034645609523727035,13,0.046415888336127774
0.0015144555306387363,0.020107405603246746,0.003987584485076729,21.9416241645813,0.003361642728957678,0.26296567916870117,0.002384061187499461,0.3294987678527832,0.058704163979904564,0.3503108024597168,0.12570939320215807,0.04407238960266113,0.02386822137719437,14,0.046415888336127774
0.002485886508329386,0.040210281423295476,0.01541333529416749,38.27272367477417,0.0012599555237895834,0.26155567169189453,0.0012599555237895834,0.3129761219024658,0.016409214370699258,0.3745238780975342,0.19395829160340225,0.030291318893432617,0.015578109546365737,15,0.046415888336127774
0.0048502230233811615,0.06601897072124926,0.0170417157843717,51.57567071914673,0.0035765350648423156,0.3341505527496338,0.003575609325045459,0.41335391998291016,0.04173927741542159,0.17875123023986816,0.1615142340996601,0.028011322021484375,0.04267172653590613,16,0.046415888336127774
0.0006849491683143194,0.029562628163226308,0.019659448630175,36.90505361557007,0.0009837959178542982,0.28810906410217285,0.0009837959178542982,0.3321068286895752,0.04747625493382472,0.3372383117675781,0.21523687000969477,0.038422346115112305,0.02237221683324261,17,0.046415888336127774
0.0007729001374278787,0.03867954178698625,0.01998962486335481,29.286669492721558,0.0012516950999586754,0.2576775550842285,0.0012516950999586754,0.31322264671325684,0.029314362739697824,0.35915350914001465,0.4098507915912263,0.04598689079284668,0.021237601180933163,18,0.046415888336127774
0.0011305588271677935,0.022318554930313185,0.02186536581241326,27.930143117904663,0.0018281787420027693,0.27106761932373047,0.001958941923622892,0.30414319038391113,0.033236808163577755,0.4601562023162842,0.3615899472332093,0.05239534378051758,0.011748849737576544,19,0.046415888336127774
0.0010667121715325282,0.01114510559159072,0.005495665966795098,44.04656219482422,0.0009978991574448295,0.2634556293487549,0.001190840106634387,0.32554101943969727,0.016900913907035933,0.25035524368286133,0.1155916942695769,0.04969334602355957,0.013747588365437926,20,0.046415888336127774
0.002952545456156271,0.12968845561132197,0.02382132486980957,32.82427906990051,0.0021923240907943215,0.3118765354156494,0.0021923240907943215,0.3995957374572754,0.038493703774000854,0.43201470375061035,0.31144544513169015,0.03195452690124512,0.021697901578636145,21,0.046415888336127774
0.006439332862650142,0.1372700883941061,0.04764996480982833,53.42425346374512,0.0006660059973631801,0.23506546020507812,0.000727554568235426,0.2906928062438965,0.043456778407477956,0.4457130432128906,0.35753672042055185,0.03465700149536133,0.009697759131711314,22,0.046415888336127774
0.03944672412921103,0.0194723503727069,0.029968685281244124,43.387813091278076,0.002698355320361571,0.44385385513305664,0.003437868635070681,0.36325716972351074,0.020856981020649666,0.27424073219299316,0.2644879348756701,0.04799842834472656,0.014037824718269115,23,0.046415888336127774
0.0009121227387305439,0.0271186010568333,0.012714680138738445,36.05203986167908,0.0011557503824423702,0.24407291412353516,0.0022566150064939746,0.3085026741027832,0.030202102618697657,0.3524351119995117,0.25878142670351306,0.03019237518310547,0.009124619049093289,24,0.046415888336127774
0.0013384850197698233,0.025484287626073333,0.01592738637729976,30.305269241333008,0.001363651148640351,0.24227404594421387,0.001752909971020674,0.30709099769592285,0.0467397528048364,0.21053719520568848,0.34993356035277773,0.045419931411743164,0.03434421178916695,25,0.046415888336127774
0.0029166292967222874,0.03581687811803344,0.02366193750940321,45.75851345062256,0.0015649098668883532,0.26170825958251953,0.001498094630630997,0.32258105278015137,0.030633407874170633,0.2472689151763916,0.35345797544344254,0.06857776641845703,0.02248493638031721,26,0.046415888336127774
0.001014523727584023,0.02719375811811841,0.011456319906277703,27.105619192123413,0.0013319902065624576,0.20472288131713867,0.0019829055229554065,0.24910783767700195,0.10538600477612399,0.31522250175476074,0.27279194509350085,0.03843092918395996,0.044125761870791584,27,0.046415888336127774
0.0006083986537371559,0.012892975486545754,0.007254152664124673,23.91669011116028,0.001487831434305435,0.2931098937988281,0.001487831434305435,0.37209367752075195,0.026671480754321915,0.35003209114074707,0.07705080450524647,0.04371333122253418,0.02613292133829496,28,0.046415888336127774
0.0014296170150861708,0.022262176514097416,0.015245712916151632,23.49463129043579,0.0017116735226004876,0.2803220748901367,0.0015274674814609905,0.3638489246368408,0.03064962574025156,0.15767645835876465,0.2126695317737138,0.0432741641998291,0.028747074329441465,29,0.046415888336127774
0.01698235681230594,0.24894184751656648,0.09436560817999289,46.60587978363037,0.008403226416594366,0.361053466796875,0.006873754864722259,0.44736814498901367,0.3097421318115232,0.14176106452941895,0.49420342346754387,0.03204846382141113,0.2081137575402905,0,0.1
0.004736328034734487,0.1491552351807247,0.08336700892940405,27.972912311553955,0.004200827961533345,0.37058258056640625,0.004889180647694376,0.34783053398132324,0.0355755069540163,0.17822265625,0.3521977484464438,0.03437447547912598,0.08376056368204833,1,0.1
0.007815999229160512,0.19171899353452002,0.05100738598783347,48.93758225440979,0.0037865909000162727,0.2539238929748535,0.0037865909000162727,0.2990257740020752,0.03283388260039568,0.20354151725769043,0.27495708377973826,0.06695866584777832,0.05307492761350535,2,0.1
0.0154471607425684,0.1607323316477672,0.0941401477769803,48.51930117607117,0.011698582624781703,0.37244629859924316,0.005378714072127141,0.4284398555755615,0.05888817724791563,0.5564453601837158,0.4054730630928248,0.07244229316711426,0.17315588729570316,3,0.1
0.03210050883191926,0.2288550321761434,0.1628269721012999,41.9262170791626,0.007517580789713858,0.465087890625,0.017495349960482704,0.6282100677490234,0.5273615900518366,0.20706510543823242,0.4637624199965555,0.03342938423156738,0.2424572548673721,4,0.1
0.020433304897538022,0.12259280575424898,0.06478605880553087,39.342148780822754,0.004511627908017675,0.2742581367492676,0.007246075288054774,0.3669571876525879,0.01775393629842879,0.41260194778442383,0.5328440807578216,0.032503604888916016,0.12720433666242642,5,0.1
0.011043910430195977,0.09391695651216712,0.06558437403984882,23.35105037689209,0.0058687411815308305,0.1753404140472412,0.007186575305527887,0.21442103385925293,0.06321405485384977,0.30257153511047363,0.37030076076133633,0.034566402435302734,0.061275693544431596,6,0.1
0.4160724327537092,0.16346323659383705,0.1920973807432594,29.251752138137817,0.011570647219213534,0.5503690242767334,0.041615621595932926,0.5926852226257324,0.4344656788875124,0.29686498641967773,0.566203122195682,0.032045841217041016,0.23731848292991642,7,0.1
0.017662295376852356,0.20019877454748833,0.18331908290377222,51.380927085876465,0.003957602309779654,0.43819713592529297,0.0037745666325516456,0.487321138381958,0.05099805558659041,0.6500318050384521,0.3602119561434132,0.03855490684509277,0.1955222660666596,8,0.1
0.01181378897040753,0.11458600012732921,0.0677858640348723,37.59671974182129,0.006699833614068858,0.2293565273284912,0.005106187853530519,0.302473783493042,0.022424055013054178,0.1741471290588379,0.4379088700684677,0.04143667221069336,0.039163909121481565,9,0.1
0.003755581869161718,0.1500964921387544,0.04343722605470221,38.230122089385986,0.0027752701713403306,0.33889126777648926,0.0027752701713403306,0.38344264030456543,0.044035705388994865,0.22586536407470703,0.5090628091751102,0.042105913162231445,0.0858507603147268,10,0.1
0.007856651944130492,0.17069967595796653,0.090636574199337,38.11251187324524,0.0045972897019315615,0.23471331596374512,0.004046036923666148,0.33073902130126953,0.012847382441814856,0.20845270156860352,0.5057315911438727,0.04050326347351074,0.08633544379542395,11,0.1
0.0656001784897688,0.108728802280568,0.11840194940539005,52.724483489990234,0.011373776435127412,0.2553291320800781,0.0075270981070558515,0.319002628326416,0.007191232854391079,0.30861687660217285,0.4610133647683455,0.03814053535461426,0.10273162752070855,12,0.1
0.006345257010831935,0.130012692678044,0.07084205182416732,43.72308158874512,0.0020019989360899144,0.24890828132629395,0.0020019989360899144,0.3300797939300537,0.03464059332783613,0.16239380836486816,0.2976712557001299,0.03535652160644531,0.08214897285879585,13,0.1
0.007981472647321417,0.22556807354494893,0.10096040853695269,30.852441787719727,0.010230367306702895,0.3095989227294922,0.0062521179808036065,0.469529390335083,0.09303673499935163,0.362929105758667,0.23302837417268343,0.03562164306640625,0.08661146346420948,14,0.1
0.021099415470307782,0.1841646613211455,0.15634494727951703,52.03211522102356,0.007724869596127437,0.22331452369689941,0.00775368245732293,0.3407289981842041,0.01763682770488032,0.2511582374572754,0.341064895121708,0.02971196174621582,0.10638800017432656,15,0.1
0.04318851334402202,0.21903414678453956,0.15659371199987313,49.15583086013794,0.010590529167999954,0.2995736598968506,0.010590529167999954,0.38015031814575195,0.08981553951067503,0.14754486083984375,0.47173167169051855,0.04133033752441406,0.15986362067481868,16,0.1
0.010276766393493345,0.16318120346728557,0.12942887589628552,38.27079653739929,0.01206496515909899,0.2310771942138672,0.01206496515909899,0.2690165042877197,0.024293360323032843,0.2632424831390381,0.5458292054730686,0.029646635055541992,0.0962193809405166,17,0.1
0.0032674076555666786,0.1567185846062808,0.10280848783121381,24.787128925323486,0.00923666386322124,0.3359029293060303,0.004456170806211479,0.407928466796875,0.051593607278721774,0.3626253604888916,0.49120134472032484,0.053200483322143555,0.16917649846837107,18,0.1
0.008431857536512122,0.13584583243519213,0.07850885356761801,24.538161516189575,0.0030937118017417236,0.25687527656555176,0.0037533385523607597,0.3217339515686035,0.028616600478292092,0.12203693389892578,0.4734056643006639,0.04682111740112305,0.11391717061989866,19,0.1
0.00696756647702057,0.15488806595772092,0.10276271366349476,32.85712194442749,0.00368584639087588,0.27413511276245117,0.0024444444201803246,0.3399350643157959,0.039000814357816646,0.45632052421569824,0.41837365205758326,0.03735756874084473,0.15236337899067925,20,0.1
0.01818064695680431,0.2754625826723073,0.11643415442980769,39.45228171348572,0.0036047432653003213,0.320239782333374,0.00468084766282418,0.3756589889526367,0.021397938569098492,0.27129054069519043,0.6145977212111322,0.0569453239440918,0.047080447068027734,21,0.1
0.02341273328867462,0.17184997879622124,0.100615619497933,54.18187427520752,0.0070896499235585985,0.3868241310119629,0.004013648891689892,0.32023191452026367,0.01557265836563002,0.25365734100341797,0.3582785690286939,0.03050374984741211,0.08650676232621843,22,0.1
0.05513001857793798,0.12162378141868162,0.08035629117978664,51.35800743103027,0.023283463929100686,0.39948511123657227,0.025062679356765327,0.31632232666015625,0.07601138912259779,0.3193488121032715,0.31848129461864955,0.05036735534667969,0.3413217423821946,23,0.1
0.00400954458320808,0.08067925555299753,0.04250960569554081,34.46588897705078,0.008583081586350318,0.3498265743255615,0.008105297736288401,0.34432101249694824,0.027338782665742002,0.29784393310546875,0.33937503757401644,0.04026365280151367,0.0338098255300827,24,0.1
0.40695860257119937,0.27041675866829457,0.21791733899315482,35.620471477508545,0.004852432021534026,0.459275484085083,0.0040706278755688365,0.5171253681182861,0.08909867531839008,0.678168535232544,0.3574042175607516,0.03431057929992676,0.3338722289545828,25,0.1
0.025484654579897785,0.09762048108363185,0.06573240192234728,42.519126653671265,0.0054376235667491874,0.2054736614227295,0.005190951577342595,0.2530708312988281,0.05737528608269932,0.13904571533203125,0.6300316908448057,0.031052589416503906,0.04526811515243196,26,0.1
0.013271698870772819,0.1832682386636333,0.1304237410877423,31.974928617477417,0.0064176714516597675,0.22935914993286133,0.004171543160657443,0.35983753204345703,0.11552713979484693,0.27855348587036133,0.45560988121743085,0.0390925407409668,0.11993508951645608,27,0.1
0.005903284775103786,0.08937379577684643,0.03901899358296733,23.993550777435303,0.0028223779244772223,0.2539095878601074,0.0028223779244772223,0.31999850273132324,0.04991924593258429,0.3224341869354248,0.34444547058989117,0.03790688514709473,0.08191716043367019,28,0.1
0.007750660171897886,0.12583259059099391,0.05338861655843162,27.40488910675049,0.005691584616136976,0.5424156188964844,0.005691584616136976,0.5023925304412842,0.12281215236690823,0.19111371040344238,0.4032471779624373,0.05661439895629883,0.1524707336147103,29,0.1
0.45542632167004954,0.2581503463613807,0.1878185658654314,43.23299479484558,0.07140622173562748,0.27579665184020996,0.19595759239573637,0.25168538093566895,0.4072101432798405,0.1876659393310547,0.5249545697547495,0.031197547912597656,0.519145881864169,0,0.21544346900318823
0.6573704330089433,0.2954974993258516,0.16130319029760506,51.699031352996826,0.4668181661744496,0.2948770523071289,0.3512495446222071,0.36885690689086914,1.0333071948778871,0.14641594886779785,0.3651564801508147,0.03153634071350098,0.20936379310169526,1,0.21544346900318823
0.12187433902283525,0.26205190580098586,0.10086583778272117,35.393075704574585,0.10904751971604947,0.24112248420715332,0.0798322942089556,0.37140798568725586,0.16377512226794605,0.16217637062072754,0.3047093123891355,0.023144960403442383,0.1691228376710554,2,0.21544346900318823
0.39117652153958216,0.23791966046364713,0.11821843637460729,55.225488901138306,0.20995021716000245,0.24130678176879883,0.0681369852987451,0.3876762390136719,0.2805327884331287,0.16344451904296875,0.5907921117935602,0.05093669891357422,0.3526722694860095,3,0.21544346900318823
0.09944341658253428,0.21973267954750866,0.11993680758569286,30.439769506454468,0.009869449993272912,0.25312161445617676,0.042197859408385566,0.25113773345947266,0.09942802001936533,0.13374853134155273,0.3869339582634399,0.026813983917236328,0.16689099475786404,4,0.21544346900318823
0.6232006835039059,0.3082281077414127,0.1541410002237947,46.627344846725464,0.6786580763535867,0.3000760078430176,0.5613340578325444,0.4340484142303467,0.6577425578606619,0.16681313514709473,0.5868819970286011,0.0500025749206543,0.25099777475890167,5,0.21544346900318823
0.698669861300601,0.21533361505884033,0.2580448889356239,25.889832258224487,0.33606555505480545,0.23108196258544922,0.21205105558777157,0.42412519454956055,0.6360640152400499,0.13987064361572266,0.41048529585491833,0.05389976501464844,0.17533198538426797,6,0.21544346900318823
0.873690453021894,0.23928549352849432,0.18117720391196215,38.023836612701416,0.35579795329485175,0.38478922843933105,0.49988539808945387,0.30649876594543457,0.7131313935838814,0.16815185546875,0.5198362833447888,0.03931784629821777,0.3527307303110796,7,0.21544346900318823
0.5129566007142027,0.3770797564216623,0.2349219285364633,43.577253580093384,0.04216854591664256,0.21105694770812988,0.025243512133953722,0.29906487464904785,0.3213509052923279,0.18162798881530762,0.4312842087198711,0.04935312271118164,0.14435497139143116,8,0.21544346900318823
0.3425087617895194,0.3122407128321506,0.13217025869249957,44.85757231712341,0.35325583139561645,0.29894566535949707,0.10280997283072786,0.41790342330932617,0.7546809626793598,0.17168498039245605,0.42032453400913355,0.029810190200805664,0.5162064572928957,9,0.21544346900318823
0.9063783229570438,0.25798520685033555,0.2232820374675103,39.35618042945862,0.3784299263217024,0.3528425693511963,0.7001194601303091,0.3228034973144531,0.9851243522205939,0.14896821975708008,0.4776954865666586,0.04999351501464844,0.5295172110086597,10,0.21544346900318823
0.06848844146091713,0.2161568134071415,0.09423017336715397,51.117910861968994,0.015257021182385885,0.3181028366088867,0.03187980053408568,0.29773926734924316,0.060969192197706204,0.14297914505004883,0.5599550513099341,0.04854249954223633,0.19065305977952413,11,0.21544346900318823
0.849401582094039,0.2928809151137326,0.2647364526314005,49.91664910316467,0.2622641205275639,0.400911808013916,0.416206254822958,0.3972153663635254,0.5752442597139046,0.21039986610412598,0.6391480566608709,0.03663516044616699,0.20551024528530987,12,0.21544346900318823
0.602627195688805,0.2809338245565771,0.19101948442559205,53.58280539512634,0.5295809752860403,0.30139923095703125,0.6122960701509521,0.2946014404296875,0.9052813287462627,0.13712382316589355,0.32919030455524023,0.0424807071685791,0.30543617773801335,13,0.21544346900318823
0.34377019830894373,0.23902679621895745,0.1734411064471716,29.73065185546875,0.5184595708970166,0.42534637451171875,0.3356293963876453,0.30100560188293457,0.29632925619885386,0.2568395137786865,0.41963138685273843,0.05107545852661133,0.14582262733048446,14,0.21544346900318823
0.8377750340584262,0.24688011930069964,0.2732988328845138,53.84082245826721,0.12252123012599951,0.3697340488433838,0.21363972884954915,0.30359673500061035,0.39496422246338264,0.21230816841125488,0.5583197977851169,0.03706097602844238,0.2943266164614392,15,0.21544346900318823
0.5585386767994514,0.17542833969132468,0.23430320350068726,41.72936153411865,0.3151256840314898,0.5168373584747314,0.5220583630507067,0.3435509204864502,0.7096827913411027,0.1957836151123047,0.6104097281992427,0.030471324920654297,0.2113570392292538,16,0.21544346900318823
0.17820288380651517,0.2113528096792973,0.08529316724629751,31.18226647377014,0.22199747306084094,0.4267857074737549,0.3196792049403211,0.331679105758667,0.8489185681454663,0.23656225204467773,0.5201887092898501,0.04107356071472168,0.20829248661534594,17,0.21544346900318823
0.6713933881152581,0.2562837880539634,0.12031079226376458,38.39974498748779,0.17674123692587274,0.3881111145019531,0.3337751945786671,0.38492345809936523,0.5487908941199432,0.16930794715881348,0.41473090888849684,0.03988504409790039,0.3303764881797058,18,0.21544346900318823
0.8560489360926476,0.35447327232792814,0.22870569642956248,29.76381492614746,0.26423748022924254,0.2626492977142334,0.13809551400357972,0.352916955947876,0.5317242741890466,0.2785336971282959,0.5215473152725265,0.03342700004577637,0.2968611754412628,19,0.21544346900318823
0.15369113633891548,0.23017552518639092,0.21843748630176305,54.447128772735596,0.4777886444718117,0.3139355182647705,0.35904035492582675,0.49687886238098145,0.39467144720392594,0.21151304244995117,0.5195583602369283,0.03836989402770996,0.6812009219315908,20,0.21544346900318823
0.3645859690887414,0.2708247514693667,0.2358135297784679,33.18247032165527,0.07413752367212799,0.25370168685913086,0.029925134740587212,0.44487929344177246,0.1893208881143992,0.1724720001220703,0.6575137311136274,0.02635979652404785,0.25231153478215074,21,0.21544346900318823
0.41069074365417946,0.2962055174253938,0.2657849372533463,54.34698438644409,0.13145465772847817,0.4850151538848877,0.13770813713495458,0.3422384262084961,0.2307785825212881,0.31040215492248535,0.4308475513221287,0.030594348907470703,0.1968333063359239,22,0.21544346900318823
0.038332223435061555,0.18174813738293333,0.12358879261817934,38.38792586326599,0.42002048464578945,0.28388023376464844,0.44629861785742814,0.21074628829956055,0.3565217122164773,0.12770581245422363,0.3987342690596617,0.027007579803466797,0.405491157707839,23,0.21544346900318823
0.10395263938589028,0.18273762371049693,0.13716194872453719,33.656118631362915,0.15979157918142026,0.293332576751709,0.1524981263155845,0.32961249351501465,0.14598151270107868,0.16060376167297363,0.47290646667198616,0.03812837600708008,0.33975035022092354,24,0.21544346900318823
0.596433918658178,0.29961804629323735,0.26144166036455335,50.36166048049927,0.4349115198299119,0.3304307460784912,0.4602151313946178,0.3827993869781494,0.28610554291664814,0.34768247604370117,0.5585691149966234,0.03340768814086914,0.3704643948822053,25,0.21544346900318823
0.7193338095730349,0.2368882897947044,0.28676320901116353,51.68251657485962,0.2203669436312809,0.3113062381744385,0.10506815954951398,0.5226259231567383,0.4622177222441228,0.15599584579467773,0.7752672836421255,0.04369401931762695,0.20494209085255716,26,0.21544346900318823
0.1235388214009989,0.19581077921410067,0.16432670433250765,27.443780422210693,0.04934099917210311,0.3474280834197998,0.026509713148457688,0.40398311614990234,0.15193767435262642,0.17125201225280762,0.273366208558265,0.03407788276672363,0.3536844653093204,27,0.21544346900318823
0.41792702264966525,0.2710010599649069,0.18245378138797272,27.347994804382324,0.03726657732533516,0.2509336471557617,0.03726657732533516,0.2791309356689453,0.1274307956781376,0.15110206604003906,0.4257065569311565,0.043462514877319336,0.42904903789538934,28,0.21544346900318823
0.33911881753236844,0.2691372618851309,0.12121212979634413,27.66062092781067,0.37474908408080065,0.3131985664367676,0.3753789962143792,0.3447270393371582,0.5116480456654118,0.17087626457214355,0.44930031086085825,0.06044888496398926,0.3005959056871796,29,0.21544346900318823
0.5586579742499491,0.20828166871568082,0.3045011514994995,29.267091512680054,0.5774560487105319,0.2903151512145996,0.5570094928911017,0.25675368309020996,0.47074220730220456,0.26082515716552734,0.41088980186543145,0.0331878662109375,0.485236933562915,0,0.46415888336127775
0.6515776917940239,0.3062915838834962,0.23515606508889572,31.405426025390625,0.30022766833064585,0.18854928016662598,0.39640744423984753,0.31964921951293945,0.4228726599044609,0.23201870918273926,0.2545715082116923,0.029770612716674805,0.21032153516360336,1,0.46415888336127775
0.6449277700564254,0.2909519625630694,0.24292298669329482,21.09012794494629,0.4372472564526427,0.258650541305542,0.5224761677902248,0.3898460865020752,0.6560060589613677,0.28230786323547363,0.5640895590171716,0.032198190689086914,0.1896726008736526,2,0.46415888336127775
0.5205310866218933,0.24615868954557038,0.32096567187953545,52.37076497077942,0.36650516425691543,0.26863908767700195,0.47379074144824385,0.4239215850830078,0.600053758616906,0.24872756004333496,0.8250657515301751,0.03731274604797363,0.3744205992582198,3,0.46415888336127775
0.26697738030961105,0.2990845152889102,0.2645377824664058,26.783506870269775,0.5158869192644915,0.31373000144958496,0.2666241636900158,0.31345629692077637,0.3798980905192826,0.2368454933166504,0.46372960040346634,0.03944826126098633,0.1442586171242502,4,0.46415888336127775
0.6142372669050377,0.2787756894357206,0.2445156641431958,30.82167100906372,0.3881546558792583,0.2830357551574707,0.25943525116675126,0.28470754623413086,0.46044614985307514,0.2290961742401123,0.5975176584511225,0.03431868553161621,0.28385515649603704,5,0.46415888336127775
0.74946429960086,0.1576502954519459,0.2762952946057652,28.738359689712524,0.508892556295564,0.33289456367492676,0.44587436529576757,0.29165005683898926,0.7760452098024296,0.23236894607543945,0.48176184048784887,0.032427072525024414,0.3415600613975795,6,0.46415888336127775
0.6754466499454929,0.2504072125441825,0.2481126939209309,22.469069242477417,0.46663503328671185,0.24647855758666992,0.4645346509113913,0.25113677978515625,0.7063108258024953,0.2221517562866211,0.5827722505246307,0.0483553409576416,0.3893658062748413,7,0.46415888336127775
0.329329126302338,0.30832620695498947,0.27983470177876796,41.8227276802063,0.3837511139365472,0.3174464702606201,0.2245136231161114,0.293414831161499,0.5368946062673778,0.2492225170135498,0.2943853042033274,0.04476666450500488,0.12759276140245218,8,0.46415888336127775
0.35174024342431043,0.29447484001310636,0.15478499450566469,21.58363127708435,0.5026791559930172,0.22826385498046875,0.5345352951406611,0.32160139083862305,0.3018935751152807,0.21050572395324707,0.31528828764748745,0.02906489372253418,0.426109919598764,9,0.46415888336127775
0.7126514204437295,0.2589540113357759,0.2403837726223575,36.566449880599976,0.7555842388932714,0.2720930576324463,0.6027722923748365,0.34470415115356445,0.631719437988764,0.34874844551086426,0.5180627747397036,0.029627323150634766,0.5590827032987511,10,0.46415888336127775
0.4678328068539466,0.18733165811999083,0.232501738770377,55.39579224586487,0.24282210199617457,0.283292293548584,0.3099686860686527,0.29752135276794434,0.5379696637178972,0.3134803771972656,0.36102043954372415,0.04195070266723633,0.3111126784290903,11,0.46415888336127775
0.4396790369174937,0.3761643495353498,0.28669748035431647,50.07598376274109,0.4249149468091825,0.284700870513916,0.4434477546032511,0.45456957817077637,0.44711509466892896,0.30664801597595215,0.7025475877552785,0.04070878028869629,0.15026510617908803,12,0.46415888336127775
0.6109529212316323,0.28675252526254197,0.3499147393394816,55.361661434173584,0.4740962920112481,0.34845900535583496,0.2128117793539881,0.24833250045776367,0.6108224344695612,0.36987829208374023,0.36459935146662215,0.05416369438171387,0.27600550217491426,13,0.46415888336127775
0.551027995800545,0.28763896072982764,0.34445675046139024,32.71071696281433,0.16894648584142116,0.23528766632080078,0.36553220697823635,0.2715606689453125,0.726009499229078,0.32474470138549805,0.39483464584400174,0.048691749572753906,0.2896050020541231,14,0.46415888336127775
0.6285216187667598,0.26920617787391554,0.3203857215634759,50.912710666656494,0.3392599769729029,0.254558801651001,0.22673809184429072,0.25487732887268066,0.37465060216061685,0.2553102970123291,0.5120278768111969,0.037598371505737305,0.29178797520398786,15,0.46415888336127775
0.6837332915817854,0.16406108562017502,0.26829479701022446,50.788498640060425,0.5819189843658426,0.3085489273071289,0.28013190706029545,0.44339632987976074,0.3276220325711849,0.3837101459503174,0.317877017310107,0.04623079299926758,0.2751473394756888,16,0.46415888336127775
0.48433956926290633,0.3938690437810329,0.1908342028291764,48.13020205497742,0.46483520755944613,0.36359596252441406,0.35048405066443233,0.311892032623291,0.746314443082887,0.4771106243133545,0.5583516048959417,0.056542396545410156,0.2220299463353422,17,0.46415888336127775
0.804641932342309,0.19498103810318768,0.21248066306784005,26.146228790283203,0.5183934188199303,0.2729458808898926,0.234131343690306,0.2966034412384033,0.5070282859286278,0.2666003704071045,0.3511384015703913,0.032938241958618164,0.31675605924591943,18,0.46415888336127775
0.4775902936435541,0.36092793652359917,0.3054917602679683,23.957473039627075,0.36474005757733874,0.3771839141845703,0.4128453325918745,0.31517624855041504,0.5980616406314848,0.38983988761901855,0.49027260874792067,0.05756068229675293,0.325321949152987,19,0.46415888336127775
0.4833529647466491,0.2708073728608388,0.2728717835478052,27.580167055130005,0.3596807252700539,0.31998705863952637,0.6165933548378433,0.4279465675354004,0.5052664369461912,0.30849170684814453,0.3023856266801141,0.03039717674255371,0.7528315731705625,20,0.46415888336127775
0.68480198511496,0.21938360971316367,0.25709500094786475,26.376317024230957,0.5464509527389467,0.3768603801727295,0.2610641778006733,0.2835671901702881,0.7072787802914828,0.37272167205810547,0.5872227245886558,0.037337541580200195,0.31945808119034536,21,0.46415888336127775
0.7800346407484333,0.2684644663183782,0.31262475287410635,51.25603890419006,0.5006804816235928,0.4016993045806885,0.4728030022766537,0.2710762023925781,0.5176832033936416,0.23744797706604004,0.5120299957628698,0.034325361251831055,0.264834381203692,22,0.46415888336127775
0.4560406038938812,0.31984822680633623,0.22264139488796736,23.790485382080078,0.5516005743314508,0.19768357276916504,0.49321588750792345,0.32373571395874023,0.5144002451841782,0.25469470024108887,0.3373354969148302,0.05388641357421875,0.43197468955660484,23,0.46415888336127775
0.5605087317967801,0.3392173511043914,0.2217373025640058,29.171773672103882,0.43470237161097885,0.30712175369262695,0.6323551422382585,0.37140321731567383,0.5978203213734199,0.23874998092651367,0.5512219576171502,0.10193204879760742,0.4814046367048461,24,0.46415888336127775
0.554346901859377,0.2759870084229125,0.20721005333114853,31.557111501693726,0.3966588259252705,0.3453996181488037,0.34366390357464693,0.30275559425354004,0.3701770287364874,0.21913766860961914,0.7430899117591863,0.03967690467834473,0.29804466455913087,25,0.46415888336127775
0.5801847831394437,0.2559192837795451,0.2696895453481583,25.582361698150635,0.7017251872633876,0.36533188819885254,0.3686475538369711,0.29555773735046387,0.33865114604595703,0.34995436668395996,0.6049396371352463,0.053868770599365234,0.24144811018086312,26,0.46415888336127775
0.5392769599928483,0.25174342880266753,0.20580264908167528,29.446003675460815,0.3058440442105793,0.2398681640625,0.28306293003972094,0.29499363899230957,0.49676211354965166,0.23663568496704102,0.34403582811711275,0.06968045234680176,0.39641425465140523,27,0.46415888336127775
0.6419171338438427,0.2246640437560288,0.16884890011450998,26.550644874572754,0.6146421463355989,0.2631194591522217,0.43595581933556316,0.2965364456176758,0.43466974167657835,0.2535731792449951,0.37314055094212517,0.04534602165222168,0.455719036211892,28,0.46415888336127775
0.6121708424113067,0.37996905711303,0.233012364479305,28.425697565078735,0.2850162682338192,0.21989107131958008,0.433833735829123,0.25088047981262207,0.6959608793256725,0.358792781829834,0.4458585594675529,0.03515052795410156,0.1599960579055642,29,0.46415888336127775
0.5353060148535164,0.2694438361905451,0.31470846904521854,27.322439908981323,0.46915595227047485,0.2902653217315674,0.3279333909651755,0.3478884696960449,0.5822229929684893,0.41486310958862305,0.4762250818524655,0.033411502838134766,0.5352276048786341,0,1.0
0.4703954851276985,0.3413406501883294,0.27225495461628546,27.252137660980225,0.543347174755659,0.24441170692443848,0.321302203509519,0.29044365882873535,0.39668773256070167,0.48779797554016113,0.25257694994078295,0.03131747245788574,0.2119171090306018,1,1.0
0.7517633442138869,0.23417486744817884,0.2201650758733402,40.46337676048279,0.26045478602106076,0.23118114471435547,0.14818544470054637,0.3254854679107666,0.52058001878464,0.37494611740112305,0.6187864972814232,0.040491580963134766,0.18535272371526135,2,1.0
0.5970107164457281,0.2673893153110105,0.20477800612211502,39.488802671432495,0.3804468185590966,0.4020111560821533,0.2334126749221141,0.29990625381469727,0.4662809961337378,0.32353663444519043,0.771389772242558,0.03149247169494629,0.3211663431405826,3,1.0
0.6528055105899658,0.3249046379815841,0.2914286011222235,34.312434673309326,0.4923837521584552,0.38521337509155273,0.43333797694279735,0.29401540756225586,0.5498496375724885,0.3981297016143799,0.43927255225136363,0.049362897872924805,0.22282888801786682,4,1.0
0.4297933490957047,0.2445935325756975,0.25129659850972275,33.27594566345215,0.30392321091185825,0.23468613624572754,0.48998910117852024,0.2954273223876953,0.37526146478731903,0.3552258014678955,0.5431480211506006,0.03565359115600586,0.28864614569241986,5,1.0
0.6037925341949686,0.1767909568917016,0.3814116083861049,21.814085245132446,0.2487649946850048,0.3145277500152588,0.3361983657641946,0.3040642738342285,0.32383659973463513,0.20230722427368164,0.4856810538644932,0.04645490646362305,0.347125875069829,6,1.0
0.7306533977741456,0.33335292844749476,0.2871296504800895,22.361517429351807,0.4723305733258818,0.3623967170715332,0.5154134455027182,0.36870598793029785,0.882104661575973,0.25974416732788086,0.6078783815600056,0.07293057441711426,0.561834676586113,7,1.0
0.48476852082957744,0.39479815825130526,0.2739505980419534,41.791876554489136,0.41205683878911775,0.23509693145751953,0.5626862652985973,0.35881638526916504,0.78668318342143,0.36685705184936523,0.27874070789648786,0.04655885696411133,0.12421643030182208,8,1.0
0.6198742767655928,0.18850838934049025,0.28762832284891265,36.95402526855469,0.3189996182582536,0.35047268867492676,0.42397922623272094,0.4625706672668457,0.4227690540508699,0.24586153030395508,0.3362948419455477,0.03301835060119629,0.3655577822419783,9,1.0
0.6193316860611651,0.33521640952700454,0.19196544906238025,28.651927709579468,0.49488002860649327,0.2475602626800537,0.7668743925735395,0.3009202480316162,0.45817118505211835,0.30431151390075684,0.463632557224589,0.025454044342041016,0.5975138526152011,10,1.0
0.6835171419447643,0.25173569905930504,0.3077998520642368,27.79300284385681,0.43777868583313484,0.32011938095092773,0.5024282525728372,0.26650094985961914,0.7504082196131959,0.3214993476867676,0.40523306486331945,0.04638504981994629,0.3359141983482619,11,1.0
0.4675792512552343,0.2642117539323496,0.2538894455344216,44.39865970611572,0.17057155322733208,0.2677419185638428,0.19108081945126132,0.2705094814300537,0.42406645246174585,0.2752208709716797,0.7078364768315828,0.051088809967041016,0.12564831030411666,12,1.0
0.451200533816032,0.3404389506858859,0.25789493763721183,34.939130544662476,0.42937776438801717,0.2278730869293213,0.3181116127841223,0.3128030300140381,0.40299239692309763,0.3083333969116211,0.424747377060978,0.045020103454589844,0.25004212555895544,13,1.0
0.5349258829586269,0.3084472651160622,0.3060630453654045,19.932615041732788,0.2948244989464204,0.27694249153137207,0.43449226012036163,0.3025944232940674,0.4442437136966305,0.30275821685791016,0.5966241467219501,0.032457590103149414,0.28791910795777087,14,1.0
0.4836925419996133,0.2709186665863404,0.3107802303673316,27.3213632106781,0.3284622000255185,0.2445511817932129,0.25370664209175836,0.3049752712249756,0.4685236224588702,0.2706007957458496,0.45597079692867803,0.05800056457519531,0.2840836955201158,15,1.0
0.5789748246087444,0.29525568526707424,0.2896086856842737,44.503127574920654,0.4889796240798489,0.2886977195739746,0.40771258057130205,0.29656314849853516,0.39628386072906696,0.4366722106933594,0.33348671192684665,0.04603934288024902,0.29917784243041523,16,1.0
0.6039869297148004,0.3882116431637152,0.18033320007791312,41.70268774032593,0.39641670876052554,0.2307286262512207,0.2222763326592756,0.2531416416168213,0.7370249976076978,0.2756376266479492,0.6226414519317962,0.025140762329101562,0.1782171750304537,17,1.0
0.3176437161195413,0.23371247309308696,0.22521195487250942,32.69114542007446,0.5634780570424514,0.2779068946838379,0.2676798822156752,0.376009464263916,0.47091232907538416,0.2450106143951416,0.3509405917165751,0.033312082290649414,0.3115350679246551,18,1.0
0.3264579694518618,0.3164425501720308,0.2983337541172619,25.209456205368042,0.4036189476605461,0.21781063079833984,0.42134510201220376,0.3490288257598877,0.6155862525533282,0.3557088375091553,0.5685848863558666,0.06556510925292969,0.36661272788523014,19,1.0
0.6759856171225235,0.14369847817713077,0.3105184068464508,49.525198221206665,0.7391868961514142,0.3374044895172119,0.7451007702211854,0.37984466552734375,0.531423417652841,0.2736790180206299,0.2801552973713415,0.031865596771240234,0.7289438370119758,20,1.0
0.6777235863361304,0.2607749918985546,0.2540746224173685,36.49027180671692,0.357822949012777,0.2657277584075928,0.28018860498225695,0.40338969230651855,0.3140159915883955,0.23024368286132812,0.5295280121531862,0.03673982620239258,0.36055793653495805,21,1.0
0.49645096151860246,0.18213124943477194,0.2576752114058253,38.75740575790405,0.278514198002628,0.2866370677947998,0.3156075584927215,0.43390369415283203,0.4341400167467463,0.28246092796325684,0.5273522147754033,0.03407478332519531,0.29644209360322665,22,1.0
0.5480497835008669,0.32956493703747186,0.29798526879919685,19.910722732543945,0.5388271926749978,0.2949094772338867,0.4932352713718349,0.3055250644683838,0.4927595740134857,0.2660489082336426,0.37258943391099253,0.042699337005615234,0.39644216846044833,23,1.0
0.5454187830502137,0.369411840131282,0.2835102561481549,20.981353044509888,0.35440440867724704,0.20501041412353516,0.388330567654579,0.27820277214050293,0.48880554561072476,0.23729944229125977,0.5297651548177801,0.04920363426208496,0.46077405645102426,24,1.0
0.6391343570804447,0.2954714191149763,0.18209295613906387,27.114063501358032,0.5004641053744441,0.286590576171875,0.3844471875030626,0.2575860023498535,0.42386718456917566,0.2410295009613037,0.7321947498982435,0.030337810516357422,0.2845302453693449,25,1.0
0.6594979428583985,0.27035138321813623,0.2797662491047762,48.978631258010864,0.43522229981626515,0.2443985939025879,0.39678481605912513,0.37462759017944336,0.523827659579163,0.24369025230407715,0.4607447606097644,0.032816171646118164,0.24162564578516607,26,1.0
0.49542368454954283,0.2961881883306089,0.2985224619307425,20.377341985702515,0.7203215151050096,0.25824403762817383,0.4310794607527635,0.2526094913482666,0.4937727707234236,0.374431848526001,0.33002051711855673,0.06499123573303223,0.41028628741698014,27,1.0
0.8422003201946777,0.2195048363898152,0.22995875865625676,24.395952701568604,0.3665419055169879,0.1955094337463379,0.5510104444235125,0.4004960060119629,0.6219619910694738,0.35912108421325684,0.4379045077264386,0.029263019561767578,0.4062337721691713,28,1.0
0.4663427262703701,0.349617910791965,0.24926794121339746,19.358214378356934,0.4175817042957843,0.27571797370910645,0.3170546915770154,0.29279446601867676,0.61286853683715,0.42025041580200195,0.5313336809498006,0.029456138610839844,0.16144587354654613,29,1.0
