Amari LBFGSB,Dilations error LBFGSB,Shifts error LBFGSB,Time LBFGSB,Amari MVICAD,Time MVICAD,Amari MVICAD ext,Time MVICAD ext,Amari permica,random_state,W_scale
0.015908294368142364,0.01949511589617576,0.004832747524826801,39.48626399040222,0.001529273399946105,0.36925220489501953,0.0014299869548712874,0.5018429756164551,0.02364080559247407,0,0.25
0.163033551692988,0.025470203385862405,0.01965598127799413,39.98979568481445,0.0018295490246783442,0.28429484367370605,0.0005081855238698493,0.5027256011962891,0.020692219326910642,1,0.25
0.15470048148302326,0.03854963280288359,0.039888383636325915,40.23711681365967,0.0005667348888821723,0.3798859119415283,0.0005581690144295351,0.5226433277130127,0.013499650420888779,2,0.25
0.009028456395366202,0.008207270514387311,0.004670542316883044,39.35794806480408,0.0036851474393124993,0.43825626373291016,0.0036851474393124993,0.5489115715026855,0.02490129722464284,3,0.25
0.04312317913782406,0.018185685063693963,0.009660252180094673,32.46303725242615,0.0011246239096778614,0.3783395290374756,0.0011246239096778614,0.49754858016967773,0.009362849888450783,4,0.25
0.2012667431414161,0.01815062402051347,0.005206267239756695,33.46841597557068,0.002169684870442149,0.39543676376342773,0.002169684870442149,0.6004173755645752,0.022934653650930937,5,0.25
0.1498167473622434,0.020961150982850993,0.01868738941394447,34.75006151199341,0.002313127325401072,0.3494729995727539,0.002085762861208811,0.5201544761657715,0.029750006444546787,6,0.25
0.02310144872452311,0.015446953927327743,0.008112262857935985,34.201303482055664,0.0007552537496233871,0.4106924533843994,0.0007552537496233871,0.5385518074035645,0.015729641376567283,7,0.25
0.030366647789628415,0.022673030887942296,0.012361532568278972,38.27603769302368,0.0027624936907733543,0.366774320602417,0.002748823230418066,0.4861106872558594,0.03934727916724807,8,0.25
0.015098463275535138,0.011278049692067645,0.005777757202446585,36.45990443229675,0.0017500753015706628,0.5037975311279297,0.0016429276130663917,0.6341738700866699,0.01568294547369436,9,0.25
0.08559224807989102,0.1647128013697975,0.21707063796325204,38.77255725860596,0.0017894882687107011,0.4108293056488037,0.0017894882687107011,0.4920847415924072,0.01105748037124664,10,0.25
0.0023332526241208493,0.011559288805491175,0.0160768269329931,37.73695158958435,0.0014567620387382846,0.39732789993286133,0.0014567620387382846,0.5216608047485352,0.014688840869082091,11,0.25
0.37720964613772195,0.07240829907200015,0.08853971105210284,39.2277934551239,0.002886305910056095,0.35321998596191406,0.0014056789247613875,0.43210268020629883,0.018232259416951172,12,0.25
0.11027889495310444,0.01069448660329596,0.009416701614677713,35.27940535545349,0.005025022219516408,0.3409867286682129,0.0019334335573050075,0.45639610290527344,0.01811747331208239,13,0.25
0.01021117168099729,0.019757073758153658,0.005870204909287635,34.37526559829712,0.00245048903310162,0.45476722717285156,0.0024505236914081786,0.5658562183380127,0.025435772487037028,14,0.25
0.021573870153503108,0.0175291565713641,0.012975002725109366,34.98471999168396,0.0025669069159224415,0.3740103244781494,0.0025669069159224415,0.46505236625671387,0.013273217161336894,15,0.25
0.06661386717046212,0.015724175709167336,0.005746558337322016,37.889094829559326,0.005603753309576089,0.3754415512084961,0.005603753309576089,0.49101686477661133,0.036739713385007707,16,0.25
0.10897080116974049,0.06414976215746086,0.076543987918252,43.376683712005615,0.0031873436273632074,0.5913553237915039,0.0028975382466589973,0.7554526329040527,0.0747511247842126,17,0.25
0.006528834792206635,0.01436504899985833,0.018588314182494275,36.905712842941284,0.0052798933731284465,0.34148597717285156,0.0052798933731284465,0.47602224349975586,0.02345635054650193,18,0.25
0.042358293121591145,0.023152943767894563,0.016745335860995914,39.052478551864624,0.002413077971664876,0.3748314380645752,0.0021204197334572243,0.44686245918273926,0.011967025169709366,19,0.25
0.19652758972389736,0.015658535545382483,0.006700421641995679,51.5837767124176,0.0011715624056726954,0.5054576396942139,0.0011715624056726954,0.6428906917572021,0.015068082799822547,20,0.25
0.06665321214392436,0.0118917276802278,0.010498459064663682,50.679001331329346,0.0019579690843741786,0.7349603176116943,0.0019579690843741786,0.9523861408233643,0.029314957153334542,21,0.25
0.03030258088589227,0.008121900411528889,0.010776260548724536,51.62228226661682,0.0021480136470929142,0.4162287712097168,0.0019658941557397533,0.5870916843414307,0.029576242121987135,22,0.25
0.016858878202782843,0.0061565134907250775,0.005023125912071293,52.65091800689697,0.001721571945907225,0.5075283050537109,0.0015173408116765745,0.6602029800415039,0.02546355777724354,23,0.25
0.20655659397236711,0.1802345302855247,0.19217874682665903,53.71674299240112,0.0009024346749929085,0.6524324417114258,0.000878502778893823,0.9242656230926514,0.009003861337879929,24,0.25
0.1484498002814091,0.020620573618235265,0.011124339165572936,55.15953040122986,0.004344253164926654,0.4890480041503906,0.008985277402732977,0.7097008228302002,0.03053931341232076,25,0.25
0.17309707596961263,0.04048192389961283,0.024571202605537336,54.38530874252319,0.0023483895433418223,0.49782395362854004,0.0023483895433418223,0.6079850196838379,0.02611873982605306,26,0.25
0.0888809727139247,0.007430847914115486,0.008818928234660272,52.590519428253174,0.009025996283181669,0.6683690547943115,0.009025996283181669,0.7697973251342773,0.04612821631075784,27,0.25
0.065267151408268,0.13871620637500634,0.16476150040165505,52.59197521209717,0.0012298716546318914,0.6375458240509033,0.0012298716546318914,0.7628860473632812,0.022953960539746493,28,0.25
0.02680469521053451,0.043971975324227586,0.032542472774587196,51.96516680717468,0.001440706005581475,0.5521144866943359,0.001440706005581475,0.7225639820098877,0.01567061833759462,29,0.25
0.0032236332884615112,0.019925653606718767,0.0058512462849750575,51.28359031677246,0.001529273399946105,0.5526487827301025,0.0014299869548712874,0.737962007522583,0.02364080559247407,0,0.5
0.12392047435920882,0.017761902989503555,0.00958700420817394,53.05787515640259,0.0018295490246783442,0.4153573513031006,0.0005081855238698493,0.6209108829498291,0.020692219326910642,1,0.5
0.035409640450741804,0.037063999050434865,0.03533999534264937,56.278334856033325,0.0005667348888821723,0.47588181495666504,0.0005581690144295351,0.624788761138916,0.013499650420888779,2,0.5
0.006109525767986834,0.008569354144764871,0.007444343106149252,51.8632071018219,0.0036851474393124993,0.5032451152801514,0.0036851474393124993,0.6433031558990479,0.02490129722464284,3,0.5
0.044208039357477115,0.13740700177256857,0.10792705585907827,52.50951671600342,0.0011246239096778614,0.49944138526916504,0.0011246239096778614,0.624868631362915,0.009362849888450783,4,0.5
0.18331657753155828,0.02188918669436794,0.013756286478553259,53.79088068008423,0.002169684870442149,0.5637962818145752,0.002169684870442149,0.6806530952453613,0.022934653650930937,5,0.5
0.06337443966521404,0.016786857919334233,0.01086380286376187,54.9194655418396,0.002313127325401072,0.5660946369171143,0.002085762861208811,0.7638776302337646,0.029750006444546787,6,0.5
0.015566064218958576,0.012952576785959981,0.004468241034436913,53.94704008102417,0.0007552537496233871,0.6213791370391846,0.0007552537496233871,0.7609293460845947,0.015729641376567283,7,0.5
0.025837761179894742,0.02147826385046805,0.013848746090623282,54.726701974868774,0.0027624936907733543,0.5380306243896484,0.002748823230418066,0.7396223545074463,0.03934727916724807,8,0.5
0.003506086181994809,0.010405208896469897,0.003947491798687074,53.32645344734192,0.0017500753015706628,0.7596549987792969,0.0016429276130663917,0.8315436840057373,0.01568294547369436,9,0.5
0.14408934408660454,0.0182762740671683,0.00724588477684847,54.404446840286255,0.0017894882687107011,0.5865352153778076,0.0017894882687107011,0.6631782054901123,0.01105748037124664,10,0.5
0.0018896651342123793,0.011642056104167242,0.01174882517548472,51.04329752922058,0.0014567620387382846,0.637761116027832,0.0014567620387382846,0.7240142822265625,0.014688840869082091,11,0.5
0.30544402370863016,0.01760058017743344,0.03755605076342893,54.94796895980835,0.002886305910056095,0.551034688949585,0.0014056789247613875,0.666785478591919,0.018232259416951172,12,0.5
0.11605991073353321,0.01185082607201461,0.018545100057420615,53.38030552864075,0.005025022219516408,0.43946385383605957,0.0019334335573050075,0.6135387420654297,0.01811747331208239,13,0.5
0.0017293424808617495,0.017189728844734367,0.00903147967264994,51.68617129325867,0.00245048903310162,0.47521018981933594,0.0024505236914081786,0.526526689529419,0.025435772487037028,14,0.5
0.001953418876513877,0.013254117964712344,0.011553136231845097,51.49394345283508,0.0025669069159224415,0.4563329219818115,0.0025669069159224415,0.6674561500549316,0.013273217161336894,15,0.5
0.018228567420236364,0.017097551265095292,0.0028476218937125647,51.92025136947632,0.005603753309576089,0.4866199493408203,0.005603753309576089,0.6217575073242188,0.036739713385007707,16,0.5
0.12329112293800865,0.003863807394372692,0.008138244031056755,53.87343788146973,0.0031873436273632074,0.5786569118499756,0.0028975382466589973,0.816673755645752,0.0747511247842126,17,0.5
0.024893456342075192,0.09612206058696376,0.1458891769019354,51.62853932380676,0.0052798933731284465,0.33188915252685547,0.0052798933731284465,0.46981334686279297,0.02345635054650193,18,0.5
0.009528688174844499,0.01897014410172086,0.011051832550145087,49.6417760848999,0.002413077971664876,0.2910194396972656,0.0021204197334572243,0.3823690414428711,0.011967025169709366,19,0.5
0.1963483824088432,0.016108620715921538,0.008551670041521532,50.70215654373169,0.0011715624056726954,0.45612621307373047,0.0011715624056726954,0.6094214916229248,0.015068082799822547,20,0.5
0.01573925293333073,0.00853261990243522,0.014432092181428222,50.25271797180176,0.0019579690843741786,0.6776120662689209,0.0019579690843741786,0.8452973365783691,0.029314957153334542,21,0.5
0.015617495016133423,0.005744648455423946,0.0036623907800386693,35.734785318374634,0.0021480136470929142,0.34378743171691895,0.0019658941557397533,0.4517800807952881,0.029576242121987135,22,0.5
0.007992557496701407,0.007020167142538576,0.0115790131918853,38.22966814041138,0.001721571945907225,0.550276517868042,0.0015173408116765745,0.5222809314727783,0.02546355777724354,23,0.5
0.15676265489962052,0.056967318480491774,0.06369436057507875,38.958171367645264,0.0009024346749929085,0.6200859546661377,0.000878502778893823,0.6312131881713867,0.009003861337879929,24,0.5
0.07086826615129167,0.02468396145263628,0.0258435374836211,37.14496397972107,0.004344253164926654,0.33511996269226074,0.008985277402732977,0.44150567054748535,0.03053931341232076,25,0.5
0.1295042737915987,0.02614602478409421,0.01236711547987667,36.68049693107605,0.0023483895433418223,0.3569948673248291,0.0023483895433418223,0.46808671951293945,0.02611873982605306,26,0.5
0.056762537279544716,0.0060073285063045505,0.011583587469267865,35.53297472000122,0.009025996283181669,0.44791626930236816,0.009025996283181669,0.5863802433013916,0.04612821631075784,27,0.5
0.012814718558196861,0.021440660283414143,0.004452011117277647,34.63471531867981,0.0012298716546318914,0.5639529228210449,0.0012298716546318914,0.6680598258972168,0.022953960539746493,28,0.5
0.009131671162529565,0.016776857486010963,0.011865781279158716,36.71490788459778,0.001440706005581475,0.41042089462280273,0.001440706005581475,0.6746366024017334,0.01567061833759462,29,0.5
0.002353090376480053,0.01902601192685645,0.007283575033631183,45.96042990684509,0.001529273399946105,0.5684752464294434,0.0014299869548712874,0.6461904048919678,0.02364080559247407,0,1.0
0.06562142611070253,0.019597009881416265,0.005339361846161125,42.72840476036072,0.0018295490246783442,0.38817644119262695,0.0005081855238698493,0.6350405216217041,0.020692219326910642,1,1.0
0.01884595464000664,0.009956656683561604,0.006417647734236957,44.465232372283936,0.0005667348888821723,0.5037240982055664,0.0005581690144295351,0.6837372779846191,0.013499650420888779,2,1.0
0.0011417921298036982,0.008897923667791149,0.010995723256685078,43.754029512405396,0.0036851474393124993,0.5494141578674316,0.0036851474393124993,0.5998361110687256,0.02490129722464284,3,1.0
0.0018092916743340669,0.016509603832443313,0.0038819140698561783,52.02961850166321,0.0011246239096778614,0.5765891075134277,0.0011246239096778614,0.6900627613067627,0.009362849888450783,4,1.0
0.16965317717317455,0.01743044834999156,0.009301804642943827,52.3487594127655,0.002169684870442149,0.5839674472808838,0.002169684870442149,0.6511549949645996,0.022934653650930937,5,1.0
0.013824810719180881,0.019825574485731905,0.004025109060989542,51.79251170158386,0.002313127325401072,0.5114343166351318,0.002085762861208811,0.6792252063751221,0.029750006444546787,6,1.0
0.0026523821251954248,0.012965859845083423,0.004146102437120488,52.04723048210144,0.0007552537496233871,0.5832216739654541,0.0007552537496233871,0.7377357482910156,0.015729641376567283,7,1.0
0.013098951092986458,0.020609517152366585,0.012741343138648255,51.70910596847534,0.0027624936907733543,0.5402860641479492,0.002748823230418066,0.6779158115386963,0.03934727916724807,8,1.0
0.0005691874427138119,0.010745472929441736,0.004976368392389087,52.37112045288086,0.0017500753015706628,0.6551418304443359,0.0016429276130663917,0.8605527877807617,0.01568294547369436,9,1.0
0.11669744201354253,0.014584106491977463,0.009263640357637909,54.38826632499695,0.0017894882687107011,0.5426192283630371,0.0017894882687107011,0.675501823425293,0.01105748037124664,10,1.0
0.000649478053442349,0.012749470209993705,0.00559080485238191,51.10813760757446,0.0014567620387382846,0.6940414905548096,0.0014567620387382846,0.7284564971923828,0.014688840869082091,11,1.0
0.23320936784259985,0.01551009517995879,0.019214637107342704,54.4189236164093,0.002886305910056095,0.49040961265563965,0.0014056789247613875,0.6262195110321045,0.018232259416951172,12,1.0
0.103474723137484,0.0074463029836792215,0.012041159106666236,52.60736346244812,0.005025022219516408,0.5017170906066895,0.0019334335573050075,0.6344075202941895,0.01811747331208239,13,1.0
0.0008375989391920585,0.01787370327559105,0.007212211355912286,51.10736680030823,0.00245048903310162,0.5006465911865234,0.0024505236914081786,0.6176812648773193,0.025435772487037028,14,1.0
0.0043330215427562525,0.01530476772505951,0.011204723613916936,52.657079458236694,0.0025669069159224415,0.48303937911987305,0.0025669069159224415,0.5726668834686279,0.013273217161336894,15,1.0
0.020496964496974135,0.016406578354011565,0.003876762283685331,53.249191761016846,0.005603753309576089,0.5263783931732178,0.005603753309576089,0.6551389694213867,0.036739713385007707,16,1.0
0.06290242167918524,0.005839931391151983,0.006696543499050522,54.058192014694214,0.0031873436273632074,0.5992527008056641,0.0028975382466589973,0.7952141761779785,0.0747511247842126,17,1.0
0.0003629298886646598,0.011892412462784286,0.014147677442275963,50.00052547454834,0.0052798933731284465,0.4756505489349365,0.0052798933731284465,0.5837104320526123,0.02345635054650193,18,1.0
0.006479484551699024,0.020040476287543116,0.01246901127861642,51.45249700546265,0.002413077971664876,0.4644339084625244,0.0021204197334572243,0.5555028915405273,0.011967025169709366,19,1.0
0.18264090965400684,0.016763588744564146,0.0054476314442517115,51.98497486114502,0.0011715624056726954,0.5866506099700928,0.0011715624056726954,0.7056150436401367,0.015068082799822547,20,1.0
0.0062682402805326574,0.008084838767205425,0.0024058365406527393,51.63342213630676,0.0019579690843741786,0.7259066104888916,0.0019579690843741786,0.8813979625701904,0.029314957153334542,21,1.0
0.008264756460623893,0.0064414122562862376,0.004850714433251126,50.588855028152466,0.0021480136470929142,0.46730852127075195,0.0019658941557397533,0.5939748287200928,0.029576242121987135,22,1.0
0.0025139755347899483,0.006484289747162247,0.008649134988336514,51.191065073013306,0.001721571945907225,0.6825826168060303,0.0015173408116765745,0.8344955444335938,0.02546355777724354,23,1.0
0.06610785089445063,0.0075038895899333345,0.009554699227432671,52.20897555351257,0.0009024346749929085,0.7054653167724609,0.000878502778893823,0.8550577163696289,0.009003861337879929,24,1.0
0.07828589298779219,0.016442410983471226,0.008664583380656544,52.253235816955566,0.004344253164926654,0.4696543216705322,0.008985277402732977,0.6515743732452393,0.03053931341232076,25,1.0
0.14898287124907839,0.02125040498373861,0.009358649927691852,53.8439519405365,0.0023483895433418223,0.5842292308807373,0.0023483895433418223,0.6430149078369141,0.02611873982605306,26,1.0
0.009672460179047881,0.005467141062495696,0.00826461537417299,52.156179666519165,0.009025996283181669,0.613563060760498,0.009025996283181669,0.8273541927337646,0.04612821631075784,27,1.0
0.0029747892097422325,0.01983725303269754,0.004507101371192087,51.52175045013428,0.0012298716546318914,0.5718426704406738,0.0012298716546318914,0.7546720504760742,0.022953960539746493,28,1.0
0.0023228784341284836,0.014390594602772724,0.011885035190316053,52.38090658187866,0.001440706005581475,0.5623283386230469,0.001440706005581475,0.6861240863800049,0.01567061833759462,29,1.0
0.0005595055434215703,0.01870947528061917,0.007345859168194413,50.49611258506775,0.001529273399946105,0.5513343811035156,0.0014299869548712874,0.7124233245849609,0.02364080559247407,0,2.0
0.04728458588822967,0.019278604479384922,0.006434899228658034,51.14902901649475,0.0018295490246783442,0.5176012516021729,0.0005081855238698493,0.7361843585968018,0.020692219326910642,1,2.0
0.008692050960691316,0.011173422553779103,0.005690775303740798,46.12235069274902,0.0005667348888821723,0.3675527572631836,0.0005581690144295351,0.47629666328430176,0.013499650420888779,2,2.0
0.0010482507539820718,0.008970626947516368,0.004398724790594703,45.44391655921936,0.0036851474393124993,0.3409268856048584,0.0036851474393124993,0.44653844833374023,0.02490129722464284,3,2.0
0.0023570966312338954,0.01563764798783371,0.003385061138471399,44.69820308685303,0.0011246239096778614,0.37271928787231445,0.0011246239096778614,0.7264471054077148,0.009362849888450783,4,2.0
0.13798634997479883,0.01674223596408571,0.008831502655938048,45.950916051864624,0.002169684870442149,0.5454943180084229,0.002169684870442149,0.5953397750854492,0.022934653650930937,5,2.0
0.0044600491184089526,0.019604171871764553,0.006079635850965378,38.57246422767639,0.002313127325401072,0.4330143928527832,0.002085762861208811,0.5622415542602539,0.029750006444546787,6,2.0
0.0006449001822358907,0.01280340054785646,0.004908660824426885,43.79143452644348,0.0007552537496233871,0.4294161796569824,0.0007552537496233871,0.6221334934234619,0.015729641376567283,7,2.0
0.001150714169259258,0.022744128602064775,0.014385895891327624,43.3553683757782,0.0027624936907733543,0.3783528804779053,0.002748823230418066,0.5036740303039551,0.03934727916724807,8,2.0
0.0005682577498606037,0.009746589071499242,0.004344324447114202,39.49299597740173,0.0017500753015706628,0.4716806411743164,0.0016429276130663917,0.7073771953582764,0.01568294547369436,9,2.0
0.07348128855296526,0.02260750547140046,0.010814475818701883,39.82218337059021,0.0017894882687107011,0.3915393352508545,0.0017894882687107011,0.5082082748413086,0.01105748037124664,10,2.0
0.00031286422807289915,0.012295368040831534,0.0053960347508185,39.96336507797241,0.0014567620387382846,0.40814685821533203,0.0014567620387382846,0.5377094745635986,0.014688840869082091,11,2.0
0.12826566434750905,0.027558330150076978,0.017224693764782785,43.826371908187866,0.002886305910056095,0.3953711986541748,0.0014056789247613875,0.5902929306030273,0.018232259416951172,12,2.0
0.024159631706269277,0.006768747765185385,0.008261707907310302,37.857653856277466,0.005025022219516408,0.3434715270996094,0.0019334335573050075,0.45587754249572754,0.01811747331208239,13,2.0
0.0006319131148340275,0.017427512704098518,0.0066559653581279065,45.30675148963928,0.00245048903310162,0.5279545783996582,0.0024505236914081786,0.6363906860351562,0.025435772487037028,14,2.0
0.0006048279541021175,0.014506999012586884,0.009981915901942001,45.17112922668457,0.0025669069159224415,0.4380314350128174,0.0025669069159224415,0.5893561840057373,0.013273217161336894,15,2.0
0.008692793560314814,0.01630707583331957,0.006224470148749717,46.20643711090088,0.005603753309576089,0.49227094650268555,0.005603753309576089,0.6423571109771729,0.036739713385007707,16,2.0
0.008856628622379336,0.0037459435666523534,0.014230627602917625,49.18488955497742,0.0031873436273632074,0.6785342693328857,0.0028975382466589973,0.8649559020996094,0.0747511247842126,17,2.0
0.0003551670928280126,0.01415466926135562,0.020063018035666166,49.56000757217407,0.0052798933731284465,0.4761359691619873,0.0052798933731284465,0.5935788154602051,0.02345635054650193,18,2.0
0.0019106706008069135,0.017109407470197527,0.0033742515376648024,49.7295138835907,0.002413077971664876,0.3866612911224365,0.0021204197334572243,0.5118560791015625,0.011967025169709366,19,2.0
0.12217814163856232,0.015186682696194657,0.005910538949093608,50.585832595825195,0.0011715624056726954,0.5561895370483398,0.0011715624056726954,0.7100627422332764,0.015068082799822547,20,2.0
0.002210121750704132,0.008491411253314615,0.009007118593059376,50.84725069999695,0.0019579690843741786,0.8223323822021484,0.0019579690843741786,0.9705674648284912,0.029314957153334542,21,2.0
0.002174128422159583,0.007930181220830038,0.009306457177700162,50.41912913322449,0.0021480136470929142,0.4827275276184082,0.0019658941557397533,0.605499267578125,0.029576242121987135,22,2.0
0.0010325470604056629,0.007740817227601424,0.005004129084768855,51.106683015823364,0.001721571945907225,0.5677783489227295,0.0015173408116765745,0.7338814735412598,0.02546355777724354,23,2.0
0.0035152905050245017,0.010789607646632258,0.012282454986019573,51.244041442871094,0.0009024346749929085,0.6751081943511963,0.000878502778893823,0.9532725811004639,0.009003861337879929,24,2.0
0.006848618536217999,0.01501537365324178,0.013746014700907049,52.79490900039673,0.004344253164926654,0.5530831813812256,0.008985277402732977,0.6459541320800781,0.03053931341232076,25,2.0
0.03994942454372646,0.01670755377329631,0.01033362567766898,51.83374238014221,0.0023483895433418223,0.5169785022735596,0.0023483895433418223,0.600475549697876,0.02611873982605306,26,2.0
0.004046434809424472,0.04283090381367351,0.04266831706828275,51.6542763710022,0.009025996283181669,0.6629951000213623,0.009025996283181669,0.7651846408843994,0.04612821631075784,27,2.0
0.00040774025539960486,0.019930931565588623,0.0064913764669520015,49.95443820953369,0.0012298716546318914,0.5474939346313477,0.0012298716546318914,0.7413880825042725,0.022953960539746493,28,2.0
0.00041078085093786896,0.014965061802264657,0.004979753691445266,49.85978651046753,0.001440706005581475,0.5991172790527344,0.001440706005581475,0.6772189140319824,0.01567061833759462,29,2.0
0.00021603472094141227,0.01882714366340643,0.009772645997936072,51.26337790489197,0.001529273399946105,0.5730588436126709,0.0014299869548712874,0.7067117691040039,0.02364080559247407,0,4.0
0.0006410228355218465,0.01806265910832641,0.0033028079659699183,49.05668330192566,0.0018295490246783442,0.39464616775512695,0.0005081855238698493,0.594590425491333,0.020692219326910642,1,4.0
0.0009646313332987771,0.010127311437172418,0.011692153052817681,50.172951221466064,0.0005667348888821723,0.49573731422424316,0.0005581690144295351,0.6809277534484863,0.013499650420888779,2,4.0
0.0007253154009841822,0.010238206215702681,0.005215763764057397,51.3110511302948,0.0036851474393124993,0.5124058723449707,0.0036851474393124993,0.6719508171081543,0.02490129722464284,3,4.0
0.0003381696554909386,0.016328710475108397,0.0037916216544709694,49.891857385635376,0.0011246239096778614,0.5218136310577393,0.0011246239096778614,0.6885969638824463,0.009362849888450783,4,4.0
0.05683151051488381,0.016502291294102536,0.00964223380454208,49.70996975898743,0.002169684870442149,0.598994255065918,0.002169684870442149,0.7237343788146973,0.022934653650930937,5,4.0
0.0010202996342783851,0.020925610995058037,0.004711256434655349,51.4839608669281,0.002313127325401072,0.4945688247680664,0.002085762861208811,0.7393548488616943,0.029750006444546787,6,4.0
0.0002187818323140029,0.01255536823575238,0.005050572286211092,48.94155240058899,0.0007552537496233871,0.5579679012298584,0.0007552537496233871,0.7213494777679443,0.015729641376567283,7,4.0
0.0005767716623061241,0.02207287942509511,0.01327266801036988,49.79721236228943,0.0027624936907733543,0.5764548778533936,0.002748823230418066,0.7016901969909668,0.03934727916724807,8,4.0
0.0006673644201159826,0.010242318027441034,0.005490653339384606,50.305633783340454,0.0017500753015706628,0.6118526458740234,0.0016429276130663917,0.8128113746643066,0.01568294547369436,9,4.0
0.014027262852619508,0.016054025877511653,0.01315589022174681,52.29924988746643,0.0017894882687107011,0.5138239860534668,0.0017894882687107011,0.6740775108337402,0.01105748037124664,10,4.0
0.0002789857190175462,0.013235190041943155,0.008833401272583745,41.98103451728821,0.0014567620387382846,0.5658135414123535,0.0014567620387382846,0.7628445625305176,0.014688840869082091,11,4.0
0.14500191895591005,0.013999699866110148,0.020557591064109423,51.527366399765015,0.002886305910056095,0.5003125667572021,0.0014056789247613875,0.5951714515686035,0.018232259416951172,12,4.0
0.0012983677390168394,0.007491562100142544,0.005332831688235161,49.56505537033081,0.005025022219516408,0.4688844680786133,0.0019334335573050075,0.6355717182159424,0.01811747331208239,13,4.0
0.0004725498460101828,0.016036864256935315,0.006555669821645964,49.36390423774719,0.00245048903310162,0.43780517578125,0.0024505236914081786,0.5684430599212646,0.025435772487037028,14,4.0
0.00040696900686688756,0.013269872279716259,0.01372810761060484,48.7378044128418,0.0025669069159224415,0.44094014167785645,0.0025669069159224415,0.5959675312042236,0.013273217161336894,15,4.0
0.0019873411237746946,0.016854543612129163,0.003111116343478505,43.35284733772278,0.005603753309576089,0.4928910732269287,0.005603753309576089,0.48218297958374023,0.036739713385007707,16,4.0
0.0014582974352044748,0.004110459256282025,0.01433025762694171,43.754802227020264,0.0031873436273632074,0.47963500022888184,0.0028975382466589973,0.585552453994751,0.0747511247842126,17,4.0
0.00040511787559119024,0.012037849443874352,0.01700919005716217,36.74500393867493,0.0052798933731284465,0.49718499183654785,0.0052798933731284465,0.6300411224365234,0.02345635054650193,18,4.0
0.0008378340083777062,0.018961001914029236,0.0035421356992319086,40.94678735733032,0.002413077971664876,0.37924957275390625,0.0021204197334572243,0.4931986331939697,0.011967025169709366,19,4.0
0.0021105971861037722,0.014706508293551036,0.007220356561194605,37.1016685962677,0.0011715624056726954,0.38697361946105957,0.0011715624056726954,0.5276784896850586,0.015068082799822547,20,4.0
0.0013132895474020142,0.008336602287254143,0.0032570606555282645,36.24563407897949,0.0019579690843741786,0.5316479206085205,0.0019579690843741786,0.7072174549102783,0.029314957153334542,21,4.0
0.00045167402880372546,0.00718259125540187,0.0032207866170879704,36.61455821990967,0.0021480136470929142,0.3794867992401123,0.0019658941557397533,0.44670534133911133,0.029576242121987135,22,4.0
0.0005237985780205278,0.007528970317831372,0.00919033556077941,36.04664421081543,0.001721571945907225,0.4139120578765869,0.0015173408116765745,0.5259039402008057,0.02546355777724354,23,4.0
0.0011745047976855988,0.009432009492502717,0.016039138620590986,35.75168013572693,0.0009024346749929085,0.7281370162963867,0.000878502778893823,0.9164083003997803,0.009003861337879929,24,4.0
0.001854392811844111,0.01413863501064563,0.008042606817509389,36.84682297706604,0.004344253164926654,0.4880545139312744,0.008985277402732977,0.5381369590759277,0.03053931341232076,25,4.0
0.000932420610805772,0.02062168799176541,0.008838790628802337,34.715555906295776,0.0023483895433418223,0.3426530361175537,0.0023483895433418223,0.44991087913513184,0.02611873982605306,26,4.0
0.0017498725953209264,0.004781458044902376,0.005326217246748404,35.6777663230896,0.009025996283181669,0.6470835208892822,0.009025996283181669,0.6995458602905273,0.04612821631075784,27,4.0
0.00024770074668646456,0.019949860487808065,0.007079559706309789,41.425092697143555,0.0012298716546318914,0.5634667873382568,0.0012298716546318914,0.7694337368011475,0.022953960539746493,28,4.0
0.00021951817554381284,0.014595913483091551,0.009265175419107584,40.33116936683655,0.001440706005581475,0.5292923450469971,0.001440706005581475,0.6650688648223877,0.01567061833759462,29,4.0
0.0002503389009973983,0.019318083852948212,0.0040815299447623955,42.3816704750061,0.001529273399946105,0.5631322860717773,0.0014299869548712874,0.6294124126434326,0.02364080559247407,0,8.0
0.00022229251101994288,0.018141106644418196,0.003959879829132231,43.34692335128784,0.0018295490246783442,0.3877427577972412,0.0005081855238698493,0.6211626529693604,0.020692219326910642,1,8.0
0.0005946829382057237,0.010089888448720805,0.005650435437224519,49.95211935043335,0.0005667348888821723,0.5810513496398926,0.0005581690144295351,0.741379976272583,0.013499650420888779,2,8.0
0.0007511686770788432,0.008646971089760955,0.01052013049030017,48.8099524974823,0.0036851474393124993,0.5623493194580078,0.0036851474393124993,0.6214523315429688,0.02490129722464284,3,8.0
0.0003385272428454063,0.015454699034301486,0.011741668668055807,49.674628019332886,0.0011246239096778614,0.5059397220611572,0.0011246239096778614,0.7166438102722168,0.009362849888450783,4,8.0
0.002163968842902363,0.015093082254827294,0.005417840290311356,49.944546937942505,0.002169684870442149,0.5286650657653809,0.002169684870442149,0.6846871376037598,0.022934653650930937,5,8.0
0.004781208491320305,0.0176996520194384,0.005827244339876352,21.56024408340454,0.002313127325401072,0.5172436237335205,0.002085762861208811,0.7521679401397705,0.029750006444546787,6,8.0
0.00020338671120233453,0.012753183654718954,0.010077647701049424,37.67569184303284,0.0007552537496233871,0.5702061653137207,0.0007552537496233871,0.7983376979827881,0.015729641376567283,7,8.0
0.000457104892909066,0.022180563048778752,0.012548519074416873,49.684388875961304,0.0027624936907733543,0.5123775005340576,0.002748823230418066,0.6674559116363525,0.03934727916724807,8,8.0
0.000605652997020065,0.01077124672155542,0.006164752179149925,42.890957832336426,0.0017500753015706628,0.6374387741088867,0.0016429276130663917,0.8640763759613037,0.01568294547369436,9,8.0
0.0012676507764817213,0.01479919422980775,0.015530097951482922,48.5749249458313,0.0017894882687107011,0.5548913478851318,0.0017894882687107011,0.741161584854126,0.01105748037124664,10,8.0
0.0003227713663612865,0.013124138881420895,0.005798942253587184,39.776312828063965,0.0014567620387382846,0.5688278675079346,0.0014567620387382846,0.7684464454650879,0.014688840869082091,11,8.0
0.12220427742661805,0.03149326429874449,0.021940040792851934,49.963539600372314,0.002886305910056095,0.470609188079834,0.0014056789247613875,0.6843581199645996,0.018232259416951172,12,8.0
0.00020864463234337993,0.006808357722639287,0.01656653519383317,42.45848822593689,0.005025022219516408,0.48053479194641113,0.0019334335573050075,0.6160564422607422,0.01811747331208239,13,8.0
0.00048546038096741745,0.015333480137031015,0.009433960295267031,48.59229874610901,0.00245048903310162,0.4642035961151123,0.0024505236914081786,0.5854840278625488,0.025435772487037028,14,8.0
0.0004040635388172169,0.01474961318329493,0.011959598420375889,54.04333424568176,0.0025669069159224415,0.4956169128417969,0.0025669069159224415,0.5824368000030518,0.013273217161336894,15,8.0
0.0016545454848181744,0.016728708201894586,0.0035177064544687376,49.627687215805054,0.005603753309576089,0.5426490306854248,0.005603753309576089,0.7152783870697021,0.036739713385007707,16,8.0
0.0008209951116898952,0.004313473186104557,0.015638680756905953,50.17229700088501,0.0031873436273632074,0.6597287654876709,0.0028975382466589973,0.8440868854522705,0.0747511247842126,17,8.0
0.00038749921002552884,0.013170241438787608,0.0096749920927846,43.05082631111145,0.0052798933731284465,0.4899420738220215,0.0052798933731284465,0.566586971282959,0.02345635054650193,18,8.0
0.0005267279870204083,0.018157215291818032,0.005155345266252009,49.21038055419922,0.002413077971664876,0.5017845630645752,0.0021204197334572243,0.5181229114532471,0.011967025169709366,19,8.0
0.00085753877178179,0.014660999781746101,0.006786036176824334,42.69440412521362,0.0011715624056726954,0.5478205680847168,0.0011715624056726954,0.7342061996459961,0.015068082799822547,20,8.0
0.000951909664735647,0.007815773682931355,0.003966914351497199,50.52427291870117,0.0019579690843741786,0.7338917255401611,0.0019579690843741786,0.8813555240631104,0.029314957153334542,21,8.0
0.0005379985261282115,0.0067595466692170385,0.01228627294423865,50.89536237716675,0.0021480136470929142,0.4674248695373535,0.0019658941557397533,0.6509091854095459,0.029576242121987135,22,8.0
0.00048243021053363653,0.0071307688664570025,0.0056067475971368535,48.295002937316895,0.001721571945907225,0.6011462211608887,0.0015173408116765745,0.7236905097961426,0.02546355777724354,23,8.0
0.00023168895943070922,0.009097412390310823,0.01151563313186555,49.804022550582886,0.0009024346749929085,0.6993923187255859,0.000878502778893823,0.8680498600006104,0.009003861337879929,24,8.0
0.0007152933649174415,0.014217659789842685,0.011002881839011103,49.257752656936646,0.004344253164926654,0.5031001567840576,0.008985277402732977,0.6313300132751465,0.03053931341232076,25,8.0
0.001225618767851433,0.019899401448416842,0.010573564011914794,51.46378970146179,0.0023483895433418223,0.5817759037017822,0.0023483895433418223,0.6482527256011963,0.02611873982605306,26,8.0
0.0012030060452903459,0.0049524286539763575,0.005967176402942858,48.11913180351257,0.009025996283181669,0.6246254444122314,0.009025996283181669,0.842167854309082,0.04612821631075784,27,8.0
0.00012731241495242716,0.019760889040330663,0.0032953406903562213,49.041062116622925,0.0012298716546318914,0.6153082847595215,0.0012298716546318914,0.7518632411956787,0.022953960539746493,28,8.0
0.00020990856124329196,0.014526691095269741,0.010195279421165456,50.76100158691406,0.001440706005581475,0.5568640232086182,0.001440706005581475,0.7218751907348633,0.01567061833759462,29,8.0
0.00023829288982647593,0.01841844153093354,0.010695546175369226,39.84546399116516,0.001529273399946105,0.5648388862609863,0.0014299869548712874,0.7024686336517334,0.02364080559247407,0,16.0
0.00014285423890748728,0.01765768637998984,0.0046259394334629035,50.23945593833923,0.0018295490246783442,0.40492916107177734,0.0005081855238698493,0.5449960231781006,0.020692219326910642,1,16.0
0.0002802366510547241,0.010846156236322901,0.006556224469022499,46.756022453308105,0.0005667348888821723,0.5295901298522949,0.0005581690144295351,0.6933720111846924,0.013499650420888779,2,16.0
0.0007739808517038815,0.007826192865941106,0.01186215426413035,37.91193866729736,0.0036851474393124993,0.44544506072998047,0.0036851474393124993,0.5780811309814453,0.02490129722464284,3,16.0
0.000338887378434004,0.011275166303010694,0.007886456866528967,29.929221391677856,0.0011246239096778614,0.4650869369506836,0.0011246239096778614,0.5242738723754883,0.009362849888450783,4,16.0
0.0007826822325795272,0.014988260545527796,0.011426011471649455,41.40551137924194,0.002169684870442149,0.37940120697021484,0.002169684870442149,0.5023787021636963,0.022934653650930937,5,16.0
0.0006220224650155629,0.01922438397778967,0.009405988891333107,29.63900876045227,0.002313127325401072,0.3593564033508301,0.002085762861208811,0.5088121891021729,0.029750006444546787,6,16.0
0.00021913087596059366,0.010625297082670472,0.005108468319404397,25.902453899383545,0.0007552537496233871,0.5811047554016113,0.0007552537496233871,0.7460525035858154,0.015729641376567283,7,16.0
0.00044147287120604393,0.020029373319597435,0.007889491895131126,32.656813859939575,0.0027624936907733543,0.3634052276611328,0.002748823230418066,0.4837641716003418,0.03934727916724807,8,16.0
0.0006491674015645592,0.007419049049350128,0.003254039002446437,20.023510694503784,0.0017500753015706628,0.4815032482147217,0.0016429276130663917,0.6416409015655518,0.01568294547369436,9,16.0
0.0003025931735662901,0.01466141217333345,0.003225450209260575,33.804556369781494,0.0017894882687107011,0.40017032623291016,0.0017894882687107011,0.5049641132354736,0.01105748037124664,10,16.0
0.0003271958758349748,0.007688905278396558,0.006036403634602012,20.54543948173523,0.0014567620387382846,0.4629950523376465,0.0014567620387382846,0.5550076961517334,0.014688840869082091,11,16.0
0.09517487953864372,0.010514159270732095,0.01379171043975245,33.51745843887329,0.002886305910056095,0.3361201286315918,0.0014056789247613875,0.4436523914337158,0.018232259416951172,12,16.0
0.00022414325115331182,0.007611799349375146,0.008168665867819875,26.4040367603302,0.005025022219516408,0.4772765636444092,0.0019334335573050075,0.615182638168335,0.01811747331208239,13,16.0
0.000475516985125552,0.013983236185729966,0.00510440203067032,21.58174753189087,0.00245048903310162,0.4516487121582031,0.0024505236914081786,0.4429507255554199,0.025435772487037028,14,16.0
0.00041437956635791297,0.01287903210048026,0.01208656409199688,25.309374809265137,0.0025669069159224415,0.3238871097564697,0.0025669069159224415,0.4315614700317383,0.013273217161336894,15,16.0
0.0019364228084858641,0.013621296824473847,0.006983275778071816,22.579183101654053,0.005603753309576089,0.5389456748962402,0.005603753309576089,0.62845778465271,0.036739713385007707,16,16.0
0.0008177525992026307,0.004482676384759434,0.011279297971245942,38.83291435241699,0.0031873436273632074,0.6497707366943359,0.0028975382466589973,0.8780298233032227,0.0747511247842126,17,16.0
0.0003960771135245918,0.01034727399580277,0.007980567301305795,17.90367364883423,0.0052798933731284465,0.35320496559143066,0.0052798933731284465,0.5225048065185547,0.02345635054650193,18,16.0
0.0005498574240751323,0.017442412565901795,0.008153129642382472,35.94957637786865,0.002413077971664876,0.4312760829925537,0.0021204197334572243,0.52162766456604,0.011967025169709366,19,16.0
0.0004520794793429421,0.01456103995245813,0.003926538237553734,23.043771266937256,0.0011715624056726954,0.5147526264190674,0.0011715624056726954,0.7512588500976562,0.015068082799822547,20,16.0
0.000886027514859136,0.005348351097516869,0.0018440403783842165,34.036425828933716,0.0019579690843741786,0.718886137008667,0.0019579690843741786,0.8898651599884033,0.029314957153334542,21,16.0
0.0006041026451717816,0.004200860495973273,0.007857677400380137,35.25360822677612,0.0021480136470929142,0.5159056186676025,0.0019658941557397533,0.6553206443786621,0.029576242121987135,22,16.0
0.00048699734541749845,0.005874096364372959,0.003109599540780658,34.59335279464722,0.001721571945907225,0.5098469257354736,0.0015173408116765745,0.6728651523590088,0.02546355777724354,23,16.0
0.00021042296632714196,0.006910784062527468,0.010186113504386826,49.154991149902344,0.0009024346749929085,0.7081961631774902,0.000878502778893823,0.9357357025146484,0.009003861337879929,24,16.0
0.0006389254035895261,0.013937882988732072,0.014315360250337757,34.372239112854004,0.004344253164926654,0.5119941234588623,0.008985277402732977,0.6576223373413086,0.03053931341232076,25,16.0
0.0005259090707656499,0.02054626666587373,0.011904525203334808,48.118797302246094,0.0023483895433418223,0.5086390972137451,0.0023483895433418223,0.6389656066894531,0.02611873982605306,26,16.0
0.0012677716182557285,0.005157845803649567,0.00358891836252214,43.7797908782959,0.009025996283181669,0.7409443855285645,0.009025996283181669,0.8849503993988037,0.04612821631075784,27,16.0
0.00012745817183421358,0.020565431746518828,0.0037837333591738596,43.991063356399536,0.0012298716546318914,0.5377638339996338,0.0012298716546318914,0.7233397960662842,0.022953960539746493,28,16.0
0.00020533717565629495,0.015035167838346316,0.0034997065186424597,32.48847317695618,0.001440706005581475,0.534268856048584,0.001440706005581475,0.6457397937774658,0.01567061833759462,29,16.0
0.0002555406624034948,0.012389084067990405,0.005350570604533262,26.86717128753662,0.001529273399946105,0.5243051052093506,0.0014299869548712874,0.6753625869750977,0.02364080559247407,0,32.0
0.00015065564792824144,0.017145156299666977,0.004330334746413724,30.50716519355774,0.0018295490246783442,0.40477967262268066,0.0005081855238698493,0.6418893337249756,0.020692219326910642,1,32.0
0.000237785950628338,0.010971674294448045,0.0027707137028579742,36.83890676498413,0.0005667348888821723,0.5481956005096436,0.0005581690144295351,0.6446456909179688,0.013499650420888779,2,32.0
0.000780628785553936,0.0041090952872195885,0.007814794428301752,24.861409902572632,0.0036851474393124993,0.4959855079650879,0.0036851474393124993,0.6411175727844238,0.02490129722464284,3,32.0
0.00034540316726315736,0.008508325109847547,0.007341960541520399,22.294524431228638,0.0011246239096778614,0.5499057769775391,0.0011246239096778614,0.6873800754547119,0.009362849888450783,4,32.0
0.00036636291831768395,0.015021176001342833,0.012221438022775933,47.81445097923279,0.002169684870442149,0.5081894397735596,0.002169684870442149,0.746819019317627,0.022934653650930937,5,32.0
0.0006032803910749834,0.01832176816565139,0.004023278213879976,31.88678288459778,0.002313127325401072,0.5383574962615967,0.002085762861208811,0.7376217842102051,0.029750006444546787,6,32.0
0.00021623718905904184,0.0077125946486679515,0.0023087230040205217,25.81542181968689,0.0007552537496233871,0.5773420333862305,0.0007552537496233871,0.7177391052246094,0.015729641376567283,7,32.0
0.00044426723835010325,0.017657736685057362,0.008991054372464355,25.453274965286255,0.0027624936907733543,0.4934730529785156,0.002748823230418066,0.6911561489105225,0.03934727916724807,8,32.0
0.000671354783729076,0.004023606885769847,0.003899934147010996,22.441975116729736,0.0017500753015706628,0.8162038326263428,0.0016429276130663917,0.857600212097168,0.01568294547369436,9,32.0
0.0002576386808232541,0.011180986726347363,0.008304362364352145,32.171075105667114,0.0017894882687107011,0.5199992656707764,0.0017894882687107011,0.6450188159942627,0.01105748037124664,10,32.0
0.000352370591114025,0.006965741784378328,0.004670828227414652,24.576186895370483,0.0014567620387382846,0.6137382984161377,0.0014567620387382846,0.8134372234344482,0.014688840869082091,11,32.0
0.006094239386981122,0.010044510796733816,0.008039451796999117,49.33870339393616,0.002886305910056095,0.4741325378417969,0.0014056789247613875,0.6219680309295654,0.018232259416951172,12,32.0
0.0002426069250534013,0.009176876326399666,0.005388299015677873,23.839087963104248,0.005025022219516408,0.5509238243103027,0.0019334335573050075,0.6394050121307373,0.01811747331208239,13,32.0
0.0005056273535736232,0.007094270213323157,0.001174512692426452,26.063268899917603,0.00245048903310162,0.42392849922180176,0.0024505236914081786,0.5452144145965576,0.025435772487037028,14,32.0
0.0004598723067189312,0.006991794359308991,0.009941754330026312,33.83863019943237,0.0025669069159224415,0.44585752487182617,0.0025669069159224415,0.6058144569396973,0.013273217161336894,15,32.0
0.0018310422840103818,0.012476300631773284,0.0031535811431186384,33.94457745552063,0.005603753309576089,0.5087475776672363,0.005603753309576089,0.6783401966094971,0.036739713385007707,16,32.0
0.000833359947199698,0.00225184645922062,0.012447735131152968,31.158303022384644,0.0031873436273632074,0.6348848342895508,0.0028975382466589973,0.8691549301147461,0.0747511247842126,17,32.0
0.0004104977806032275,0.00829999842332121,0.009544053540737773,23.765612363815308,0.0052798933731284465,0.4306490421295166,0.0052798933731284465,0.5801146030426025,0.02345635054650193,18,32.0
0.0005412876812730516,0.017214280545425967,0.007544137035305393,32.64298629760742,0.002413077971664876,0.5108475685119629,0.0021204197334572243,0.6158299446105957,0.011967025169709366,19,32.0
0.00042078689206105483,0.008458888255155925,0.007661920506648188,24.882899045944214,0.0011715624056726954,0.5760288238525391,0.0011715624056726954,0.676124095916748,0.015068082799822547,20,32.0
0.0008881649097170547,0.006559331306487633,0.003146958982411105,35.230480670928955,0.0019579690843741786,0.7754998207092285,0.0019579690843741786,0.8946011066436768,0.029314957153334542,21,32.0
0.0006219787494294737,0.0033985900956261775,0.007135022476341852,27.24830675125122,0.0021480136470929142,0.5621542930603027,0.0019658941557397533,0.5961129665374756,0.029576242121987135,22,32.0
0.0005033635772236305,0.0036226347513718237,0.011419115956569257,27.521979331970215,0.001721571945907225,0.5802273750305176,0.0015173408116765745,0.8049743175506592,0.02546355777724354,23,32.0
0.0002174290510512779,0.00795795100025106,0.00851150836000726,41.01107978820801,0.0009024346749929085,0.6871864795684814,0.000878502778893823,0.8899435997009277,0.009003861337879929,24,32.0
0.0006540180304102083,0.012809912893341706,0.016319423896223248,37.70928382873535,0.004344253164926654,0.4993460178375244,0.008985277402732977,0.6361532211303711,0.03053931341232076,25,32.0
0.0005768531005823085,0.02050931993898712,0.010207837707185162,36.30562686920166,0.0023483895433418223,0.5147173404693604,0.0023483895433418223,0.6135590076446533,0.02611873982605306,26,32.0
0.0013219412829171579,0.0035104937421660174,0.005228404892463748,30.65444278717041,0.009025996283181669,0.7887516021728516,0.009025996283181669,0.953606367111206,0.04612821631075784,27,32.0
0.0001377222725386959,0.017476468857946664,0.003487596147304123,34.98149752616882,0.0012298716546318914,0.5758333206176758,0.0012298716546318914,0.6948451995849609,0.022953960539746493,28,32.0
0.00021838836120097798,0.009025891423098238,0.00289466504327901,26.312535762786865,0.001440706005581475,0.5738234519958496,0.001440706005581475,0.69632887840271,0.01567061833759462,29,32.0
0.0002720313910906164,0.008926238331440671,0.006241601726256312,26.08173108100891,0.001529273399946105,0.5319700241088867,0.0014299869548712874,0.6953201293945312,0.02364080559247407,0,64.0
0.0001440855741076478,0.01642799664678169,0.00395658960624536,31.416813135147095,0.0018295490246783442,0.38004541397094727,0.0005081855238698493,0.5775113105773926,0.020692219326910642,1,64.0
0.00024366711104148765,0.004784479851580641,0.006583799987066424,28.21451210975647,0.0005667348888821723,0.4956674575805664,0.0005581690144295351,0.6895389556884766,0.013499650420888779,2,64.0
0.0007835522116033974,0.002610366893513078,0.0075010101269842805,28.659417390823364,0.0036851474393124993,0.45818471908569336,0.0036851474393124993,0.6557459831237793,0.02490129722464284,3,64.0
0.0003452036849498846,0.008537061947432681,0.006381781131936042,17.55268621444702,0.0011246239096778614,0.5482392311096191,0.0011246239096778614,0.7174301147460938,0.009362849888450783,4,64.0
0.0003919565061470953,0.01300234833885399,0.00978896940775209,31.385557413101196,0.002169684870442149,0.5639533996582031,0.002169684870442149,0.7768230438232422,0.022934653650930937,5,64.0
0.0006345183591876832,0.013197986008476548,0.006447798079451385,32.76617217063904,0.002313127325401072,0.4502568244934082,0.002085762861208811,0.6039488315582275,0.029750006444546787,6,64.0
0.0002222977271464119,0.009496175670753844,0.0034986419722270825,17.447848558425903,0.0007552537496233871,0.5416200160980225,0.0007552537496233871,0.6630914211273193,0.015729641376567283,7,64.0
0.000467419211001537,0.00991511040965598,0.0072964460850475825,25.494765996932983,0.0027624936907733543,0.5512914657592773,0.002748823230418066,0.6257660388946533,0.03934727916724807,8,64.0
0.0006457005908850899,0.0032657680782978028,0.003189137905619915,18.748688220977783,0.0017500753015706628,0.7051079273223877,0.0016429276130663917,0.8455488681793213,0.01568294547369436,9,64.0
0.00026958271011491406,0.014267303605902646,0.01526584448925595,41.80688953399658,0.0017894882687107011,0.37397193908691406,0.0017894882687107011,0.49137139320373535,0.01105748037124664,10,64.0
0.00036586684951857144,0.0074186328590444515,0.005090305127159463,17.397904872894287,0.0014567620387382846,0.587785005569458,0.0014567620387382846,0.595557689666748,0.014688840869082091,11,64.0
0.0004441834225518508,0.010324425343224567,0.012709308883290324,36.491639137268066,0.002886305910056095,0.3342413902282715,0.0014056789247613875,0.4365830421447754,0.018232259416951172,12,64.0
0.00021247651243665947,0.008647969267590828,0.016681084791462176,18.714401483535767,0.005025022219516408,0.43865418434143066,0.0019334335573050075,0.5483803749084473,0.01811747331208239,13,64.0
0.0005094835048799422,0.005983872184866919,0.0019345118366264887,12.584798812866211,0.00245048903310162,0.30953311920166016,0.0024505236914081786,0.4107661247253418,0.025435772487037028,14,64.0
0.00044239479468391154,0.007730173711970156,0.009050455669706069,13.967745542526245,0.0025669069159224415,0.32062387466430664,0.0025669069159224415,0.43590807914733887,0.013273217161336894,15,64.0
0.0019974365553897286,0.007230720021197327,0.004176502073974421,16.946165800094604,0.005603753309576089,0.3593165874481201,0.005603753309576089,0.4786505699157715,0.036739713385007707,16,64.0
0.0008329930520472903,0.003755599495480519,0.008248080220048644,17.73496127128601,0.0031873436273632074,0.5403122901916504,0.0028975382466589973,0.8106439113616943,0.0747511247842126,17,64.0
0.00041742805204315734,0.005251974681139348,0.010205397316899808,14.424172401428223,0.0052798933731284465,0.5040512084960938,0.0052798933731284465,0.6115829944610596,0.02345635054650193,18,64.0
0.000528159302657347,0.015214000525391371,0.0035546249389366907,15.679786920547485,0.002413077971664876,0.3131105899810791,0.0021204197334572243,0.412351131439209,0.011967025169709366,19,64.0
0.0004665084494973357,0.008306533746140519,0.0025612295204267186,14.335505247116089,0.0011715624056726954,0.6044185161590576,0.0011715624056726954,0.5138447284698486,0.015068082799822547,20,64.0
0.0009361853685670501,0.004684430919566089,0.00279017144819885,14.298168897628784,0.0019579690843741786,0.4824514389038086,0.0019579690843741786,0.6447103023529053,0.029314957153334542,21,64.0
0.0006456761937712915,0.0018797466385844785,0.004340835197562894,17.97831106185913,0.0021480136470929142,0.3312699794769287,0.0019658941557397533,0.44907546043395996,0.029576242121987135,22,64.0
0.0005126493279381158,0.0028913759690127883,0.009736898691272339,13.786086559295654,0.001721571945907225,0.3776817321777344,0.0015173408116765745,0.5174534320831299,0.02546355777724354,23,64.0
0.00021241264567004343,0.0034120491776431137,0.006949093112626518,18.67951536178589,0.0009024346749929085,0.7319939136505127,0.000878502778893823,0.8910956382751465,0.009003861337879929,24,64.0
0.0006518718949323333,0.007612474953529149,0.012975373538483563,15.499542951583862,0.004344253164926654,0.42462778091430664,0.008985277402732977,0.639028787612915,0.03053931341232076,25,64.0
0.0005580603316941435,0.020484778049000212,0.00818419013273106,21.063384294509888,0.0023483895433418223,0.4407947063446045,0.0023483895433418223,0.4436962604522705,0.02611873982605306,26,64.0
0.0013112096206143852,0.0036092560536949117,0.004282713836379308,17.521047830581665,0.009025996283181669,0.4548647403717041,0.009025996283181669,0.6121211051940918,0.04612821631075784,27,64.0
0.00015348668148783428,0.014533669511615808,0.004006372392810508,17.837465524673462,0.0012298716546318914,0.4573972225189209,0.0012298716546318914,0.6653745174407959,0.022953960539746493,28,64.0
0.00021015322369159298,0.005659013231828158,0.0014797042435116443,14.524854183197021,0.001440706005581475,0.38269996643066406,0.001440706005581475,0.5530786514282227,0.01567061833759462,29,64.0
0.0002782830108860354,0.006830155541230404,0.005518593119009084,15.111099004745483,0.001529273399946105,0.5028388500213623,0.0014299869548712874,0.6734018325805664,0.02364080559247407,0,128.0
0.0001430871402701644,0.014934531386167195,0.003791667894677195,20.313265562057495,0.0018295490246783442,0.40943026542663574,0.0005081855238698493,0.5915746688842773,0.020692219326910642,1,128.0
0.0002615989677126556,0.0029419718963200735,0.005673671597183729,17.52973175048828,0.0005667348888821723,0.44942307472229004,0.0005581690144295351,0.5916118621826172,0.013499650420888779,2,128.0
0.0008091653734379787,0.004705299354154313,0.005488959281710399,18.20498299598694,0.0036851474393124993,0.4643218517303467,0.0036851474393124993,0.6791360378265381,0.02490129722464284,3,128.0
0.0003488950850917888,0.007935811511197204,0.006112787622413598,15.536500930786133,0.0011246239096778614,0.4392662048339844,0.0011246239096778614,0.6428840160369873,0.009362849888450783,4,128.0
0.0003568810586227612,0.015426612727774507,0.00612207598849653,21.50362229347229,0.002169684870442149,0.5522093772888184,0.002169684870442149,0.6896402835845947,0.022934653650930937,5,128.0
0.0006711032847296844,0.00798212260986306,0.005045768735409104,20.200824975967407,0.002313127325401072,0.5043249130249023,0.002085762861208811,0.7089982032775879,0.029750006444546787,6,128.0
0.00021700007150694657,0.009448062425737666,0.003329460722864207,16.891176223754883,0.0007552537496233871,0.5802640914916992,0.0007552537496233871,0.7749893665313721,0.015729641376567283,7,128.0
0.0004818031753527229,0.0077246411089501405,0.007109855503310271,16.916786670684814,0.0027624936907733543,0.4829590320587158,0.002748823230418066,0.6816675662994385,0.03934727916724807,8,128.0
0.0006672238292245602,0.003916683013388569,0.004665810163336109,19.134689807891846,0.0017500753015706628,0.6583747863769531,0.0016429276130663917,0.8555052280426025,0.01568294547369436,9,128.0
0.0002566551377520697,0.013440389030835023,0.009079323993976283,21.864811182022095,0.0017894882687107011,0.5128865242004395,0.0017894882687107011,0.7204692363739014,0.01105748037124664,10,128.0
0.0003571270014494211,0.007181265623619698,0.006511439242900186,20.559683322906494,0.0014567620387382846,0.5544285774230957,0.0014567620387382846,0.7109014987945557,0.014688840869082091,11,128.0
0.00033067952239662635,0.0064276430537020994,0.008230044061893102,42.744505882263184,0.002886305910056095,0.5095829963684082,0.0014056789247613875,0.6461904048919678,0.018232259416951172,12,128.0
0.00022569107399184055,0.0013140684765759777,0.007790893946503458,31.53674864768982,0.005025022219516408,0.4326181411743164,0.0019334335573050075,0.5753335952758789,0.01811747331208239,13,128.0
0.0005258548033946456,0.005573443605504874,0.0026075435621995776,17.308993577957153,0.00245048903310162,0.4456758499145508,0.0024505236914081786,0.5543074607849121,0.025435772487037028,14,128.0
0.0004429832437615373,0.00787987232257745,0.00907313221761778,24.63095450401306,0.0025669069159224415,0.4670236110687256,0.0025669069159224415,0.5594584941864014,0.013273217161336894,15,128.0
0.0019115982334206615,0.006649406507098998,0.002290351185304018,21.15330457687378,0.005603753309576089,0.6236019134521484,0.005603753309576089,0.7393875122070312,0.036739713385007707,16,128.0
0.0008565652237918128,0.0023959178487082708,0.011200242376828783,20.036318063735962,0.0031873436273632074,0.6319422721862793,0.0028975382466589973,0.8305435180664062,0.0747511247842126,17,128.0
0.00042197328924301986,0.0040151565228827325,0.010494727314858695,19.878310441970825,0.0052798933731284465,0.4676055908203125,0.0052798933731284465,0.6263217926025391,0.02345635054650193,18,128.0
0.0005373064150910632,0.009660581889941146,0.004137451115095916,22.251662254333496,0.002413077971664876,0.4073021411895752,0.0021204197334572243,0.5535693168640137,0.011967025169709366,19,128.0
0.00042206614055886573,0.014409427640753345,0.00397274161313584,28.729153394699097,0.0011715624056726954,0.5306615829467773,0.0011715624056726954,0.668837308883667,0.015068082799822547,20,128.0
0.0009417013799282787,0.0010917176804719178,0.003930821272441305,19.165371417999268,0.0019579690843741786,0.7154572010040283,0.0019579690843741786,0.937241792678833,0.029314957153334542,21,128.0
0.0006643299245310264,0.004613489909651442,0.0032659801507223837,18.51209568977356,0.0021480136470929142,0.4232974052429199,0.0019658941557397533,0.6280250549316406,0.029576242121987135,22,128.0
0.0005123784734130356,0.0038709830851079274,0.008889399251251916,18.460476398468018,0.001721571945907225,0.5555651187896729,0.0015173408116765745,0.7335834503173828,0.02546355777724354,23,128.0
0.00021105531179677062,0.0018292000303175016,0.00684182324824671,28.09401512145996,0.0009024346749929085,0.6448969841003418,0.000878502778893823,0.9438300132751465,0.009003861337879929,24,128.0
0.0006495707586013798,0.0055750112224314625,0.011197351664056061,20.074353218078613,0.004344253164926654,0.5116879940032959,0.008985277402732977,0.6508927345275879,0.03053931341232076,25,128.0
0.0005747716498590232,0.011952289652403605,0.010832412107232467,29.023231029510498,0.0023483895433418223,0.4861469268798828,0.0023483895433418223,0.6076939105987549,0.02611873982605306,26,128.0
0.0013367464006841274,0.004980301692669917,0.005315446853590481,18.47209072113037,0.009025996283181669,0.6481590270996094,0.009025996283181669,0.8693397045135498,0.04612821631075784,27,128.0
0.00015099490141595113,0.012291409660608623,0.005984862409772075,23.49665927886963,0.0012298716546318914,0.5533523559570312,0.0012298716546318914,0.7597510814666748,0.022953960539746493,28,128.0
0.0002176145311796206,0.003699548627319397,0.000857080375416054,20.639918565750122,0.001440706005581475,0.5081386566162109,0.001440706005581475,0.6789782047271729,0.01567061833759462,29,128.0
0.0002730663989123484,0.00668008770745216,0.0042028346681377005,18.42348003387451,0.001529273399946105,0.4935290813446045,0.0014299869548712874,0.6488747596740723,0.02364080559247407,0,256.0
0.00015101078291783013,0.013766308679336802,0.0037024840926692454,23.3039071559906,0.0018295490246783442,0.4174776077270508,0.0005081855238698493,0.5982930660247803,0.020692219326910642,1,256.0
0.0002579771651610348,0.0043167505910785865,0.00796359251839101,24.068257093429565,0.0005667348888821723,0.5305733680725098,0.0005581690144295351,0.674004077911377,0.013499650420888779,2,256.0
0.000807100476487626,0.004849401038254708,0.00602244002954531,18.658329963684082,0.0036851474393124993,0.5487246513366699,0.0036851474393124993,0.6597335338592529,0.02490129722464284,3,256.0
0.0003418899324305366,0.007778925365762301,0.0053703294821035525,18.67261576652527,0.0011246239096778614,0.5396356582641602,0.0011246239096778614,0.68869948387146,0.009362849888450783,4,256.0
0.00036270350264783815,0.012543683898272305,0.0071052057264898594,26.249935626983643,0.002169684870442149,0.5717287063598633,0.002169684870442149,0.6947119235992432,0.022934653650930937,5,256.0
0.0006386213761483899,0.006951776256592268,0.00761524827542452,20.803287506103516,0.002313127325401072,0.5117402076721191,0.002085762861208811,0.7562789916992188,0.029750006444546787,6,256.0
0.00022589785981246772,0.009051971142553208,0.002434359974767304,20.269354581832886,0.0007552537496233871,0.6309278011322021,0.0007552537496233871,0.7708916664123535,0.015729641376567283,7,256.0
0.0004969975129182069,0.007032219838324533,0.007734917396537092,18.063517332077026,0.0027624936907733543,0.5500035285949707,0.002748823230418066,0.6599173545837402,0.03934727916724807,8,256.0
0.0006401602722384178,0.0032549029942716937,0.0034999107318866205,17.233498334884644,0.0017500753015706628,0.6740918159484863,0.0016429276130663917,0.9434127807617188,0.01568294547369436,9,256.0
0.0002672928479295899,0.009581256774250788,0.012319262501085662,24.35599446296692,0.0017894882687107011,0.5419838428497314,0.0017894882687107011,0.7063360214233398,0.01105748037124664,10,256.0
0.00036850889459911275,0.007230777108894958,0.004184585899024415,17.296618700027466,0.0014567620387382846,0.5951986312866211,0.0014567620387382846,0.7325234413146973,0.014688840869082091,11,256.0
0.0003022835027437005,0.01415188190745568,0.011393962314003636,37.73703169822693,0.002886305910056095,0.4921998977661133,0.0014056789247613875,0.6093196868896484,0.018232259416951172,12,256.0
0.00021441021913578182,0.002567053595390433,0.007972095391834003,25.194947242736816,0.005025022219516408,0.48743724822998047,0.0019334335573050075,0.6165611743927002,0.01811747331208239,13,256.0
0.0005093510064656403,0.005380650303986132,0.0026211234233269954,17.160906553268433,0.00245048903310162,0.426072359085083,0.0024505236914081786,0.5807702541351318,0.025435772487037028,14,256.0
0.0004428362520594679,0.007877375113182674,0.008692311812679206,17.51482915878296,0.0025669069159224415,0.4283277988433838,0.0025669069159224415,0.5643312931060791,0.013273217161336894,15,256.0
0.0019454957270101444,0.007064774357930552,0.0018996057756609076,19.026438236236572,0.005603753309576089,0.532684326171875,0.005603753309576089,0.650334358215332,0.036739713385007707,16,256.0
0.0008412737785750013,0.0014108485323352207,0.009544891650956002,19.498505353927612,0.0031873436273632074,0.6208162307739258,0.0028975382466589973,0.7648217678070068,0.0747511247842126,17,256.0
0.0004174257938436535,0.0036124326123084436,0.009565165291662934,17.284242153167725,0.0052798933731284465,0.5104846954345703,0.0052798933731284465,0.6019399166107178,0.02345635054650193,18,256.0
0.000541631594874143,0.008775904138341901,0.004066424730542493,16.76060461997986,0.002413077971664876,0.389620304107666,0.0021204197334572243,0.5033621788024902,0.011967025169709366,19,256.0
0.0004100261483084042,0.007883857319267908,0.0061428410498269425,25.206594228744507,0.0011715624056726954,0.5196154117584229,0.0011715624056726954,0.7093155384063721,0.015068082799822547,20,256.0
0.0009814028403254528,0.0016768796220601148,0.004024531248735339,18.619258165359497,0.0019579690843741786,0.7336423397064209,0.0019579690843741786,0.899075984954834,0.029314957153334542,21,256.0
0.0006805814964530155,0.005904219498362728,0.004001365481588633,16.90077233314514,0.0021480136470929142,0.5564026832580566,0.0019658941557397533,0.5913989543914795,0.029576242121987135,22,256.0
0.0005248889445343222,0.0041732299378124515,0.008963489944022237,18.8783221244812,0.001721571945907225,0.5220539569854736,0.0015173408116765745,0.6987130641937256,0.02546355777724354,23,256.0
0.0002169740067227884,0.0035985546849901517,0.008286431801570154,21.76997447013855,0.0009024346749929085,0.6473209857940674,0.000878502778893823,0.9573497772216797,0.009003861337879929,24,256.0
0.0006394236203546287,0.0038308741384768374,0.011074559636186187,18.534818410873413,0.004344253164926654,0.5613017082214355,0.008985277402732977,0.6794178485870361,0.03053931341232076,25,256.0
0.0005822602182587147,0.012844532135796073,0.010743831267569809,22.126322507858276,0.0023483895433418223,0.4475259780883789,0.0023483895433418223,0.6096091270446777,0.02611873982605306,26,256.0
0.0013561449057726026,0.006443754218025443,0.004605453537144801,20.272281408309937,0.009025996283181669,0.6043720245361328,0.009025996283181669,0.7318377494812012,0.04612821631075784,27,256.0
0.00015024683393225245,0.012575082180530828,0.0042273919938268945,19.581079959869385,0.0012298716546318914,0.6371560096740723,0.0012298716546318914,0.8126342296600342,0.022953960539746493,28,256.0
0.00022036555847939864,0.0034941185663400396,0.001446302493696927,17.88900923728943,0.001440706005581475,0.5329945087432861,0.001440706005581475,0.7289361953735352,0.01567061833759462,29,256.0
0.00027624429477795463,0.007486541913516189,0.0054842390768334364,18.429569959640503,0.001529273399946105,0.5793499946594238,0.0014299869548712874,0.7166094779968262,0.02364080559247407,0,512.0
0.00014847558642874486,0.013922714759514133,0.004358775127147589,19.00526785850525,0.0018295490246783442,0.3943021297454834,0.0005081855238698493,0.7038719654083252,0.020692219326910642,1,512.0
0.0002549875792233018,0.0040177859148607074,0.006257201658656209,21.036383867263794,0.0005667348888821723,0.5352716445922852,0.0005581690144295351,0.6586732864379883,0.013499650420888779,2,512.0
0.0008124308516890523,0.004732051891626288,0.005793329260560785,19.662557363510132,0.0036851474393124993,0.5950429439544678,0.0036851474393124993,0.7434358596801758,0.02490129722464284,3,512.0
0.0003496638327631363,0.008308829552000012,0.00647059664083657,18.277748346328735,0.0011246239096778614,0.5509955883026123,0.0011246239096778614,0.6583826541900635,0.009362849888450783,4,512.0
0.00037412910084462975,0.006650125587171423,0.006463301086920503,23.12687373161316,0.002169684870442149,0.603245735168457,0.002169684870442149,0.76222825050354,0.022934653650930937,5,512.0
0.0006367106023297758,0.00684686442106693,0.0074986951685241604,21.331536054611206,0.002313127325401072,0.5887162685394287,0.002085762861208811,0.7234683036804199,0.029750006444546787,6,512.0
0.00023181231945759405,0.008530549751580876,0.0018444900874413455,19.439793586730957,0.0007552537496233871,0.5337259769439697,0.0007552537496233871,0.7568020820617676,0.015729641376567283,7,512.0
0.0004819066691782324,0.006178838332437635,0.007922992766424334,18.535006761550903,0.0027624936907733543,0.5289363861083984,0.002748823230418066,0.6971797943115234,0.03934727916724807,8,512.0
0.000690739635223419,0.0032206979587067076,0.003793592157366953,16.371508359909058,0.0017500753015706628,0.732839822769165,0.0016429276130663917,0.9263477325439453,0.01568294547369436,9,512.0
0.00027416321201003926,0.006748446742655635,0.00894202620274994,20.39371132850647,0.0017894882687107011,0.5153360366821289,0.0017894882687107011,0.6566507816314697,0.01105748037124664,10,512.0
0.00037290126953053946,0.007351868246638175,0.004540592216889285,17.73175883293152,0.0014567620387382846,0.7279114723205566,0.0014567620387382846,0.8141055107116699,0.014688840869082091,11,512.0
0.0003097228023127347,0.010306644532746705,0.012659113142735918,37.29055905342102,0.002886305910056095,0.377856969833374,0.0014056789247613875,0.48142361640930176,0.018232259416951172,12,512.0
0.00021707788705786305,0.0041458137063119516,0.008641733927697355,21.8122878074646,0.005025022219516408,0.37866950035095215,0.0019334335573050075,0.5789427757263184,0.01811747331208239,13,512.0
0.0005084092684140377,0.005671694900934011,0.0030523084825963354,17.020615816116333,0.00245048903310162,0.3911747932434082,0.0024505236914081786,0.49160003662109375,0.025435772487037028,14,512.0
0.0004341258246339797,0.007398199095937653,0.007958498417025787,17.339806079864502,0.0025669069159224415,0.3184959888458252,0.0025669069159224415,0.45744919776916504,0.013273217161336894,15,512.0
0.0019450620357798333,0.006894238429192543,0.001595882637155383,15.053088903427124,0.005603753309576089,0.4876441955566406,0.005603753309576089,0.6323628425598145,0.036739713385007707,16,512.0
0.0008755290255339066,0.002908317715823906,0.010534697167434805,15.800651788711548,0.0031873436273632074,0.4544951915740967,0.0028975382466589973,0.6903810501098633,0.0747511247842126,17,512.0
0.00041672709040453513,0.0027701484729066982,0.009105403155477063,15.749099016189575,0.0052798933731284465,0.3696260452270508,0.0052798933731284465,0.46228981018066406,0.02345635054650193,18,512.0
0.0005339028329280658,0.008664535803164952,0.003301934272079504,13.486113786697388,0.002413077971664876,0.3126852512359619,0.0021204197334572243,0.3986470699310303,0.011967025169709366,19,512.0
0.00041478547017968927,0.00734607056425708,0.005274992156959085,16.915297985076904,0.0011715624056726954,0.3762986660003662,0.0011715624056726954,0.5781817436218262,0.015068082799822547,20,512.0
0.0009626252549858297,0.0011791964809867315,0.00351996848401876,13.232959985733032,0.0019579690843741786,0.4976167678833008,0.0019579690843741786,0.6550576686859131,0.029314957153334542,21,512.0
0.0006561775130311777,0.0031893980055029106,0.003740101472430408,14.3396897315979,0.0021480136470929142,0.3268697261810303,0.0019658941557397533,0.4448201656341553,0.029576242121987135,22,512.0
0.0005208224860843282,0.004371447435329874,0.009278757803088435,14.23838758468628,0.001721571945907225,0.41181397438049316,0.0015173408116765745,0.4980959892272949,0.02546355777724354,23,512.0
0.00021383117155840097,0.0028438910933116113,0.0073993693525237275,14.953617572784424,0.0009024346749929085,0.471724271774292,0.000878502778893823,0.6910896301269531,0.009003861337879929,24,512.0
0.0006485256517378104,0.004354678027296228,0.011186200900570036,13.801211833953857,0.004344253164926654,0.3532528877258301,0.008985277402732977,0.47519588470458984,0.03053931341232076,25,512.0
0.0005871048847028037,0.008016103558021884,0.005578009223208506,12.838043212890625,0.0023483895433418223,0.5420784950256348,0.0023483895433418223,0.678337812423706,0.02611873982605306,26,512.0
0.0013475187633244206,0.006468020456627471,0.005237595239115993,12.248264074325562,0.009025996283181669,0.48029232025146484,0.009025996283181669,0.6845393180847168,0.04612821631075784,27,512.0
0.00015365326525831582,0.010408235349211105,0.006852220529366866,13.222317457199097,0.0012298716546318914,0.3854973316192627,0.0012298716546318914,0.524594783782959,0.022953960539746493,28,512.0
0.00022500944473430933,0.0038474700265989587,0.001672209020537342,12.648147344589233,0.001440706005581475,0.43398380279541016,0.001440706005581475,0.48967695236206055,0.01567061833759462,29,512.0
0.00027617353227580053,0.006305829814559368,0.004164082732581422,12.406888246536255,0.001529273399946105,0.39197850227355957,0.0014299869548712874,0.609736442565918,0.02364080559247407,0,1024.0
0.00014480752891761947,0.01396421203790357,0.004256991246813989,14.77887773513794,0.0018295490246783442,0.3049488067626953,0.0005081855238698493,0.45554089546203613,0.020692219326910642,1,1024.0
0.00026250062843215087,0.0027918458309126315,0.004691740748561262,13.191433906555176,0.0005667348888821723,0.36646485328674316,0.0005581690144295351,0.4947521686553955,0.013499650420888779,2,1024.0
0.000815008697617439,0.004945087018775496,0.00654415700349053,15.72288703918457,0.0036851474393124993,0.36770200729370117,0.0036851474393124993,0.48250460624694824,0.02490129722464284,3,1024.0
0.00033733159520409214,0.008481352544954104,0.006025258492317313,15.852137088775635,0.0011246239096778614,0.4101905822753906,0.0011246239096778614,0.4898102283477783,0.009362849888450783,4,1024.0
0.0003844132380712943,0.005385288387783602,0.00380733600405353,16.591329097747803,0.002169684870442149,0.37435436248779297,0.002169684870442149,0.502025842666626,0.022934653650930937,5,1024.0
0.0006456388447377096,0.006845203918289775,0.00799467330759464,14.663544178009033,0.002313127325401072,0.3548436164855957,0.002085762861208811,0.5071144104003906,0.029750006444546787,6,1024.0
0.00023112954443539458,0.009348234791519595,0.0022293033055206368,13.424635648727417,0.0007552537496233871,0.503713846206665,0.0007552537496233871,0.6212458610534668,0.015729641376567283,7,1024.0
0.0004858092447186996,0.006211183856580544,0.008011191646041313,16.45011854171753,0.0027624936907733543,0.414278507232666,0.002748823230418066,0.6088378429412842,0.03934727916724807,8,1024.0
0.0006795153768623571,0.003921009425680053,0.004824954362583468,14.45067834854126,0.0017500753015706628,0.5893375873565674,0.0016429276130663917,0.7271311283111572,0.01568294547369436,9,1024.0
0.0002766571076141533,0.007506678509146732,0.007733496658553212,20.684005737304688,0.0017894882687107011,0.4664604663848877,0.0017894882687107011,0.60959792137146,0.01105748037124664,10,1024.0
0.00036740592491403394,0.007058901078988544,0.004225320080645307,21.50096821784973,0.0014567620387382846,0.6231656074523926,0.0014567620387382846,0.6585893630981445,0.014688840869082091,11,1024.0
0.0003228770963712682,0.007666035416204192,0.007698261596029204,42.50533723831177,0.002886305910056095,0.45621562004089355,0.0014056789247613875,0.5846447944641113,0.018232259416951172,12,1024.0
0.00021641511680973538,0.004013468132356035,0.008338102322500244,22.795122146606445,0.005025022219516408,0.45490145683288574,0.0019334335573050075,0.5510623455047607,0.01811747331208239,13,1024.0
0.0005185407628773348,0.005407612718960496,0.002195629974109734,18.31820583343506,0.00245048903310162,0.40968823432922363,0.0024505236914081786,0.5374400615692139,0.025435772487037028,14,1024.0
0.00044039078369705205,0.007045895656477767,0.008219990337544666,16.720634937286377,0.0025669069159224415,0.41980695724487305,0.0025669069159224415,0.6416289806365967,0.013273217161336894,15,1024.0
0.0019745917697893012,0.007180924714346541,0.0018035450762366827,19.077835083007812,0.005603753309576089,0.47580790519714355,0.005603753309576089,0.627152681350708,0.036739713385007707,16,1024.0
0.0008363096518182333,0.0029780300373221102,0.00964631299797497,18.55674958229065,0.0031873436273632074,0.5804011821746826,0.0028975382466589973,0.7938251495361328,0.0747511247842126,17,1024.0
0.00041733321554700736,0.004013554099231283,0.00946156247246565,19.085562467575073,0.0052798933731284465,0.4643566608428955,0.0052798933731284465,0.5758934020996094,0.02345635054650193,18,1024.0
0.0005332858032375511,0.008978642441937653,0.004184163825787423,20.12251591682434,0.002413077971664876,0.38376474380493164,0.0021204197334572243,0.5031764507293701,0.011967025169709366,19,1024.0
0.0004379595921953423,0.005551460856525272,0.002762091395323,27.783714056015015,0.0011715624056726954,0.6233079433441162,0.0011715624056726954,0.7180004119873047,0.015068082799822547,20,1024.0
0.000977116911318163,0.0012938740358358933,0.004388049176366349,22.097201824188232,0.0019579690843741786,0.625333309173584,0.0019579690843741786,0.9175422191619873,0.029314957153334542,21,1024.0
0.0006798487709497191,0.005532023854793394,0.003399689204586134,22.70069718360901,0.0021480136470929142,0.45305824279785156,0.0019658941557397533,0.5971662998199463,0.029576242121987135,22,1024.0
0.0005280518814709318,0.004042438094842875,0.00860066221261995,20.67577052116394,0.001721571945907225,0.5108067989349365,0.0015173408116765745,0.6424918174743652,0.02546355777724354,23,1024.0
0.00022083100275439708,0.0026433878291296014,0.006874950925845258,21.232717275619507,0.0009024346749929085,0.6896002292633057,0.000878502778893823,0.8333837985992432,0.009003861337879929,24,1024.0
0.0006503391506815905,0.0037138763463289396,0.009753487045941252,21.292101621627808,0.004344253164926654,0.5566539764404297,0.008985277402732977,0.7031505107879639,0.03053931341232076,25,1024.0
0.000589440915493955,0.00731434233936406,0.004975966165548922,23.23157835006714,0.0023483895433418223,0.4902796745300293,0.0023483895433418223,0.6754739284515381,0.02611873982605306,26,1024.0
0.0013271420333571908,0.003601667514128801,0.0034764902149251073,30.125845670700073,0.009025996283181669,0.5964903831481934,0.009025996283181669,0.8172423839569092,0.04612821631075784,27,1024.0
0.00015406838071237625,0.010344688470459959,0.006879080465689148,20.69152331352234,0.0012298716546318914,0.5219955444335938,0.0012298716546318914,0.8027036190032959,0.022953960539746493,28,1024.0
0.00021929990908046515,0.0036160901614045293,0.0014408435057500224,21.786645650863647,0.001440706005581475,0.5288217067718506,0.001440706005581475,0.6730022430419922,0.01567061833759462,29,1024.0
0.00026653298270420646,0.0071174540957457365,0.004730125095792114,21.885682344436646,0.001529273399946105,0.5115008354187012,0.0014299869548712874,0.6541905403137207,0.02364080559247407,0,2048.0
0.00014796451248697305,0.014306943246336523,0.00464110747167934,22.30426597595215,0.0018295490246783442,0.4034702777862549,0.0005081855238698493,0.6349594593048096,0.020692219326910642,1,2048.0
0.00025823470025894874,0.003636747730838231,0.005279731731034847,22.40818500518799,0.0005667348888821723,0.49536824226379395,0.0005581690144295351,0.6770665645599365,0.013499650420888779,2,2048.0
0.0008011284370559438,0.00426904004448324,0.005991192356686992,27.710376024246216,0.0036851474393124993,0.5082840919494629,0.0036851474393124993,0.6314647197723389,0.02490129722464284,3,2048.0
0.00034002376856049715,0.008456174462158048,0.004604277058865282,27.576550245285034,0.0011246239096778614,0.5026078224182129,0.0011246239096778614,0.6518445014953613,0.009362849888450783,4,2048.0
0.0003828334403658386,0.004531677454944007,0.003733186113951101,28.285423517227173,0.002169684870442149,0.5437331199645996,0.002169684870442149,0.6838123798370361,0.022934653650930937,5,2048.0
0.0006663903895773501,0.0066104784186501574,0.008185219517078691,23.04508900642395,0.002313127325401072,0.49597716331481934,0.002085762861208811,0.6775140762329102,0.029750006444546787,6,2048.0
0.0002279045405930343,0.009453071889239162,0.0019581363039023626,25.321268558502197,0.0007552537496233871,0.6723833084106445,0.0007552537496233871,0.715142011642456,0.015729641376567283,7,2048.0
0.00047661626410401407,0.0068007967763695654,0.007561367569431559,26.26542568206787,0.0027624936907733543,0.5019183158874512,0.002748823230418066,0.707165002822876,0.03934727916724807,8,2048.0
0.0006889557993935055,0.003527841981309127,0.003837857955685611,24.408717155456543,0.0017500753015706628,0.7020516395568848,0.0016429276130663917,0.8184661865234375,0.01568294547369436,9,2048.0
0.00027797121779071787,0.007180141030649641,0.008970438033052582,27.871469974517822,0.0017894882687107011,0.5609173774719238,0.0017894882687107011,0.8310158252716064,0.01105748037124664,10,2048.0
0.00035716314343070543,0.0075738214497332495,0.003946707006529009,25.798052310943604,0.0014567620387382846,0.5527200698852539,0.0014567620387382846,0.7210848331451416,0.014688840869082091,11,2048.0
0.00032787449656632465,0.00580631840769863,0.009496646796880634,46.87098169326782,0.002886305910056095,0.4400038719177246,0.0014056789247613875,0.5716290473937988,0.018232259416951172,12,2048.0
0.0002164374009383025,0.003846807384813516,0.008709278479857181,25.548490524291992,0.005025022219516408,0.5169165134429932,0.0019334335573050075,0.6489419937133789,0.01811747331208239,13,2048.0
0.0005197010813691418,0.005472431001926786,0.002390846770076463,23.58359694480896,0.00245048903310162,0.4667243957519531,0.0024505236914081786,0.6008710861206055,0.025435772487037028,14,2048.0
0.0004321833504178979,0.006495154793328813,0.006902838593204381,23.13225483894348,0.0025669069159224415,0.46475887298583984,0.0025669069159224415,0.5992653369903564,0.013273217161336894,15,2048.0
0.0019271109752058762,0.007164826669213278,0.0020052784849971714,21.643895864486694,0.005603753309576089,0.5356297492980957,0.005603753309576089,0.6888320446014404,0.036739713385007707,16,2048.0
0.0008542351114686239,0.0029844598315103494,0.011002916152385585,31.211954355239868,0.0031873436273632074,0.592451810836792,0.0028975382466589973,0.8734757900238037,0.0747511247842126,17,2048.0
0.000410771277248978,0.004914366509835085,0.00997908782393052,20.245645761489868,0.0052798933731284465,0.5269289016723633,0.0052798933731284465,0.5561361312866211,0.02345635054650193,18,2048.0
0.0005404361889535833,0.008840220107279547,0.003007470919533258,19.252005577087402,0.002413077971664876,0.3826780319213867,0.0021204197334572243,0.5472104549407959,0.011967025169709366,19,2048.0
0.0004542559718875171,0.0052144183315613445,0.0025945537386359665,34.879616498947144,0.0011715624056726954,0.5611064434051514,0.0011715624056726954,0.7415468692779541,0.015068082799822547,20,2048.0
0.0009464155763184342,0.0012404041020926096,0.003594319736867311,24.066471815109253,0.0019579690843741786,0.7055599689483643,0.0019579690843741786,0.8964874744415283,0.029314957153334542,21,2048.0
0.0006543903412996599,0.005416498251406122,0.004117543262723717,28.425676822662354,0.0021480136470929142,0.4627962112426758,0.0019658941557397533,0.5968232154846191,0.029576242121987135,22,2048.0
0.0005084563053452026,0.004456682838809882,0.009260890429513776,26.335137605667114,0.001721571945907225,0.6088337898254395,0.0015173408116765745,0.7507438659667969,0.02546355777724354,23,2048.0
0.000214812058200521,0.003217979227129359,0.0068237441370552826,23.866854667663574,0.0009024346749929085,0.7007207870483398,0.000878502778893823,0.9141900539398193,0.009003861337879929,24,2048.0
0.000643539365520233,0.0035748211293002738,0.009960658856416973,20.596640586853027,0.004344253164926654,0.4781053066253662,0.008985277402732977,0.6815476417541504,0.03053931341232076,25,2048.0
0.0005945242898652343,0.006816131284456597,0.005113162748830906,22.554529666900635,0.0023483895433418223,0.5080897808074951,0.0023483895433418223,0.6777708530426025,0.02611873982605306,26,2048.0
0.0013503542678629705,0.0066777117850083355,0.004628084357253842,26.337347269058228,0.009025996283181669,0.6001710891723633,0.009025996283181669,0.8255429267883301,0.04612821631075784,27,2048.0
0.00015020702145101479,0.011912218909214801,0.0043148777345572865,46.17760729789734,0.0012298716546318914,0.5440926551818848,0.0012298716546318914,0.6627039909362793,0.022953960539746493,28,2048.0
0.0002206124891544789,0.0036985952459706655,0.0011237567748086314,32.471574544906616,0.001440706005581475,0.5464706420898438,0.001440706005581475,0.711076021194458,0.01567061833759462,29,2048.0
