Amari LBFGSB,Dilations error LBFGSB,Shifts error LBFGSB,Time LBFGSB,Amari MVICAD,Time MVICAD,Amari MVICAD ext,Time MVICAD ext,Amari MVICA,Time MVICA,Amari GroupICA,Time GroupICA,Amari permica,random_state,max_dilation,max_shift
0.0062500418197218854,3.566168822599636e-05,7.02225172507694e-05,30.855652809143066,0.00870007587646148,1.3031840324401855,0.00870007587646148,1.392240285873413,0.008700075876461504,0.8307747840881348,0.030484381950764194,0.03729677200317383,0.035256448409944366,0,1.00001,1e-05
0.0027639187966697213,3.7889036466480046e-05,9.070454021839295e-05,23.068052768707275,0.0040263296797167225,1.5396270751953125,0.0040263296797167225,1.6035172939300537,0.004026329679716641,0.9648292064666748,0.01425787388145169,0.04412341117858887,0.018891648323269186,1,1.00001,1e-05
0.0017132597267886702,3.131364406664024e-05,8.696946063994442e-05,25.675227403640747,0.002342419947491914,1.4516680240631104,0.002342419947491914,1.5718669891357422,0.002342419947491914,0.9225294589996338,0.012135246590624274,0.03767681121826172,0.01598424171827716,2,1.00001,1e-05
0.002865510888494205,3.0402102895118097e-05,5.5750374399839615e-05,35.56056761741638,0.003438635138329782,1.5562245845794678,0.003438635138329782,1.695098638534546,0.0034386351383297745,1.011490821838379,0.024532426715135593,0.0325169563293457,0.02735722485842611,3,1.00001,1e-05
0.0025429005341795893,2.662242997599762e-05,0.00010704012219859837,28.405367612838745,0.00250260862123964,1.208935260772705,0.00250260862123964,1.3412199020385742,0.0025026086212396404,0.8629395961761475,0.013618894315992908,0.03721332550048828,0.01573725915696785,4,1.00001,1e-05
0.0042401806266321685,3.084970779164327e-05,9.398798127249197e-05,27.809786081314087,0.004606002048393625,1.8105666637420654,0.004606002048393625,1.925671100616455,0.004606002048393573,1.108947992324829,0.034404899678212614,0.04057765007019043,0.036056664813819285,5,1.00001,1e-05
0.17357828171737116,2.8502275442014262e-05,8.443142594441641e-05,31.619232177734375,0.00602930896072232,1.3336067199707031,0.00602930896072232,1.405811071395874,0.006029308960722431,0.875399112701416,0.0222893892201338,0.040116310119628906,0.024993241627528057,6,1.00001,1e-05
0.003828128163824126,2.5014970391327532e-05,6.0691361060198164e-05,25.997475385665894,0.006288721781316247,1.6588830947875977,0.006288721781316247,1.708899974822998,0.006288721781316313,1.0274658203125,0.02587828841041785,0.03167438507080078,0.030594987127740954,7,1.00001,1e-05
0.0027413228143378836,2.6305827527591438e-05,5.4362351653451196e-05,21.614339351654053,0.0065331684129542305,2.1603450775146484,0.0065331684129542305,2.3052515983581543,0.006533168412954269,1.2944695949554443,0.04241612203759472,0.042665719985961914,0.04823491836236078,8,1.00001,1e-05
0.003846750223589498,2.2348994760553373e-05,9.313779500943105e-05,21.903169631958008,0.003615922245234289,1.3117554187774658,0.003615922245234289,1.38771653175354,0.0036159222452343044,0.8850171566009521,0.01939527116853364,0.04356503486633301,0.020926256660764177,9,1.00001,1e-05
0.0022079169150518883,2.7349320447396983e-05,0.0001005007258121989,25.24249291419983,0.003217936472316393,1.5510196685791016,0.003217936472316393,1.580564260482788,0.003217936472316377,0.9552943706512451,0.014960439975374263,0.03528857231140137,0.018834472344798993,10,1.00001,1e-05
0.002391242475791455,3.0126697657421413e-05,9.374860330015148e-05,22.00898766517639,0.003312262671482865,1.6135175228118896,0.003312262671482865,1.6808452606201172,0.0033122626714829385,0.9985532760620117,0.019112026007409782,0.03267717361450195,0.02320711609336743,11,1.00001,1e-05
0.011347844930144653,3.1467336861397875e-05,0.00010066088546533125,45.21419310569763,0.005832310686890238,1.1576592922210693,0.005832310686890238,1.220060110092163,0.005832310686892118,0.7932217121124268,0.019185685600453545,0.03358721733093262,0.021504908670407375,12,1.00001,1e-05
0.0026277579342459745,3.533243677772783e-05,9.505122466874072e-05,30.45690369606018,0.005728139235211419,2.2076025009155273,0.005728139235211419,2.358876943588257,0.00572813923521142,1.3515522480010986,0.027197254730591786,0.04152059555053711,0.02891059022257164,13,1.00001,1e-05
0.003981818232050535,3.3272147115652e-05,9.79187475623237e-05,22.16518235206604,0.0047825534725992455,1.7720692157745361,0.0047825534725992455,1.891014575958252,0.004782553472599208,1.0825281143188477,0.02786488727872637,0.03830218315124512,0.03242592871318549,14,1.00001,1e-05
0.0030335890887532636,2.8998631157743185e-05,8.253369492155309e-05,34.76925230026245,0.0033346677562470827,1.2346594333648682,0.0033346677562470827,1.2970428466796875,0.00333466775624706,0.805309534072876,0.016061706057876754,0.03761744499206543,0.018317810260945516,15,1.00001,1e-05
0.006081339157445783,3.493789598409218e-05,9.466809162795853e-05,27.94430637359619,0.007758841528818124,1.3946876525878906,0.007758841528818124,1.4518048763275146,0.00775884152881791,0.9013395309448242,0.03372130721232685,0.03729057312011719,0.041284099301362474,16,1.00001,1e-05
0.0033635349615055653,2.9841187684394774e-05,9.182437379837335e-05,21.1378812789917,0.0037977667949850766,1.656221628189087,0.0037977667949850766,1.7576942443847656,0.0037977667949850545,1.0339686870574951,0.016909254276616898,0.047278404235839844,0.023215157584183424,17,1.00001,1e-05
0.002462344572371444,2.9704355072102118e-05,7.460100333902911e-05,25.05957341194153,0.0027579582498421145,1.509538173675537,0.0027579582498421145,1.5989325046539307,0.0027579582498420633,0.9612669944763184,0.018442307310234895,0.03644418716430664,0.022584262551195226,18,1.00001,1e-05
0.003805883698614002,2.494722385092037e-05,7.938204132014181e-05,17.43998432159424,0.003453617723554888,1.406566858291626,0.003453617723554888,1.4429008960723877,0.003453617723554947,0.903923511505127,0.014034314175981652,0.058148860931396484,0.01651484552315926,19,1.00001,1e-05
0.001795203808253687,3.154720774964185e-05,7.252257779353603e-05,21.989304065704346,0.002593576603263877,1.2847521305084229,0.002593576603263877,1.4297270774841309,0.0025935766032636996,0.9568004608154297,0.011891384028826056,0.040514230728149414,0.014477682927743828,20,1.00001,1e-05
0.0032946259259027865,3.1821469558313e-05,8.00097525077296e-05,28.74267554283142,0.005238158743987054,1.9792537689208984,0.005238158743987054,2.1672277450561523,0.00523815874398709,1.2456676959991455,0.022732846788532136,0.03868436813354492,0.03036461514881102,21,1.00001,1e-05
0.00241273156468164,3.185878118247369e-05,0.00010129270318086636,43.654086112976074,0.002635700968031037,1.4363675117492676,0.002635700968031037,1.5327277183532715,0.0026357009680309184,0.9432611465454102,0.0283514619212512,0.04401254653930664,0.03236158105490142,22,1.00001,1e-05
0.23100805766481458,3.258678469446608e-05,6.301095950928352e-05,26.46973967552185,0.002083842318337618,1.5020346641540527,0.002083842318337618,1.5809144973754883,0.002083842318337625,0.9718837738037109,0.013832049154599586,0.03586268424987793,0.015814242052356126,23,1.00001,1e-05
0.0010427272018476079,3.185000582597297e-05,6.76163824133158e-05,24.55126142501831,0.0015698857730814069,1.2953736782073975,0.0015698857730814069,1.368544340133667,0.0015698857730814069,0.8638343811035156,0.007842813547760138,0.04737710952758789,0.009532898812671112,24,1.00001,1e-05
0.005231824943455065,3.096395262816761e-05,6.844527664603786e-05,21.356614351272583,0.00646314136656984,1.1694915294647217,0.00646314136656984,1.2548210620880127,0.006463141366569884,0.8039889335632324,0.022051189321292287,0.03549695014953613,0.025109845030330674,25,1.00001,1e-05
0.0033718800824773442,2.9033656082777527e-05,7.214915062078164e-05,31.540220737457275,0.004933025164267279,1.629246711730957,0.004933025164267279,1.794459342956543,0.004933025164267265,1.0765609741210938,0.02439099767310062,0.035918474197387695,0.025953145399210786,26,1.00001,1e-05
0.010315528100363817,3.1901526539002135e-05,8.99031849055043e-05,27.345672607421875,0.012683751596231673,1.8867130279541016,0.012683751596231673,1.986198902130127,0.012683751596231637,1.1723358631134033,0.04662606655640557,0.04142332077026367,0.04955975666495421,27,1.00001,1e-05
0.0025945644173291037,3.0073084651978852e-05,6.0772956028987136e-05,20.429988861083984,0.004492394903064389,2.5848262310028076,0.004492394903064389,2.765071392059326,0.004492394903064353,1.5819880962371826,0.02741318155515372,0.03440690040588379,0.029583980111004344,28,1.00001,1e-05
0.0028443005146126703,2.3648530298488642e-05,8.099078326591069e-05,19.23308539390564,0.0031967899499821296,1.6500322818756104,0.0031967899499821296,1.7056477069854736,0.0031967899499821375,1.0237016677856445,0.01971223307879536,0.04214024543762207,0.02361226588956019,29,1.00001,1e-05
0.0013479932320651959,0.0028756575223724806,0.004673609897114025,20.17535710334778,0.0033662040271090466,0.8109116554260254,0.002881288170232129,0.9402804374694824,0.012296825168935191,0.5943698883056641,0.02995809917038953,0.059177398681640625,0.036085362901679977,0,1.03,0.01
0.0002607314312317384,0.002064071321088316,0.003058149380293111,19.81880760192871,0.0006926436223067582,0.6644937992095947,0.0005356059959868098,0.8030941486358643,0.003849796499875653,0.49108028411865234,0.016652826773837576,0.05803203582763672,0.018079194083321502,1,1.03,0.01
0.0003477730912678852,0.002382194259994049,0.0031984167406418074,22.310065269470215,0.0006108052557784942,0.8625078201293945,0.0005922728505976637,0.9917442798614502,0.001039482851126139,0.590935230255127,0.008693672584685912,0.05147218704223633,0.014758161922212718,2,1.03,0.01
0.0003299914170057446,0.002077884831165881,0.0026788682481856656,29.370150327682495,0.0008988578911847567,0.809840202331543,0.0007421062838024239,1.0540595054626465,0.003103150841428056,0.5949113368988037,0.02446097825112526,0.04177379608154297,0.026601600496119295,3,1.03,0.01
0.00031099137182227413,0.0007588621839089112,0.0011245103184514696,18.903448343276978,0.0008577371978851483,0.7481424808502197,0.0010665760258708578,0.9760689735412598,0.0015305460414050565,0.44699788093566895,0.010775390220555845,0.04453086853027344,0.01528209192828094,4,1.03,0.01
0.0005226128362857555,0.0012762322922191002,0.001970146892261811,22.717490196228027,0.0009995057446726243,1.277355432510376,0.001028417223949337,1.4261858463287354,0.002861221427051342,0.758188009262085,0.03599766898904241,0.05366992950439453,0.036593751560152106,5,1.03,0.01
0.014565642602904102,0.0038330103898494747,0.013702307985082655,18.247615814208984,0.0018344251959026892,0.9548163414001465,0.001497899175078632,1.040255069732666,0.0049046807190596805,0.5404367446899414,0.016083421660667667,0.03670024871826172,0.02429027929139136,6,1.03,0.01
0.0005384477427933761,0.0030629648472621914,0.00340549705674927,20.003547430038452,0.0011330623034270385,0.8937287330627441,0.0009823304060878465,0.907524824142456,0.006194331886888708,0.5748565196990967,0.03485338448405585,0.028869152069091797,0.02868357271401336,7,1.03,0.01
0.00022790274389639103,0.0012689263571948218,0.002092367409648625,22.875370264053345,0.0005669602245996997,0.8953220844268799,0.0006245902894937021,0.971092939376831,0.013201580527036119,0.7631542682647705,0.051927653986773945,0.04738306999206543,0.04403681884270459,8,1.03,0.01
0.0002677366709396149,0.002251836915113052,0.0038158562547983073,22.90013337135315,0.0006117136404124812,0.8320479393005371,0.0009632251884675646,1.0389738082885742,0.0032676031677738872,0.453202486038208,0.0171379565364583,0.039919137954711914,0.021497119229598828,9,1.03,0.01
0.0004217429612425401,0.0016292454550288938,0.0024306295623563122,23.488577365875244,0.0009839283109870961,1.0457682609558105,0.0008347085613044685,1.1197319030761719,0.003054267493073389,0.5612201690673828,0.013282921596509286,0.03486156463623047,0.016800374418139336,10,1.03,0.01
0.0005657630220197755,0.0017045630498913648,0.002936626564084299,25.662525177001953,0.0013420814810035358,1.1311252117156982,0.0013355016370466691,1.2543518543243408,0.004379164154236321,0.7614123821258545,0.01869047463504072,0.03816509246826172,0.023426321288295207,11,1.03,0.01
0.004869831044108171,0.00254660176130231,0.0036604765148171015,43.66685366630554,0.002166626925280424,0.9531984329223633,0.0017791413393612638,1.0259335041046143,0.005296378196543153,0.46358227729797363,0.016848696264095735,0.030260562896728516,0.02129797490240352,12,1.03,0.01
0.00045102618196825415,0.002411794351847648,0.0036045891491478335,27.709429264068604,0.001548240680435827,1.0706164836883545,0.0013500723750988247,1.1582095623016357,0.009573976879184258,0.7998487949371338,0.022741954835021998,0.046256303787231445,0.027605786718362484,13,1.03,0.01
0.00045736152659123046,0.0014936270988321176,0.002189935890518298,20.46273374557495,0.0014814492054818181,0.7649226188659668,0.001251927497594411,0.8256211280822754,0.006184155719981706,0.709414005279541,0.026971871236143995,0.04122138023376465,0.03016313290247683,14,1.03,0.01
0.0007125063601026271,0.001427296705853968,0.002159376168603803,38.49922180175781,0.0014063299162473547,0.902132511138916,0.0013272613039945571,1.054105281829834,0.0024749669099199292,0.5958750247955322,0.015580667064675447,0.0360875129699707,0.017118413834651878,15,1.03,0.01
0.0010136735389121001,0.0012163248233049077,0.0018790010592255675,35.87551760673523,0.0031357227606640427,1.0366206169128418,0.0026052541930591403,1.2039682865142822,0.013009930880612072,0.657745361328125,0.02677024155457992,0.042878150939941406,0.04230529551045567,16,1.03,0.01
0.0008401096176185415,0.0017536619261025936,0.0029399660695686816,23.527538061141968,0.0016831847362595246,0.8786249160766602,0.0015734432016380807,0.9460675716400146,0.004058498974628578,0.6293549537658691,0.01733927504764549,0.04565620422363281,0.023239290354767312,17,1.03,0.01
0.0006065934997241173,0.0016348772614377023,0.0023222399463701895,18.455436944961548,0.0011872566959448235,0.8461384773254395,0.0011566908648608617,0.935981035232544,0.0026970268406422064,0.5999212265014648,0.012314166994224858,0.03391265869140625,0.02399600289668121,18,1.03,0.01
0.00039332106311750577,0.0016172169597391318,0.002172901726211829,20.214934587478638,0.0011870113787050274,0.7948880195617676,0.0011472520149454768,0.8748760223388672,0.0023734070377922595,0.5127973556518555,0.014160473113148692,0.042008399963378906,0.016069833766118584,19,1.03,0.01
0.0002613637293494101,0.00219069992575666,0.002701673542073461,35.18108916282654,0.000995958614416348,0.92879319190979,0.0007356644055452,1.0152251720428467,0.003218189293987287,0.5266847610473633,0.010792643972572713,0.04081249237060547,0.015036217398354073,20,1.03,0.01
0.0008629480243955564,0.0013609970138761677,0.0019049059191637721,32.55316781997681,0.0017869560357115955,0.856395959854126,0.002144084810811564,1.1057038307189941,0.003927223379281841,0.7222530841827393,0.013485675715730294,0.05546140670776367,0.02952114377435993,21,1.03,0.01
0.0006125923161317993,0.0029228325343214107,0.004113100241924254,45.7918963432312,0.0009247672693423858,1.264343500137329,0.000892824921538667,1.3104100227355957,0.0016159020260004004,0.6717419624328613,0.039976708809362695,0.0281374454498291,0.03296976567815992,22,1.03,0.01
0.037511680285047075,0.0041318847404489805,0.013137453886657694,24.822707414627075,0.001414526481272101,1.232447624206543,0.0013940983372341918,1.3447856903076172,0.0022208985942074803,0.6356117725372314,0.04053838644229408,0.03475213050842285,0.016503845718089168,23,1.03,0.01
0.00036078719749817656,0.0007724784630694556,0.0011254846823595974,23.70292353630066,0.0008452587520199875,0.9604072570800781,0.0007363636504223115,1.0540642738342285,0.002902734975448292,0.5614473819732666,0.005548113876454692,0.03517031669616699,0.009336762114517883,24,1.03,0.01
0.0005970412039311885,0.00285319700138024,0.004485530460144175,22.014787197113037,0.0016624462449413104,0.9155502319335938,0.0016682987117305832,1.0706794261932373,0.014680760398700218,0.45743727684020996,0.020133451609627158,0.03554654121398926,0.02808673822268795,25,1.03,0.01
0.0004518967986805918,0.0015595081054821176,0.0020950584543506473,26.731767416000366,0.00134640915350841,1.1440300941467285,0.001628035366136708,1.1906154155731201,0.005792654420451923,0.6471824645996094,0.020785678318108083,0.03191733360290527,0.02325272487172849,26,1.03,0.01
0.000294503692285993,0.0009709062256556322,0.0016088639085985938,22.65388774871826,0.0014559743707398174,1.106069564819336,0.0010734480995116128,1.1781361103057861,0.01945955782661517,0.6314892768859863,0.04690705638246069,0.06051969528198242,0.043794363401306324,27,1.03,0.01
0.0003139690514540734,0.001490944364420462,0.0020322746205500676,19.949904203414917,0.0009544199834403613,1.079329490661621,0.0009917027166073567,1.196505069732666,0.004123870225774059,0.8011674880981445,0.01949901521427719,0.03134655952453613,0.023717547121075704,28,1.03,0.01
0.0006609502569501732,0.0011046956052026325,0.0014913159261995472,17.291454315185547,0.0015831561979196516,0.9452645778656006,0.0015454944383320882,0.9910364151000977,0.003202346175391664,0.7209625244140625,0.02384716964795986,0.0478215217590332,0.02475533456055745,29,1.03,0.01
0.0006687290848397105,0.002881195750809784,0.003083420574356066,30.963096618652344,0.0017508003915605252,0.7041847705841064,0.0013885708619973736,0.9182424545288086,0.01596358346395945,0.4320378303527832,0.039685429450243996,0.05889177322387695,0.0340743157438643,0,1.06,0.020000000000000004
0.000132601092595519,0.0012321289149384758,0.0020641341230415128,25.279821395874023,0.000755424981954452,0.5720782279968262,0.00042101653290331037,0.7829532623291016,0.008777639291856933,0.34131312370300293,0.2142368036398783,0.0499117374420166,0.014679158928997418,1,1.06,0.020000000000000004
0.00022330380558871856,0.0017274484793967204,0.0020339816552251105,36.80648922920227,0.0004816574388063932,0.8864734172821045,0.00045538367826386913,1.0424964427947998,0.00319465998857554,0.5425746440887451,0.17823823904829322,0.03621840476989746,0.01391562167796227,2,1.06,0.020000000000000004
0.00012019068252679215,0.002607229380460267,0.003630156256896551,41.590596199035645,0.0013968153834508594,0.632573127746582,0.0003425991801459416,0.8266932964324951,0.006493816606617482,0.4845590591430664,0.03763155257306713,0.03624415397644043,0.023566256531244483,3,1.06,0.020000000000000004
0.0001446855856986451,0.0023231918847877787,0.0018687244895308115,22.86901068687439,0.0009570000457093553,0.596757173538208,0.0006157021899059645,0.8555645942687988,0.0033859819427375813,0.3060312271118164,0.021278789226448613,0.04103899002075195,0.014327860237153697,4,1.06,0.020000000000000004
0.0002760910444972694,0.0013697185930083104,0.0022697338714526764,27.166781187057495,0.0006493086805387331,1.050539493560791,0.0006973307661245783,1.2200350761413574,0.002657111921902855,0.5803012847900391,0.04166199722771609,0.031022071838378906,0.03508139863757851,5,1.06,0.020000000000000004
0.008356578615028485,0.027152681870640637,0.04456658461558773,27.959502458572388,0.0012081653047324669,0.7912657260894775,0.0009975415941103258,1.0153491497039795,0.010272975494014727,0.45731449127197266,0.03638325517644573,0.030596017837524414,0.021936064418268456,6,1.06,0.020000000000000004
0.0002482826328249995,0.0026967125805125096,0.00274210878794926,24.742693185806274,0.0012599333256042642,0.6190452575683594,0.0006175177643743608,0.8236238956451416,0.015615905009536076,0.3793509006500244,0.37014471563611456,0.03143954277038574,0.024462836943991546,7,1.06,0.020000000000000004
0.00013398832108100223,0.0005317331725724609,0.0014181239619790083,29.705374717712402,0.00131652166028929,0.8219163417816162,0.00032971956342779196,0.9405477046966553,0.03906441739471424,0.49328088760375977,0.08765398751432028,0.02674555778503418,0.03991985420856804,8,1.06,0.020000000000000004
9.715168035742127e-05,0.0031080984908535393,0.004523083554533796,29.737120628356934,0.0002882517807930659,0.7110531330108643,0.0008076342095324707,0.9522521495819092,0.0039795402894990655,0.3943650722503662,0.029283974798847985,0.04439258575439453,0.016188941297956352,9,1.06,0.020000000000000004
0.0003348628489504494,0.0028070244954379042,0.004152811884510521,34.64336848258972,0.0007493037970452237,0.8456723690032959,0.0006392847982293967,0.9843051433563232,0.005131966219574058,0.3031623363494873,0.020305911980299164,0.051077842712402344,0.01635058475281416,10,1.06,0.020000000000000004
0.00037521427201574474,0.0015976642161760423,0.0025038694092881803,35.49195051193237,0.0014185217692881241,0.8980700969696045,0.001169529771710735,1.1989860534667969,0.0043437115792470515,0.7342343330383301,0.020273799993879456,0.049268484115600586,0.023263590663909796,11,1.06,0.020000000000000004
0.009114467907735105,0.003439461007570266,0.005108299947321393,45.971118211746216,0.0018135334801973046,0.7678327560424805,0.001043529970952428,1.0314490795135498,0.007332968372329551,0.4098820686340332,0.029236873810016762,0.027124881744384766,0.020566290536147825,12,1.06,0.020000000000000004
0.00024054991648002252,0.003067788375746557,0.004106664309150624,43.85248160362244,0.0008464509920462843,0.8910551071166992,0.001455095423706321,0.9938979148864746,0.011949226203909228,0.5458166599273682,0.022937621644459984,0.03672647476196289,0.025191152978050635,13,1.06,0.020000000000000004
0.00014051711879252695,0.0018131039773968461,0.0018413583675451946,23.551904678344727,0.0017094888966011784,0.600663423538208,0.0009739339294117336,0.6806912422180176,0.012760929156610082,0.5615694522857666,0.0211343576902693,0.03393697738647461,0.027674298601167036,14,1.06,0.020000000000000004
0.00044819073992330427,0.001642187985271685,0.002284050520397511,31.681193828582764,0.0012034281804567484,0.816673994064331,0.001106361962042938,0.9645233154296875,0.0033132594681638617,0.5366878509521484,0.03378318561701461,0.03408408164978027,0.0163063240281901,15,1.06,0.020000000000000004
0.0003995213462313574,0.0011063599025527894,0.0017021141996130178,44.57186532020569,0.0011337854692557105,0.8507344722747803,0.0011432822906217205,0.9820795059204102,0.019164600688329488,0.42496681213378906,0.028967046050546563,0.04580497741699219,0.039934194438935616,16,1.06,0.020000000000000004
0.0005360753669477451,0.001856762471173301,0.0024865925781719497,30.409168481826782,0.0015263669852132308,0.757011890411377,0.0014811850887091582,0.8350749015808105,0.007756443094554884,0.3915567398071289,0.01534295028486917,0.03830289840698242,0.02383927684952878,17,1.06,0.020000000000000004
0.0003715245711917096,0.0013837820069885136,0.0018220913740182052,22.766072511672974,0.001002940992122873,0.6864490509033203,0.0010159581864033428,0.8072988986968994,0.00585078198506761,0.4823284149169922,0.4131802736355521,0.055071115493774414,0.024612729278556074,18,1.06,0.020000000000000004
0.00017937148665291648,0.0019216854173597752,0.0019502137511611894,22.462623596191406,0.0010641441627998885,0.6852543354034424,0.0007912102063388845,0.8195347785949707,0.004706118277216284,0.41887664794921875,0.03799374318863248,0.04436302185058594,0.013767186426400676,19,1.06,0.020000000000000004
0.00020161064139972615,0.0019993956903371136,0.001241815364572137,45.992112159729004,0.0005346827098225463,0.8409299850463867,0.0005479154494793562,0.9483065605163574,0.007703639813953338,0.41179633140563965,0.02295970175439878,0.056684255599975586,0.015245298711345107,20,1.06,0.020000000000000004
0.0004538590857219527,0.001691613408066613,0.0026038791898162087,48.5678334236145,0.0011090682803898799,0.7113277912139893,0.001089261337173153,1.0743145942687988,0.005496412583338269,0.5616269111633301,0.015894435021556585,0.04922914505004883,0.024392877053899177,21,1.06,0.020000000000000004
0.0006458114306640673,0.0011044723217676022,0.0012617326355914653,47.67308163642883,0.0007435555436932824,1.1103084087371826,0.0005743772858946303,1.2624287605285645,0.0028013916129598984,0.5665726661682129,0.11146691753276486,0.03456282615661621,0.029111735628829172,22,1.06,0.020000000000000004
0.03680822328933128,0.029023951014231535,0.05035642102571751,24.03967022895813,0.001635796929423039,1.1585693359375,0.0016535691402197535,1.3204047679901123,0.0030170137287071075,0.5087003707885742,0.07555548698766498,0.04526829719543457,0.016683435623246277,23,1.06,0.020000000000000004
0.00016787279371004437,0.0014075943600170503,0.001243816632815024,28.583015203475952,0.0010042575496398125,0.800605058670044,0.0004826430388529553,0.9368438720703125,0.006723705404616878,0.47463202476501465,0.009233844585881855,0.03846430778503418,0.008250724354844804,24,1.06,0.020000000000000004
0.00023100280400383997,0.0032045853482644067,0.00469217899271784,29.958059310913086,0.0008894377077734402,0.8126072883605957,0.001005695494540452,1.0258510112762451,0.026163020204776344,0.39889049530029297,0.03515458972138335,0.04218912124633789,0.025769904760269535,25,1.06,0.020000000000000004
0.0001362264218863392,0.0012614858144617122,0.0020325641337331983,47.97796845436096,0.0012379788572130623,1.0624823570251465,0.001130019695884384,1.2533812522888184,0.009808573981871169,0.5091245174407959,0.023576171891176303,0.038622140884399414,0.02121300601927299,26,1.06,0.020000000000000004
0.00016924560572799673,0.0012330064166227986,0.0018858350540640297,26.199239015579224,0.0012396047447212233,0.8792092800140381,0.0005368615372295013,1.0350534915924072,0.03370403001804181,0.42767333984375,0.05715056100224375,0.03948616981506348,0.039980863033117105,27,1.06,0.020000000000000004
0.00014615667088181035,0.00199670650426107,0.0021062668599605852,23.87322425842285,0.0008084312456100601,0.9386112689971924,0.0009040054656919075,1.130314826965332,0.005161337828690637,0.6443145275115967,0.011216383181873495,0.039887189865112305,0.01963265064556045,28,1.06,0.020000000000000004
0.00022001285784118232,0.0015153695757792462,0.001806035171583483,18.51121687889099,0.0009045358133304019,0.771770715713501,0.0007406001121000871,0.8821642398834229,0.004526412215544344,0.5521795749664307,0.026738582229802965,0.04057002067565918,0.02232165926893853,29,1.06,0.020000000000000004
0.00043091983697033005,0.021463482941463496,0.015807143255793004,38.876503705978394,0.0021040427772275844,0.6787853240966797,0.0014019457734826342,0.9000027179718018,0.023537887670489914,0.3343315124511719,0.13676658328453808,0.03580737113952637,0.03173974805707505,0,1.09,0.030000000000000006
8.972683414865864e-05,0.0035979267472231236,0.003844597475159591,35.6483588218689,0.0024912218475187766,0.5350844860076904,0.00117698236710518,0.8342764377593994,0.022940118459070416,0.4407052993774414,0.1834600983425061,0.03967547416687012,0.011585384363071003,1,1.09,0.030000000000000006
0.00018339568434039649,0.0027040418981298347,0.002066870568644526,42.345598459243774,0.0006667832040060829,0.7799892425537109,0.0005988360316664906,0.9511270523071289,0.009117585191041732,0.4715731143951416,0.20940172309175492,0.03144979476928711,0.012722698267765193,2,1.09,0.030000000000000006
7.51862072504957e-05,0.002687732542837444,0.002614316733281987,44.491079807281494,0.002428422308911819,0.6353764533996582,0.0008118930020804882,0.8412456512451172,0.014746644915145286,0.40331530570983887,0.10374760275204539,0.049619436264038086,0.020644550099435673,3,1.09,0.030000000000000006
7.905235862437632e-05,0.005073942067137072,0.0037884918985115978,29.66684103012085,0.0012508942345571686,0.6063711643218994,0.0007791764772500616,0.8321726322174072,0.009733643512134297,0.33264946937561035,0.10226037040707384,0.03745555877685547,0.012163904162958924,4,1.09,0.030000000000000006
0.00017846025682856462,0.0024196380312799803,0.0024988601258373803,38.107682943344116,0.0006776794484638268,0.9289050102233887,0.0005866932518799883,1.1088449954986572,0.0064458461004618245,0.5606198310852051,0.14875116175276865,0.03957033157348633,0.03222197500830963,5,1.09,0.030000000000000006
0.009780672060379662,0.03974451964425736,0.06486855517033836,24.989518404006958,0.0013146761031456327,0.8991146087646484,0.000568328136945014,1.1157679557800293,0.02085921048632904,0.44989490509033203,0.11185353990083127,0.039553165435791016,0.017813818565092093,6,1.09,0.030000000000000006
0.00011244375240737625,0.003957105012148165,0.00400075704272671,28.49817204475403,0.0032084190353410514,0.4979245662689209,0.0005950870321075922,0.838083028793335,0.035331555010723305,0.30470943450927734,0.30381530634819154,0.039522409439086914,0.02100008947384815,7,1.09,0.030000000000000006
0.00010135443268843118,0.0015653601937953472,0.002169677552493421,41.20897030830383,0.0037521755824400094,0.8174829483032227,0.0005039764792558485,1.0076985359191895,0.061317984135928316,0.4679226875305176,0.1668996997885667,0.04480934143066406,0.037557125274325184,8,1.09,0.030000000000000006
8.489407791874755e-05,0.0035595697269272955,0.005165476561131232,35.776883363723755,0.000985826764041109,0.638878345489502,0.0006369482200883662,0.8818068504333496,0.014280812010046088,0.32682132720947266,0.161601494125947,0.054128408432006836,0.011172982193694158,9,1.09,0.030000000000000006
0.0001773178709261784,0.0023593294660735785,0.004321351965379217,30.23350977897644,0.0007935254528006104,0.8030240535736084,0.0005106611966543274,0.983253002166748,0.008467888251553424,0.3116748332977295,0.06249139741000438,0.04758620262145996,0.015712661165510698,10,1.09,0.030000000000000006
0.00022297053835969768,0.0020099477044108007,0.0024885845804628807,40.23793435096741,0.00139752934425883,0.8303897380828857,0.0010361901751512784,1.1558878421783447,0.00495155812542399,0.700286865234375,0.023343255894505293,0.04521036148071289,0.02032856685127183,11,1.09,0.030000000000000006
0.049789769454957375,0.0024989796256473795,0.0030807871081233134,47.46217489242554,0.0023480044990269603,0.7197911739349365,0.0008568181249218579,0.9648635387420654,0.011399996238286105,0.3606131076812744,0.08719623696203592,0.03513908386230469,0.01881781108039094,12,1.09,0.030000000000000006
0.00015627717420745312,0.002902311674991746,0.003303646709358869,47.05554485321045,0.0008515810141018099,0.7675459384918213,0.0014241667336148882,0.9411330223083496,0.015382474237731994,0.42253780364990234,0.024678016565013425,0.04715442657470703,0.023243396771501525,13,1.09,0.030000000000000006
0.00011336615811317803,0.00315920220129966,0.0019320295200860981,26.456458568572998,0.0038444266822406834,0.5420577526092529,0.001782262777708151,0.6543323993682861,0.025010221163634706,0.4656248092651367,0.05276801852306802,0.039105892181396484,0.02930407434336841,14,1.09,0.030000000000000006
0.0002284467502677042,0.001757085849022655,0.0024789169444465373,31.819326877593994,0.0008991111582765665,0.6708860397338867,0.0006911504622175935,0.8463270664215088,0.005239545677395366,0.47144007682800293,0.08894486834560139,0.04073047637939453,0.014170825222618946,15,1.09,0.030000000000000006
0.0002560089154583241,0.0016115880177510829,0.0019510227658983434,44.12077450752258,0.000904143799987119,0.759467363357544,0.0007918922257042899,0.911217212677002,0.029246440616461023,0.4379894733428955,0.049726356496499785,0.03281259536743164,0.03666920042443226,16,1.09,0.030000000000000006
0.00027614512910275983,0.0024874516813836677,0.0027676139617605956,31.646923780441284,0.0010075724551890544,0.6421136856079102,0.0010834612826567131,0.8075528144836426,0.013084383292665319,0.5930006504058838,0.031012168311818567,0.03546953201293945,0.023114738490953548,17,1.09,0.030000000000000006
0.00019110307487884743,0.002543041526925993,0.003138210197396146,28.09791874885559,0.0013124939538200116,0.6202132701873779,0.0008467685005642064,0.8280093669891357,0.014900908280143638,0.4893982410430908,0.416665207036108,0.03949689865112305,0.021877282810707367,18,1.09,0.030000000000000006
9.72839095657448e-05,0.0030845588002222555,0.003146418999556629,24.913159132003784,0.0013123006660418286,0.6178805828094482,0.0006522653044265396,0.7918951511383057,0.010324770820552342,0.3588218688964844,0.3308510752139363,0.053491830825805664,0.01145384070499984,19,1.09,0.030000000000000006
0.00011069766232998379,0.0030849110764000543,0.0012930794483131873,38.538474798202515,0.0006550513712616576,0.7200865745544434,0.0007914200213528769,0.9179818630218506,0.01662697613311229,0.3835010528564453,0.10053947646240594,0.04569196701049805,0.01463167920339863,20,1.09,0.030000000000000006
0.00025566465905901836,0.002114145491007798,0.003769917707119434,44.55143594741821,0.0010191393970459578,0.6330676078796387,0.0006595424281922465,1.0117106437683105,0.009531040143271196,0.22063231468200684,0.23635543971250508,0.04859447479248047,0.018085127261091814,21,1.09,0.030000000000000006
0.0007554229968437465,0.0016489398399988234,0.0014140321769800105,47.39256238937378,0.0007725682715373327,0.9891183376312256,0.00040704615055756993,1.2262709140777588,0.005986799935190409,0.5548410415649414,0.1402186323484096,0.03150320053100586,0.02528701790534412,22,1.09,0.030000000000000006
0.02235804479482663,0.0380651932953613,0.07414409962663651,39.474236488342285,0.0014549848111095425,1.1038963794708252,0.0014549848111095425,1.3477942943572998,0.0045434972774831845,0.509695291519165,0.15490160617366752,0.05193209648132324,0.016427590315350675,23,1.09,0.030000000000000006
0.00010168843371933061,0.004236689011064154,0.003026995746814213,35.447185754776,0.0022621415569220294,0.7660007476806641,0.00067583429121952,0.9496591091156006,0.017174411233819346,0.4433567523956299,0.09917761961523452,0.03202700614929199,0.00717372611692179,24,1.09,0.030000000000000006
0.00015170589580408843,0.0036743356572269607,0.005531794893103392,37.344268560409546,0.0025651137113434997,0.7103993892669678,0.0003713222680515364,0.8917825222015381,0.0525646147247689,0.41329216957092285,0.104541202812201,0.030781030654907227,0.026681938025791475,25,1.09,0.030000000000000006
6.66249796372457e-05,0.0027930854048575427,0.0037415461495125795,39.494467973709106,0.002024076820716377,1.0197746753692627,0.0012571301967222153,1.1895112991333008,0.016935071635287683,0.4601140022277832,0.04091640536827677,0.03628087043762207,0.018689013950490753,26,1.09,0.030000000000000006
0.00011268207261617332,0.002087510715393215,0.0017260118350490201,32.06633687019348,0.0026933066290125113,0.8225631713867188,0.00037441816588352773,0.9638872146606445,0.048648877956604955,0.346834659576416,0.09374238392212544,0.035010337829589844,0.040894050322628286,27,1.09,0.030000000000000006
8.486817909966563e-05,0.0027986736482497497,0.0022593290208905584,27.961410522460938,0.0009331948438827231,0.8555750846862793,0.0011870729296696932,1.1107704639434814,0.009861643655655792,0.5634627342224121,0.009782905336709417,0.05100274085998535,0.017503306657986155,28,1.09,0.030000000000000006
0.00012042610874486067,0.0021737108164268846,0.0023795535774806587,21.5543954372406,0.0010829940607956982,0.6920619010925293,0.00051267272619094,0.8398115634918213,0.009013050642227089,0.41892361640930176,0.052578802168091,0.03772902488708496,0.018259546394735992,29,1.09,0.030000000000000006
0.00030051986765539476,0.007740550388917011,0.004244602572445104,39.359110832214355,0.003445264765018289,0.6193621158599854,0.0014734810751615719,0.8923342227935791,0.041625802154111054,0.35915589332580566,0.3653223688839715,0.03690648078918457,0.029481139945891237,0,1.12,0.04000000000000001
7.595498733244573e-05,0.005626106933846487,0.00610558318444836,37.26553297042847,0.005651091561065099,0.4730663299560547,0.0020994608737446557,0.7699975967407227,0.0574632749449817,0.4641304016113281,0.22081150571552052,0.05347847938537598,0.014193871884205853,1,1.12,0.04000000000000001
9.391174388956685e-05,0.004790073937689006,0.002027576269312857,39.75182390213013,0.0008461477535265901,0.7209906578063965,0.0007463288063273085,0.9198169708251953,0.020787360424125673,0.47190213203430176,0.22550981979451173,0.036919355392456055,0.011077783091741188,2,1.12,0.04000000000000001
0.005634138517465711,0.05231107301837644,0.06763473358272512,47.87064504623413,0.005554054083329688,0.5819439888000488,0.001924502158393408,0.8310058116912842,0.03252160775226427,0.3616011142730713,0.1539763095328605,0.03229260444641113,0.017141912992415454,3,1.12,0.04000000000000001
8.220515115805091e-05,0.007956400545548477,0.005106276261614035,30.049564599990845,0.003270822521632717,0.5973420143127441,0.0016285727828613706,0.8196053504943848,0.02798091036445014,0.4064056873321533,0.4413026652808901,0.0353388786315918,0.01078299347134595,4,1.12,0.04000000000000001
0.00013786365532808545,0.0030779431024165584,0.004598932121631473,40.698214530944824,0.0009712249607066809,0.8620460033416748,0.0006328383127626476,1.1024322509765625,0.012924052404371302,0.5797853469848633,0.269372851049858,0.05992889404296875,0.027471231911686555,5,1.12,0.04000000000000001
0.0001433792818768579,0.004469735030571946,0.004134100754192397,30.329302310943604,0.00168604384422207,0.797086238861084,0.0005550076468341677,1.1127426624298096,0.04027658593005105,0.434617280960083,0.28305815039281323,0.04044961929321289,0.01712037403868815,6,1.12,0.04000000000000001
9.854552593226983e-05,0.007188893484254037,0.005218128833789861,33.800126791000366,0.004846012501375225,0.46742749214172363,0.0008895316293441016,0.8410649299621582,0.08569658127188623,0.30559659004211426,0.28152126656863397,0.0542147159576416,0.019347460738461084,7,1.12,0.04000000000000001
0.00010913712606456609,0.00200515933300256,0.0036396693071821104,44.88224220275879,0.007868533819542643,0.7603087425231934,0.0009333458650172766,0.9785337448120117,0.07898191194852025,0.4183847904205322,0.2082009033920697,0.034416913986206055,0.03923987564003487,8,1.12,0.04000000000000001
5.673801478478513e-05,0.0043022510739587185,0.0033224236326562574,37.334269762039185,0.0029677531962726414,0.5594067573547363,0.0009957053020454168,0.840360164642334,0.06196837063330725,0.3446676731109619,0.3238745687299926,0.03762984275817871,0.01007503713534461,9,1.12,0.04000000000000001
0.00011838014012034808,0.0035616231905558847,0.0049683699849850365,49.0993447303772,0.0006745664403017789,0.7253730297088623,0.0005158444383228433,0.9451606273651123,0.013871197569992324,0.26770782470703125,0.13652023474357597,0.046140432357788086,0.016328690967124974,10,1.12,0.04000000000000001
0.00017545239161089002,0.0038226330908817255,0.0028305733938338647,49.741201639175415,0.0015580178116549731,0.791038990020752,0.0010438569811360267,1.1226532459259033,0.007403375586205556,0.612293004989624,0.029645273386412718,0.04914522171020508,0.018652061702032537,11,1.12,0.04000000000000001
0.06155594748698016,0.0036735602474021966,0.018137698164455558,49.68553638458252,0.0040930060708729505,0.6761279106140137,0.0006255127370972558,0.9096484184265137,0.01904847013792032,0.30120182037353516,0.09949563158287109,0.044249773025512695,0.01703960093971194,12,1.12,0.04000000000000001
0.00020685040783501306,0.004860211692650326,0.00601701112681076,44.20012640953064,0.001005488983952644,0.7400753498077393,0.0012118228224100136,0.9224503040313721,0.018026950425295764,0.391284704208374,0.032636839823199315,0.04479575157165527,0.02453766529510453,13,1.12,0.04000000000000001
0.0001497860572089893,0.004533629560251887,0.002112114100235089,36.02592992782593,0.009699810850003435,0.5141055583953857,0.0032392989299709616,0.6545281410217285,0.04837409769805251,0.40210437774658203,0.17680620207346595,0.04753708839416504,0.04218711866453474,14,1.12,0.04000000000000001
0.00021302423529223624,0.003903758420966567,0.004334323553543723,45.07261300086975,0.0012264336874165133,0.6607174873352051,0.0008241983439816561,0.8558511734008789,0.00893784545423301,0.4678165912628174,0.13482386087066323,0.036855220794677734,0.012602696530390447,15,1.12,0.04000000000000001
0.0002983031947485208,0.001215225458244055,0.003418094059710123,44.81787180900574,0.0010181414636712962,0.700124979019165,0.0012278246085565714,0.9036860466003418,0.042774102725181715,0.4337937831878662,0.1631915699581836,0.0342404842376709,0.0343878726054969,16,1.12,0.04000000000000001
0.00020899128145779322,0.0051519662743684394,0.004152079982630934,43.427106618881226,0.0008996383326146162,0.6383407115936279,0.0009585839644495664,0.825869083404541,0.01885375019277423,0.5236389636993408,0.18790518556167854,0.03687715530395508,0.023640547513245985,17,1.12,0.04000000000000001
0.00015762538034399902,0.003587386024789622,0.004354468498897749,34.1700918674469,0.0011559857864098153,0.6454956531524658,0.0011799413255528062,0.8588318824768066,0.036311131800419505,0.4766266345977783,0.3501909464610765,0.04242968559265137,0.01999441607015539,18,1.12,0.04000000000000001
7.021777604886056e-05,0.0038623578944898835,0.005848323292145324,30.067096710205078,0.002346956057805579,0.6357207298278809,0.001247004784337539,0.809901237487793,0.01851797815624248,0.3613896369934082,0.363189243945232,0.034990549087524414,0.011332179884716988,19,1.12,0.04000000000000001
8.372843407482568e-05,0.004563273667270214,0.0020679455102585276,43.78486752510071,0.0010127925132673947,0.6974506378173828,0.0010526723420574815,0.9205479621887207,0.0359770493681023,0.38452911376953125,0.3224954040265334,0.03845334053039551,0.012589075902147247,20,1.12,0.04000000000000001
0.00015855357347055826,0.0037420005326010753,0.004672104349076856,45.10204267501831,0.0013407426822025078,0.6090052127838135,0.0007406833350598773,0.9988346099853516,0.01721925599036648,0.219404935836792,0.3649884574062639,0.03723502159118652,0.015164513485298991,21,1.12,0.04000000000000001
0.009603411043401084,0.0025861379682242,0.004198607666339003,48.12672734260559,0.001481355937963961,0.882314920425415,0.0004970712759995092,1.1184730529785156,0.011644274478132512,0.47407054901123047,0.21705367884991844,0.04405403137207031,0.02255569408224552,22,1.12,0.04000000000000001
0.037941830999859406,0.07889968903451997,0.02265193440541125,38.77577877044678,0.0013742249642192616,1.0155789852142334,0.0013742249642192616,1.3140671253204346,0.007315054765246765,0.4641532897949219,0.20156880680531625,0.03876829147338867,0.015866249446785628,23,1.12,0.04000000000000001
7.402446593733161e-05,0.00602183242187501,0.002041832242342406,38.744457483291626,0.003935429795565544,0.7182157039642334,0.0006569696692645622,0.924344539642334,0.03340883145710893,0.41092848777770996,0.25242525140271777,0.0533449649810791,0.007046119044937733,24,1.12,0.04000000000000001
0.00012979635327035053,0.004828353936801714,0.006653223263325288,38.045042991638184,0.00598604290415119,0.6181845664978027,0.0007400300034750451,0.8739538192749023,0.12856593477892295,0.5452954769134521,0.20493120158105232,0.035666465759277344,0.03939880494180055,25,1.12,0.04000000000000001
0.00019412756524521678,0.005367852034080537,0.005862974090163636,47.65152716636658,0.003469368182197896,0.9432861804962158,0.0011274764631000966,1.2294895648956299,0.031088578073766488,0.39559316635131836,0.1484868218072801,0.03320884704589844,0.0189545078152061,26,1.12,0.04000000000000001
0.0001055396844285313,0.0028045068565879737,0.0024731910580171397,34.298707485198975,0.006448311336711451,0.7577018737792969,0.000953316729419192,0.9858508110046387,0.07747937259889313,0.322650671005249,0.18072246739777817,0.048859596252441406,0.04881374225401862,27,1.12,0.04000000000000001
5.3846897853622924e-05,0.004212746481297162,0.0022364346918326544,35.475300788879395,0.0013795118215986482,0.8922238349914551,0.0014477302606776378,1.1237363815307617,0.019799163340183612,0.5128471851348877,0.018557086882850248,0.03693366050720215,0.018071969461494274,28,1.12,0.04000000000000001
9.851844116838628e-05,0.003652594647376854,0.004021841211757418,23.136810064315796,0.0017232806677697366,0.6316831111907959,0.0004264688060962177,0.8132796287536621,0.01845863826008041,0.3477036952972412,0.12408417236270805,0.035445451736450195,0.016215429521657304,29,1.12,0.04000000000000001
0.0003408309527550335,0.025135340387334063,0.01783854344924583,45.52157139778137,0.005078089110245987,0.5965876579284668,0.0014656312692619133,0.8257381916046143,0.07814360304505734,0.3835568428039551,0.455242602624236,0.051154136657714844,0.028754958923935398,0,1.1500000000000001,0.05000000000000001
8.631927415092555e-05,0.010828408715145076,0.008158308494609611,39.738171339035034,0.0105343908408248,0.4206821918487549,0.001590951776734554,0.7393794059753418,0.14019801661508544,0.2948019504547119,0.33159603562780354,0.046770334243774414,0.031155152922078606,1,1.1500000000000001,0.05000000000000001
9.337328827856427e-05,0.007458323567673108,0.002567482118825047,47.87515068054199,0.0014130513927407568,0.6374766826629639,0.0011319403051659386,0.9055895805358887,0.047231209153737685,0.47293877601623535,0.2568905859516206,0.058318138122558594,0.01044278704879719,2,1.1500000000000001,0.05000000000000001
0.004649912118649542,0.06383779023780178,0.08647421003206054,44.941399812698364,0.010252245558157461,0.5610923767089844,0.003403416818428232,0.8273453712463379,0.07467303588962762,0.41391563415527344,0.2688332332237212,0.06374573707580566,0.015611016597113494,3,1.1500000000000001,0.05000000000000001
6.338853385639e-05,0.01201165542239074,0.006668837099150176,31.384049654006958,0.005417572681101094,0.5434973239898682,0.0019691202606938536,0.8033642768859863,0.10997622096542647,0.4544191360473633,0.5531822370441515,0.034479618072509766,0.011054880725180283,4,1.1500000000000001,0.05000000000000001
9.70976493737193e-05,0.005027895869366183,0.007553748433452583,43.7418155670166,0.002123338126856966,0.8288156986236572,0.0016821194749770212,1.1275277137756348,0.022375198197878685,0.5476598739624023,0.21362235169915147,0.036405324935913086,0.02337046856382643,5,1.1500000000000001,0.05000000000000001
0.00012133458643219797,0.006036502149910828,0.005898655619847753,27.189367294311523,0.002543692242654738,0.7929773330688477,0.0006415458083068057,1.1898438930511475,0.07011189801431797,0.44427490234375,0.31293180943991766,0.04191327095031738,0.018098440338355535,6,1.1500000000000001,0.05000000000000001
9.061813783330929e-05,0.010227452185661227,0.006958233969439321,35.12796354293823,0.0051028631905764375,0.46190738677978516,0.0014300133103451128,0.8332509994506836,0.21269441259645303,0.45513343811035156,0.3549141969402928,0.043737173080444336,0.018481293373881828,7,1.1500000000000001,0.05000000000000001
0.00014159932693254734,0.001385285616779175,0.007495140239691536,48.536426067352295,0.012541678190167271,0.6673855781555176,0.001493380489841985,0.8923795223236084,0.0921343343412607,0.32039356231689453,0.399632685465089,0.04496288299560547,0.09928989155656305,8,1.1500000000000001,0.05000000000000001
5.525123249311055e-05,0.007695245369618704,0.004626458736853982,33.73875141143799,0.004102216539790652,0.5061855316162109,0.0011968574639314481,0.7893996238708496,0.2612638675978964,0.6442000865936279,0.3673462239264663,0.08020687103271484,0.012074586709619679,9,1.1500000000000001,0.05000000000000001
0.00010442061750900823,0.005496504756733482,0.008072953619351252,45.635783195495605,0.00059853591804561,0.6738927364349365,0.00046511345753832425,0.9175834655761719,0.02683937327092098,0.2263176441192627,0.24669632986940368,0.02964305877685547,0.014929092091660979,10,1.1500000000000001,0.05000000000000001
0.00013193530478457688,0.0032148678296595474,0.006170569122409165,48.306610107421875,0.0021092024332567995,0.7716588973999023,0.0013395691256457012,1.185182809829712,0.011477318632162555,0.664074182510376,0.041450170879257286,0.03087902069091797,0.017991283414679645,11,1.1500000000000001,0.05000000000000001
0.051527293458218035,0.0033931681721445744,0.019911292661090485,50.13540244102478,0.006231436568331235,0.6625368595123291,0.0008756037942836562,0.9506945610046387,0.03669599459599736,0.2668616771697998,0.11310682060446031,0.05290865898132324,0.016153641402270966,12,1.1500000000000001,0.05000000000000001
0.00022400406537224083,0.008255718899682041,0.006130534968500408,50.054659843444824,0.001447882219526068,0.6858367919921875,0.0018799473842402363,0.9112331867218018,0.020826895567327624,0.34038496017456055,0.051614978278116765,0.041066884994506836,0.02791769779379758,13,1.1500000000000001,0.05000000000000001
0.00020453724949701284,0.005207268603342345,0.0041976389861625935,28.313676357269287,0.011691161027427184,0.49709486961364746,0.0032120609223028327,0.6688668727874756,0.0840359323086995,0.33574867248535156,0.25335693089924866,0.057715415954589844,0.07754453412274268,14,1.1500000000000001,0.05000000000000001
0.00024214638481842395,0.006950082260510252,0.004777232754990437,49.25139117240906,0.0016747112877894877,0.635183572769165,0.0007281347245675343,0.8621273040771484,0.013458951883937345,0.44166111946105957,0.12590015462771892,0.03497767448425293,0.011351806411450697,15,1.1500000000000001,0.05000000000000001
0.0003311640648356873,0.001510011820913526,0.0021469070169692194,44.9980046749115,0.0011090794575929022,0.686901330947876,0.0011091594625044275,0.9211983680725098,0.05547519361994916,0.41373610496520996,0.29317779887735707,0.0436861515045166,0.032152314899385095,16,1.1500000000000001,0.05000000000000001
0.00015128941447475338,0.007855439536420672,0.0056745197333370485,47.76062488555908,0.000955343594664678,0.5922157764434814,0.0011675553042429878,0.7896130084991455,0.033609811678938575,0.5685391426086426,0.21942914326871255,0.03907132148742676,0.0222333582587377,17,1.1500000000000001,0.05000000000000001
0.00012649206842160567,0.004905922499203186,0.005953260925101875,28.70723557472229,0.0011374730077798952,0.5825233459472656,0.00132635576708063,0.7838969230651855,0.0837718244369417,0.5481045246124268,0.3273851050121891,0.03495025634765625,0.021239037112486616,18,1.1500000000000001,0.05000000000000001
7.087163066767191e-05,0.0077898772254969845,0.008019518028078189,29.441191911697388,0.0035370806510035325,0.5284130573272705,0.001531520064612435,0.7200913429260254,0.029188027014257496,0.24447345733642578,0.3369784822767897,0.03440070152282715,0.011906667713201622,19,1.1500000000000001,0.05000000000000001
7.844883820021427e-05,0.008158686507706866,0.004284761485252712,48.819236040115356,0.0018954032391177655,0.656771183013916,0.001026078598441704,0.8963789939880371,0.1536684407841778,0.3269040584564209,0.4309358237720651,0.03163576126098633,0.011404912462826777,20,1.1500000000000001,0.05000000000000001
0.0002648315630732645,0.005647499873253873,0.006524395055979381,49.468727350234985,0.0017952588193334527,0.5965628623962402,0.000874201579904558,1.07271146774292,0.03930363413247644,0.43225741386413574,0.37205504120990596,0.04454517364501953,0.012772538739959552,21,1.1500000000000001,0.05000000000000001
0.0026755721617819283,0.004076953868939034,0.0026653277061075304,49.627663135528564,0.0024928203463413954,0.8027105331420898,0.0007185179945221091,1.0715479850769043,0.02266391871397108,0.43370604515075684,0.19611101012759966,0.0404200553894043,0.021001773404315936,22,1.1500000000000001,0.05000000000000001
0.0001666006551065043,0.0030797737048085714,0.0031476838139830117,49.37955021858215,0.001335020700701661,0.9762296676635742,0.001336065622637809,1.41019606590271,0.010958635965663814,0.4405479431152344,0.3145921811706206,0.03631424903869629,0.015609471329150507,23,1.1500000000000001,0.05000000000000001
6.123355152019006e-05,0.01066683513682071,0.0028557910433108487,44.520137548446655,0.005508020038805564,0.668708086013794,0.000732993509410688,0.9142305850982666,0.0799434890944853,0.35857176780700684,0.25985113077213307,0.04408597946166992,0.006541279035083702,24,1.1500000000000001,0.05000000000000001
0.00016798459650645784,0.005776930251257362,0.010185499444090371,45.670469760894775,0.015957885544605265,0.5555746555328369,0.0013571971973024585,0.8570327758789062,0.09912209940569816,0.690192699432373,0.16403437965408435,0.04508066177368164,0.03992045186995981,25,1.1500000000000001,0.05000000000000001
0.0008367387060183029,0.008020370503875303,0.00678890025474563,46.101672410964966,0.005643968545036919,0.8173370361328125,0.0011745626663016188,1.1379361152648926,0.06246262130460115,0.35335564613342285,0.1431016194978896,0.04893970489501953,0.021804504813722144,26,1.1500000000000001,0.05000000000000001
0.00013730374150836924,0.004526397828600833,0.00406983037451672,43.49027419090271,0.010398682369305167,0.7061657905578613,0.0013465429393831369,0.960029125213623,0.16601709432890382,0.43714284896850586,0.35442445349578167,0.05010581016540527,0.07832739473331042,27,1.1500000000000001,0.05000000000000001
5.6484039625992466e-05,0.005926810530346938,0.0037775037086181674,33.97412133216858,0.0017715226612866693,0.8003075122833252,0.0018819336954697247,1.0881881713867188,0.03433516603092239,0.5030438899993896,0.03960396693417158,0.04186439514160156,0.021755621743773015,28,1.1500000000000001,0.05000000000000001
6.754290804928213e-05,0.006701698854842123,0.005266230477049131,23.567157745361328,0.002642661445563843,0.621436595916748,0.0007863005588118587,0.8339765071868896,0.035995350142737734,0.3604161739349365,0.12935450579789784,0.03706073760986328,0.018857031264246146,29,1.1500000000000001,0.05000000000000001
0.00025171638606928204,0.016238909696001287,0.007993147173069308,48.774303913116455,0.007547104323659948,0.5976512432098389,0.0012821474681587268,0.8110740184783936,0.16986431993051015,0.5133762359619141,0.3082968710799588,0.0505528450012207,0.03153345002837489,0,1.1800000000000002,0.06000000000000001
8.525944397344738e-05,0.017101389866747616,0.010001305750494498,39.68629717826843,0.013959047860358042,0.5169827938079834,0.003381374316130407,0.8142859935760498,0.08790356613408444,0.32433104515075684,0.33317167671908265,0.03831744194030762,0.02408541838471431,1,1.1800000000000002,0.06000000000000001
9.322787686339614e-05,0.011145991812756832,0.0032656845332330476,46.550533294677734,0.0018701153244018297,0.6230752468109131,0.0013608883050650815,0.8892226219177246,0.13322724799362684,0.44864606857299805,0.27406679557602975,0.027927875518798828,0.011220766979790155,2,1.1800000000000002,0.06000000000000001
0.005098293149483009,0.06287334458803621,0.0973266792774789,45.9317741394043,0.014872946378649759,0.5158438682556152,0.004227096214476581,0.7820088863372803,0.15716552740454887,0.636563777923584,0.3192256010653867,0.0503697395324707,0.016459622123728902,3,1.1800000000000002,0.06000000000000001
6.640066810676231e-05,0.016958648673400103,0.012591614166128017,32.76890015602112,0.006528532390736171,0.5253698825836182,0.0021796321641874986,0.7801101207733154,0.07227348468636738,0.4567568302154541,0.4981168573496809,0.04078936576843262,0.013391666923791012,4,1.1800000000000002,0.06000000000000001
9.534114616844834e-05,0.008364940445820205,0.007549529922872908,49.031574964523315,0.002801161606141204,0.8432698249816895,0.0018370769110084063,1.152486801147461,0.027851816890838092,0.475449800491333,0.16888304109756527,0.04567313194274902,0.020608677759343948,5,1.1800000000000002,0.06000000000000001
0.0001607185600739358,0.009880598695247727,0.009277945234737699,42.05414414405823,0.0027263506085315912,0.7769925594329834,0.000949662839505816,1.1351163387298584,0.10958296272081,0.3809370994567871,0.3879922585233175,0.059081315994262695,0.020172534159220636,6,1.1800000000000002,0.06000000000000001
7.651304610634124e-05,0.014501447965346515,0.011102622829931998,31.54309058189392,0.008030677305619318,0.43707776069641113,0.0029845014464985626,0.8528387546539307,0.24349301047723454,0.8459534645080566,0.3134972616135712,0.05482792854309082,0.029206103542860955,7,1.1800000000000002,0.06000000000000001
0.00017640650339820763,0.0060319180089371946,0.008330330911737866,40.21721339225769,0.014341789356858325,0.5581953525543213,0.0020054505683561783,0.7898316383361816,0.15144608189754516,0.3468492031097412,0.36427630385352366,0.04056429862976074,0.094836605127089,8,1.1800000000000002,0.06000000000000001
8.376830418129386e-05,0.010105819819906998,0.005069174566131729,38.548999547958374,0.007145805170822572,0.4805293083190918,0.0020459717936454442,0.7665584087371826,0.4098946360194174,0.6952438354492188,0.39444711972144514,0.03265786170959473,0.015341837226797722,9,1.1800000000000002,0.06000000000000001
0.00013401511908981423,0.007841446765581288,0.011262306691204264,45.80996251106262,0.000681613294168093,0.639087438583374,0.0004958708762482351,0.9188263416290283,0.10643190122825745,0.36063075065612793,0.36278390123775933,0.0368952751159668,0.014764300206726602,10,1.1800000000000002,0.06000000000000001
8.487665407287033e-05,0.002463450284551083,0.00784070453570527,49.54887104034424,0.002811439625679113,0.748528003692627,0.0017532959781313786,1.1698613166809082,0.018813306936806908,0.6490752696990967,0.05647145817793686,0.05083298683166504,0.016582190340296628,11,1.1800000000000002,0.06000000000000001
0.07659623657993729,0.008880763350111832,0.027737388497841665,46.84785485267639,0.010196845209995396,0.6601190567016602,0.0008095783838176329,0.9181327819824219,0.07913726060500584,0.224259614944458,0.15232955484704594,0.034288644790649414,0.016343439459012215,12,1.1800000000000002,0.06000000000000001
0.0001488189184358927,0.010611384449957099,0.0059383878491733304,49.59553098678589,0.0015037104846642297,0.6941361427307129,0.0018079599991028446,0.970273494720459,0.02392412318761869,0.33104562759399414,0.09023578925937432,0.04381442070007324,0.03330539563419485,13,1.1800000000000002,0.06000000000000001
0.00020704426751258316,0.007789704531053291,0.0038148812079137006,46.472556591033936,0.012023035487665399,0.5067777633666992,0.005847217287553064,0.6870865821838379,0.2797357600002191,0.42218804359436035,0.2852793488386632,0.07005763053894043,0.05547852873424212,14,1.1800000000000002,0.06000000000000001
0.00010190562978843834,0.01026570302763498,0.007851395098423196,48.14018940925598,0.0023133782286620815,0.5713121891021729,0.0008543804964736907,0.7938554286956787,0.020429456719460413,0.42114686965942383,0.15903389795132583,0.032536983489990234,0.010567268979360476,15,1.1800000000000002,0.06000000000000001
0.0006992249575619909,0.0024196264901161337,0.004340420403134622,50.0503888130188,0.0015482425950115691,0.6883931159973145,0.0016337201092132768,1.0108437538146973,0.07473739621385316,0.39048123359680176,0.3106854206470813,0.02949070930480957,0.03141194253804017,16,1.1800000000000002,0.06000000000000001
0.00011368062015782629,0.012887121993218169,0.00739385321580854,46.827958822250366,0.0015311231479300542,0.5357670783996582,0.0013740510034328784,0.7591273784637451,0.055776772054039095,0.5612704753875732,0.26579052501589123,0.04854774475097656,0.021808332234838548,17,1.1800000000000002,0.06000000000000001
0.00010737012279541751,0.006412572847817888,0.009785598334948258,35.816669940948486,0.0012924495869449809,0.5509655475616455,0.0011575049785271427,0.7848796844482422,0.18507739467876272,0.5929775238037109,0.3392090722926947,0.04519510269165039,0.02263350802430302,18,1.1800000000000002,0.06000000000000001
9.005821996476519e-05,0.01164156731576158,0.006845614273346784,30.85241675376892,0.005428823489340757,0.5165808200836182,0.002262245592115423,0.7344279289245605,0.06416295954123932,0.26227235794067383,0.3051114019022512,0.036836862564086914,0.013408309142162738,19,1.1800000000000002,0.06000000000000001
0.00036803443441649393,0.013746418027589306,0.009155285399994226,51.2082953453064,0.002774544325255072,0.6393554210662842,0.0011552597479174737,0.9132680892944336,0.17957434545907908,0.37970423698425293,0.49101961169153235,0.03626561164855957,0.011584546115627545,20,1.1800000000000002,0.06000000000000001
0.00048554108193848603,0.00846964191706583,0.007409601250116601,49.86285734176636,0.0025455165802707866,0.5853016376495361,0.0011546853671890048,1.1057655811309814,0.43395874448624205,1.347520351409912,0.41241979719662664,0.05092668533325195,0.012136506732470968,21,1.1800000000000002,0.06000000000000001
0.0225899454395998,0.004566256954255128,0.0053522743018653545,49.93902611732483,0.0030890904144818066,0.7683064937591553,0.000648668071330305,1.0517287254333496,0.05126045898643703,0.45673036575317383,0.2593361557772048,0.058667659759521484,0.022842015376544556,22,1.1800000000000002,0.06000000000000001
0.01249606645086283,0.11235838172716119,0.02348863136466297,50.98089098930359,0.0015875619673488312,0.9691805839538574,0.0015875619673488312,1.4266417026519775,0.017108704403985642,0.39167094230651855,0.25463165372069285,0.04369068145751953,0.015463706607642225,23,1.1800000000000002,0.06000000000000001
6.12793990578749e-05,0.015197409741960814,0.005553872160499199,46.629652976989746,0.008120748890969372,0.613224983215332,0.001875516099318952,0.8911013603210449,0.21469740612342503,0.2333085536956787,0.2744289503706482,0.036580801010131836,0.00593159719695057,24,1.1800000000000002,0.06000000000000001
0.00013824272783129475,0.009697005147234468,0.013677215549838584,40.08576226234436,0.029867483620692394,0.5094635486602783,0.0023247302754522805,0.8472692966461182,0.18099610445462108,1.3033597469329834,0.21942007139597353,0.02937626838684082,0.04858309994396735,25,1.1800000000000002,0.06000000000000001
0.0014772334535790189,0.011883397698641248,0.010515959248564946,49.04253387451172,0.007287291428769502,0.8522608280181885,0.0014494607927741782,1.2296900749206543,0.1255514536777057,0.3831911087036133,0.17922911387098012,0.052626609802246094,0.026671524252557855,26,1.1800000000000002,0.06000000000000001
0.0002573301913699015,0.00728396708314385,0.002723718926547905,45.74819731712341,0.01155234427633863,0.7010781764984131,0.0017687011300331272,0.9658412933349609,0.16188559926413468,0.45317625999450684,0.37518218042446305,0.04954838752746582,0.09969663327427607,27,1.1800000000000002,0.06000000000000001
4.681215713066382e-05,0.007942945023993796,0.005099583899456737,35.07647466659546,0.0025073714917925277,0.7721083164215088,0.002836418271865944,1.0988168716430664,0.047675356940056084,0.4697260856628418,0.09881072707485648,0.0867462158203125,0.016432538378992813,28,1.1800000000000002,0.06000000000000001
7.695252843889685e-05,0.006523129887755245,0.009957243341060568,29.78859519958496,0.0039110867944592695,0.5811166763305664,0.001463525762390187,0.8151340484619141,0.06712895126748922,0.3692183494567871,0.24646587312257226,0.05063462257385254,0.02012223609016,29,1.1800000000000002,0.06000000000000001
0.011239083721443912,0.08618004447225557,0.06980089555114198,39.12197399139404,0.015799743119013474,0.8260774612426758,0.008573216396576001,1.1982221603393555,0.2968055086479555,1.3951234817504883,0.24290591560081448,0.05428504943847656,0.04445074494375365,0,1.21,0.07
9.987162162548025e-05,0.020872595076315708,0.011906159228515277,44.35074520111084,0.016905163363538134,0.49738121032714844,0.005423632537548044,0.859912633895874,0.18332469706903737,0.48865389823913574,0.4386670467121726,0.037461280822753906,0.09650977008802811,1,1.21,0.07
0.00010572395339512042,0.01409099154556192,0.004946152710324386,46.33279013633728,0.0019027265978211882,0.5716803073883057,0.001938959623279124,0.9006938934326172,0.10610307712362485,0.803072452545166,0.29943880878946366,0.033612728118896484,0.012335053451306314,2,1.21,0.07
0.0057367987779016385,0.0684490924627726,0.09009915518706982,45.705034494400024,0.01665597549694892,0.4826185703277588,0.0043789565691020405,0.7953641414642334,0.3448481379092321,1.0512771606445312,0.3579223879458597,0.027959108352661133,0.016560693497288385,3,1.21,0.07
5.037199187722941e-05,0.02351796463681411,0.01949121761857069,46.118924140930176,0.004690865955524748,0.49231863021850586,0.002995496778404819,0.8071684837341309,0.13232871045903588,0.4577953815460205,0.4056485635740866,0.032399654388427734,0.020340923333760853,4,1.21,0.07
8.365731291687755e-05,0.010768563406157691,0.007229261030085139,49.225451707839966,0.0023887071132177545,0.8415935039520264,0.0017833737601340883,1.2666163444519043,0.03361578267071748,0.4151625633239746,0.13466660140766387,0.04662013053894043,0.018243882474335216,5,1.21,0.07
0.00028729696569441314,0.012826215764701753,0.01125642327775897,35.51971626281738,0.004487711175209734,0.7759840488433838,0.001417991788114688,1.1400792598724365,0.26903797518742667,0.5678038597106934,0.5050718761714064,0.03551030158996582,0.015713246115140068,6,1.21,0.07
0.008720584059304877,0.08472615053892184,0.025249085358263312,31.16409182548523,0.13132874745328119,0.45937275886535645,0.06844171122125278,0.658513069152832,0.2665403257787256,1.037630558013916,0.2534764722160262,0.0543975830078125,0.035635864528489034,7,1.21,0.07
0.0004535681550285571,0.006336656995940556,0.011970413800561594,42.46058368682861,0.013933477057048468,0.587141752243042,0.003468266863607875,0.8265237808227539,0.4129075212058157,0.49494099617004395,0.337922891951247,0.029965877532958984,0.05933320049579096,8,1.21,0.07
4.94403999059608e-05,0.016287138035255624,0.006733545997079102,48.388099193573,0.009456876291877702,0.4742097854614258,0.002968859505031429,0.7859001159667969,0.4069955201742905,1.087080717086792,0.43211045284247473,0.045285701751708984,0.014429278994827443,9,1.21,0.07
9.005862489965821e-05,0.015512375883677324,0.019304039219343257,46.291743993759155,0.0013075048328028416,0.6210072040557861,0.0009276891339319007,0.9306097030639648,0.16897271442368253,0.49643588066101074,0.41227466473938534,0.033777475357055664,0.013390112510360258,10,1.21,0.07
9.099723172612724e-05,0.004822090072240778,0.009941260517075511,46.38779067993164,0.0033128529573180987,0.6616165637969971,0.0021779700734129237,1.1000657081604004,0.031146600731189585,0.5703680515289307,0.08963201184423968,0.03243422508239746,0.01693193392204559,11,1.21,0.07
0.08502933844820279,0.018505063403053128,0.03597929961287286,51.20893597602844,0.01510845643352703,0.6743755340576172,0.0009455122474216982,0.9480137825012207,0.1937190594526954,0.2685079574584961,0.21025492374439797,0.0622103214263916,0.017222939535721786,12,1.21,0.07
0.00019854113286356482,0.013502450802497989,0.010461936902807,49.67366147041321,0.001653354843047472,0.6352403163909912,0.002664237051665763,0.9581265449523926,0.029100623772470822,0.32758259773254395,0.23146948619106206,0.03456568717956543,0.0442167084827661,13,1.21,0.07
0.00012951059850829783,0.009716856229172392,0.004792764166461034,31.243759393692017,0.010646235570174944,0.4767608642578125,0.010987137557902944,0.7343389987945557,0.25049093907696474,0.5074856281280518,0.3136426063429128,0.04591727256774902,0.0322023293381994,14,1.21,0.07
0.0024738489784804567,0.012499961849871077,0.010133132920595499,50.40709829330444,0.003372246130958575,0.5693340301513672,0.001394057432359689,0.8083429336547852,0.029005732328070077,0.407390832901001,0.17718026271974624,0.03803849220275879,0.011201525520133019,15,1.21,0.07
0.0006735983622052114,0.03335055026610589,0.03681608165309224,49.99580240249634,0.001450448040278296,0.6435394287109375,0.001985360421395958,1.0287036895751953,0.12999774937227865,0.3830268383026123,0.30866530524522123,0.039339542388916016,0.03178034224049695,16,1.21,0.07
9.319535345062579e-05,0.01864500050989927,0.00958694611329606,46.36833572387695,0.001738958431058668,0.5591568946838379,0.001701939929511916,0.7891354560852051,0.09671634306084982,0.580758810043335,0.2635538248159014,0.039357900619506836,0.021213773206801987,17,1.21,0.07
0.00013196467387326382,0.008569134866127854,0.012960439054762993,36.6012806892395,0.0019775528847251794,0.550957441329956,0.001110883689730143,0.8093874454498291,0.14827902927249467,0.6419639587402344,0.42189784392965707,0.03521108627319336,0.04526594074185032,18,1.21,0.07
0.00010065838421158269,0.016798711763767158,0.00802821578063804,36.827211141586304,0.008086807212174068,0.47125673294067383,0.003621602404520282,0.6826565265655518,0.05664541474123128,0.5434589385986328,0.38310368171843023,0.04731321334838867,0.014634686467080809,19,1.21,0.07
0.00030562787471738836,0.0171285868129227,0.008801964311760115,46.557941198349,0.0036762362590737176,0.57741379737854,0.0013736182248616836,0.8869428634643555,0.1225916843667934,0.8689446449279785,0.45654407719597623,0.04703187942504883,0.013229846167975259,20,1.21,0.07
0.00014763866072464715,0.00890524478567727,0.01033752376155019,50.05074715614319,0.004399085600673243,0.5570414066314697,0.0017160499356333979,1.13789963722229,0.4806281949477479,0.6685576438903809,0.4723994537529424,0.042439937591552734,0.013334267375427459,21,1.21,0.07
0.022164467604925547,0.006357473635826683,0.004168872002543031,49.2999541759491,0.0035545269041950428,0.7524240016937256,0.0008305208850804657,1.0944633483886719,0.12857812973139882,0.6021432876586914,0.28479063749853384,0.04988527297973633,0.026621130435356057,22,1.21,0.07
0.00011673329099239165,0.006563661287684071,0.005931470895173851,50.14139366149902,0.0018527782889733817,0.997546911239624,0.0019349258167247123,1.5189599990844727,0.026548453260521472,0.36550235748291016,0.29075333312879537,0.053434133529663086,0.015226510694302023,23,1.21,0.07
9.829217965099761e-05,0.019643969153134103,0.0067887544092865345,50.363022327423096,0.009143360956291788,0.6756510734558105,0.004055837976624373,1.017164945602417,0.1976523250457383,0.3367760181427002,0.26521094472104856,0.03819990158081055,0.005379364956548671,24,1.21,0.07
0.00022873004830109193,0.008098236336539848,0.018689231058711345,51.0182900428772,0.03496049676893716,0.5270905494689941,0.004237373717223591,0.832226037979126,0.362926875361815,1.0444755554199219,0.38546147017436516,0.04236006736755371,0.04850759150833984,25,1.21,0.07
0.0025705083774173244,0.016875885447558196,0.012202489531009497,44.727917194366455,0.0108631871188269,0.7767062187194824,0.001887409777049509,1.14500093460083,0.24993409389088717,0.670557975769043,0.3881211070548183,0.028599023818969727,0.03178745201830748,26,1.21,0.07
0.11687167050116565,0.07835948856944623,0.26200627547023864,33.10200357437134,0.0760057925994609,1.7290072441101074,0.10332926342205181,0.8872518539428711,0.09300617866789354,0.5572960376739502,0.30636019044732066,0.07044792175292969,0.09753656609513478,27,1.21,0.07
4.414511159811507e-05,0.0104610156111517,0.005870831955482895,44.84951090812683,0.0041523347284137275,0.7166931629180908,0.004982168864928601,1.0785274505615234,0.058815653772226154,0.45074963569641113,0.1929148027354532,0.04235029220581055,0.015912050963238177,28,1.21,0.07
6.823894075017231e-05,0.010150332045551233,0.012430634029168589,33.33739948272705,0.004937235608530285,0.5691220760345459,0.0022273337482166715,0.8379828929901123,0.11054417924457302,0.36081361770629883,0.2509901165033281,0.047588348388671875,0.016975767177834934,29,1.21,0.07
0.00904083313402237,0.10765910231198283,0.06224831402301165,39.33897686004639,0.04684869139753006,0.6413965225219727,0.012753537932023712,1.2264518737792969,0.10844174281307657,0.8209714889526367,0.2222177032347429,0.04151582717895508,0.05482104404697612,0,1.24,0.08
0.000222738413998802,0.021532011084112165,0.017824747485424598,51.60485219955444,0.05266999809059382,0.6485834121704102,0.007393713033085514,0.8456497192382812,0.3436616898758605,0.6492300033569336,0.3417089505166081,0.04793500900268555,0.07148651317632834,1,1.24,0.08
0.00024048339486805554,0.018178503101942283,0.0031807838956725604,46.52529978752136,0.0017768849398751934,0.6076252460479736,0.0015588005776905334,0.900275707244873,0.3157225076536543,0.9605069160461426,0.35678081863696703,0.038763999938964844,0.014779554549467147,2,1.24,0.08
0.008251143208432033,0.08662570570598147,0.062119964953244976,50.5882773399353,0.01878898462525374,0.49570775032043457,0.004500393615073972,0.8334379196166992,0.452795159042325,0.6692979335784912,0.39702976001748186,0.03193259239196777,0.016121603402199206,3,1.24,0.08
6.004402699362199e-05,0.027295404494107403,0.02386271290057582,34.158703088760376,0.004572850825385203,0.5118458271026611,0.006077220261069227,0.778007984161377,0.2515510949550407,0.3611631393432617,0.3888278099514109,0.029897212982177734,0.053753950160956784,4,1.24,0.08
9.703940330615758e-05,0.011742495335363933,0.010185412555125194,49.108298540115356,0.002207133800610173,0.8917787075042725,0.0015401133283766172,1.3373653888702393,0.14063281513002499,0.4314253330230713,0.19938488794471532,0.0462188720703125,0.01777990430829824,5,1.24,0.08
0.0003798885292735458,0.01652571294927636,0.012222381491160292,49.15962290763855,0.0068527571283284764,0.7623770236968994,0.0015223712809000328,1.2203569412231445,0.3240012033116412,0.6650509834289551,0.44078444717031084,0.04186892509460449,0.015900090516623923,6,1.24,0.08
0.019416145284827362,0.21487430671149263,0.10362181346499648,40.99203038215637,0.14570140167515439,0.4119563102722168,0.04723725595815904,0.7140159606933594,0.2549009452442409,0.5814054012298584,0.2828789237685577,0.047898054122924805,0.026945777753480015,7,1.24,0.08
0.0006520632327457958,0.01127549821416712,0.013650553845491983,50.16459012031555,0.012848362162241656,0.5847041606903076,0.005126989204157351,0.8615279197692871,0.3696998286150846,1.5081737041473389,0.33889130143323587,0.04315996170043945,0.03723013327167025,8,1.24,0.08
0.0002937426720873567,0.020755537030980105,0.009487023564804927,46.589189529418945,0.02274035632002612,0.48975300788879395,0.003166704268029978,0.8339707851409912,0.3053112402789728,0.9662413597106934,0.5854426475735087,0.05448102951049805,0.016720621762694877,9,1.24,0.08
0.00014100354659620784,0.022920917583896798,0.03499681632624536,50.46908783912659,0.0037658699941973454,0.6874871253967285,0.0025235265123509784,1.0567693710327148,0.17997664950930642,0.606849193572998,0.3818092648722753,0.050386905670166016,0.01240325572399088,10,1.24,0.08
0.0001731390346833006,0.006024498573124326,0.016652572479797675,47.000669717788696,0.004561776444186849,0.6350324153900146,0.0025695266537829236,1.1598892211914062,0.05418848667700884,0.5866086483001709,0.15908673577743923,0.030830860137939453,0.016859621862704163,11,1.24,0.08
0.0786437950944724,0.02411074883406652,0.042401541702799424,50.845598220825195,0.020444279096245264,0.6537160873413086,0.0009430151272622183,0.982170581817627,0.058222928547433016,0.3673546314239502,0.23534673645857565,0.03938746452331543,0.0226243636195538,12,1.24,0.08
0.0003483794401897722,0.017021277795377307,0.010435459631428909,49.784746408462524,0.0025961908400306656,0.5891258716583252,0.0033279881336073292,0.9156961441040039,0.039897568482446216,0.36363792419433594,0.22362819178897672,0.033037424087524414,0.0653602400570992,13,1.24,0.08
0.000340754992522115,0.029886731950335636,0.04526382493913259,40.16431450843811,0.017491718513642833,0.43617773056030273,0.015717563332882694,0.705796480178833,0.1806860971311822,0.661893367767334,0.26872766158384037,0.03923153877258301,0.023435187832751454,14,1.24,0.08
0.0012660678357641582,0.022643481730873206,0.015023434845841047,50.20819568634033,0.0037240838241403194,0.5287818908691406,0.0016410667439878217,0.7930746078491211,0.04031517684416375,0.41060614585876465,0.12499537657829449,0.04614686965942383,0.012456465189995459,15,1.24,0.08
0.0008366751473264895,0.035079586552843475,0.038428315533246785,49.84739923477173,0.0016873464613783955,0.6433315277099609,0.0017218824147507527,1.025712251663208,0.26591832187378883,0.45448827743530273,0.2772884507549259,0.06606411933898926,0.03473695132593861,16,1.24,0.08
0.0001008432558222842,0.026526410938332953,0.012167861519470809,45.966766119003296,0.002459803951969053,0.49768614768981934,0.002039368656441676,0.803765058517456,0.1650811230447006,0.4827766418457031,0.3382848634949148,0.07063555717468262,0.019464613100137116,17,1.24,0.08
0.00013204570860835633,0.011910587895721244,0.01859928268669453,37.71612358093262,0.004464747410491958,0.5275514125823975,0.0017113577104738375,0.8054423332214355,0.1572174558929304,0.6581156253814697,0.447073180478044,0.031673431396484375,0.037733791601037556,18,1.24,0.08
0.00017241930708953305,0.02002473901181642,0.015216824861246385,40.08132886886597,0.019019195694085774,0.48882031440734863,0.004518028661051466,0.7782528400421143,0.15016034290331487,0.49611425399780273,0.3275186260307298,0.03412890434265137,0.013988380227140506,19,1.24,0.08
0.0004134297754500323,0.020423806786011973,0.008978588790404673,47.1563458442688,0.004200547282547321,0.5631961822509766,0.0019096096746600733,0.8930954933166504,0.2764874855295985,1.1634995937347412,0.3524052362145129,0.047061920166015625,0.017355943744324996,20,1.24,0.08
0.0004285821028215804,0.005827829723130525,0.025899062729277802,50.75347423553467,0.005939551499600045,0.5663588047027588,0.002339590847452766,1.1085693836212158,0.4648886262161027,0.4841957092285156,0.48595758066186584,0.03673219680786133,0.01530057242729974,21,1.24,0.08
0.05834502017628786,0.011245530429591474,0.006499526593187176,49.513272285461426,0.003394569950190355,0.6976687908172607,0.0014339572019999986,1.0974900722503662,0.17870841309133068,2.477191686630249,0.238975706493125,0.034810781478881836,0.02247200102759678,22,1.24,0.08
0.00014880358685433285,0.007420842255087034,0.004776258961765507,50.360517501831055,0.0028656752729844252,0.9744937419891357,0.0028656758836930864,1.554499864578247,0.0427756768518603,0.3357970714569092,0.3203115368414725,0.035421133041381836,0.015553976537530961,23,1.24,0.08
0.00038012263552555936,0.021838438918469785,0.013623936691267333,50.15822100639343,0.00943118872504652,0.6070065498352051,0.004264440096545993,0.994422197341919,0.29180128821177775,0.3367915153503418,0.3010789594014853,0.04499077796936035,0.005431342579572177,24,1.24,0.08
0.07095331423117282,0.18597108572384252,0.16557784650716248,42.05615019798279,0.07367408569945166,0.3967304229736328,0.031564733530912784,0.7222166061401367,0.5938700917999251,0.7206990718841553,0.3368955737292361,0.0478665828704834,0.054777280529970815,25,1.24,0.08
0.014134907684320788,0.024075322375577368,0.014578184468339599,45.488765716552734,0.012797563120719802,0.718111515045166,0.0023105291528982665,1.1516196727752686,0.31592740627575555,0.6197493076324463,0.31075310250386334,0.04557156562805176,0.05044528341836137,26,1.24,0.08
0.12131355330687335,0.09035590582117857,0.26158188370782093,40.39614534378052,0.11616241410251568,1.415661334991455,0.01183093035277388,0.9158978462219238,0.2159692513578753,0.4617733955383301,0.25620912968765946,0.04971599578857422,0.080803083570833,27,1.24,0.08
6.08713822803845e-05,0.016118998221840642,0.007301778620345956,33.544527769088745,0.00614073869703092,0.6681017875671387,0.00614073869703092,1.0242350101470947,0.07305586792065916,0.47887539863586426,0.18034151561300504,0.05613064765930176,0.015714472427439678,28,1.24,0.08
7.839508275259515e-05,0.016573352763974203,0.015386327900682003,28.98257327079773,0.006048851760714983,0.5531749725341797,0.002179197319045545,0.8383686542510986,0.1506779452584278,0.3538377285003662,0.26871638294025735,0.04073524475097656,0.015983087231251924,29,1.24,0.08
0.009845254983492447,0.11524382536435282,0.050201134378205024,51.77351784706116,0.04642657359023067,0.6968002319335938,0.0396696057990965,1.278597116470337,0.5725557569097708,1.9489796161651611,0.2612898000563105,0.05200052261352539,0.050508565476456393,0,1.27,0.09000000000000001
0.0004694148813311723,0.029830796695326504,0.018352334735451843,39.6171498298645,0.06304474150547176,0.38596034049987793,0.008997296881734422,0.8399736881256104,0.3531186432895824,0.4262065887451172,0.37290858300103064,0.04176497459411621,0.031733468830159664,1,1.27,0.09000000000000001
0.0003595434508736191,0.023802651814961825,0.015065355947885635,45.985734701156616,0.002434179227590853,0.6162238121032715,0.0022072123392622876,0.9749870300292969,0.2571730470278101,1.2555174827575684,0.2979206349686823,0.05507373809814453,0.015720156671341433,2,1.27,0.09000000000000001
0.005545688092848107,0.10065269671682622,0.04587695550701212,50.45437216758728,0.02044648956902157,0.49079203605651855,0.0065223824710404135,0.8156561851501465,0.5764329878467787,1.051513671875,0.34010741777315073,0.05158853530883789,0.01553090696927959,3,1.27,0.09000000000000001
7.070285817777726e-05,0.03309163496862656,0.026201599026922453,51.54124140739441,0.0056876344163348195,0.5210070610046387,0.007480573031050838,0.7832112312316895,0.2825095870997558,0.40764427185058594,0.39164972721897845,0.03279590606689453,0.013467354213735416,4,1.27,0.09000000000000001
0.00013371880731873897,0.016758848574079277,0.010864537051445007,47.11704230308533,0.0028567435606521308,0.8633840084075928,0.0014911215052614353,1.3777024745941162,0.2377493355283277,0.5032765865325928,0.22723338249070357,0.03515911102294922,0.017834847703336314,5,1.27,0.09000000000000001
0.00022170833212324935,0.018117551472203206,0.018110210824107784,39.339418172836304,0.007682037421358823,0.7056539058685303,0.0018328537659166645,1.2064664363861084,0.18106682450533254,0.425616979598999,0.4076547318061192,0.0498661994934082,0.016647483395065003,6,1.27,0.09000000000000001
0.02928397901008849,0.2474698935709171,0.10852925247591562,32.920753955841064,0.14406850232762397,0.6149778366088867,0.03400794553636714,0.7290034294128418,0.2192793501139177,0.46629953384399414,0.3100547288692552,0.035498857498168945,0.018200904065722487,7,1.27,0.09000000000000001
0.00042611992465534,0.01600012757658309,0.026419324583249457,50.6845760345459,0.013872607305077098,0.5613682270050049,0.006450845382937306,0.9377415180206299,0.4096100608473311,1.0334415435791016,0.3282943545621815,0.052202701568603516,0.04010467674968198,8,1.27,0.09000000000000001
9.322283325297794e-05,0.024189946973003747,0.01142647160792702,50.75498080253601,0.04869566410702435,0.5031421184539795,0.002454622782693083,0.8301551342010498,0.20716198707332428,0.6160571575164795,0.44485735414503963,0.05051875114440918,0.017315100969504216,9,1.27,0.09000000000000001
8.58477520309986e-05,0.012143579841391213,0.0363929530669812,47.30822014808655,0.0046203957328743534,0.6349284648895264,0.0032003154587393187,1.0236232280731201,0.17553425968573172,0.6700584888458252,0.38915926707481346,0.03713178634643555,0.011209222150288026,10,1.27,0.09000000000000001
0.00021787903583957803,0.008114444718970463,0.0192768845151947,51.669710636138916,0.0060765198465742975,0.6186776161193848,0.0035350668040956394,1.177112102508545,0.15990338963701484,0.8351249694824219,0.25242959246393537,0.028086423873901367,0.05428054174343416,11,1.27,0.09000000000000001
0.09034883496518435,0.032522438051312955,0.0455316750274521,47.81837773323059,0.023118053304937214,0.6277389526367188,0.0010168321590908525,0.9034650325775146,0.28014181436495483,0.4347710609436035,0.3114248340402403,0.03407454490661621,0.0331386994963722,12,1.27,0.09000000000000001
0.0004571572363296565,0.019417623536819483,0.011381851972678629,49.717402935028076,0.003202913018365527,0.6092493534088135,0.004087878410243681,0.9074170589447021,0.06615448306788793,0.3706028461456299,0.2396064116139282,0.055023908615112305,0.0875198916766648,13,1.27,0.09000000000000001
0.00018549371890583808,0.01414037000021861,0.02544082992242077,40.95369529724121,0.022108513332404156,0.5012702941894531,0.019216566274191438,0.7866466045379639,0.1778322920212139,0.6039342880249023,0.2350401741415728,0.051952362060546875,0.022412636943257718,14,1.27,0.09000000000000001
0.001757642208314062,0.019970992617455934,0.017386839549170766,46.79653882980347,0.00393653286202329,0.49691200256347656,0.001997241185742212,0.7822737693786621,0.054834062667800575,0.3749089241027832,0.15818497662193248,0.03173112869262695,0.01559255067500755,15,1.27,0.09000000000000001
0.0020647732337572815,0.028084256027002517,0.0319580829103273,45.269065380096436,0.0019840080611951932,0.6410529613494873,0.0014684421280558285,1.1408889293670654,0.21240019153680842,0.6026709079742432,0.3384334079136798,0.04205513000488281,0.04323016334549173,16,1.27,0.09000000000000001
0.00010778606873303638,0.026838616585095062,0.011975733646314775,49.86504006385803,0.0032463549769236786,0.5060160160064697,0.0026342892624277693,0.8004946708679199,0.47069073677918133,0.9715042114257812,0.3367149883086335,0.048424482345581055,0.016167976852960207,17,1.27,0.09000000000000001
0.11242750127355286,0.21996498168589074,0.07110484733709362,38.685078382492065,0.1121382489757556,0.9626474380493164,0.03516295702806646,0.8514847755432129,0.3495914844371525,0.525484561920166,0.4132263772256522,0.059819698333740234,0.04448365168753968,18,1.27,0.09000000000000001
7.062789962843929e-05,0.018512997737145563,0.0313537547812559,38.92858004570007,0.01651651257364748,0.46703672409057617,0.006652747373136163,0.7209136486053467,0.1651458094900224,0.5306508541107178,0.3309594354020264,0.04522895812988281,0.011608956447151358,19,1.27,0.09000000000000001
0.00256062521954797,0.02873180387154998,0.01321240381252557,46.66201186180115,0.004710373051181072,0.5362167358398438,0.0022392885029749155,0.9013016223907471,0.2879295245144834,0.6844401359558105,0.27041483797174554,0.034552812576293945,0.016810144620781942,20,1.27,0.09000000000000001
0.0008045284627059557,0.00965013038481386,0.03306869372418359,50.69373607635498,0.0072258991514120895,0.5414321422576904,0.0032201646446769227,1.1356518268585205,0.42644587160698455,0.4716331958770752,0.4732749860943545,0.04908418655395508,0.01885209091923831,21,1.27,0.09000000000000001
0.05388032134327921,0.015001493166576967,0.009142989177922934,46.73606991767883,0.004026561908431092,0.6531941890716553,0.002178375614663312,1.0538480281829834,0.11118661770052325,1.2345123291015625,0.31118890872133764,0.0367274284362793,0.021060669889617366,22,1.27,0.09000000000000001
0.00011780155689003667,0.0048726669601808935,0.004540036344950072,50.41382575035095,0.004287453262135947,0.9621973037719727,0.004284612711014879,1.5918138027191162,0.08167092764560333,0.33680200576782227,0.32144965123123187,0.04139518737792969,0.017825940303372603,23,1.27,0.09000000000000001
0.0010538450834263339,0.024394729558031052,0.01562133889957894,50.8456711769104,0.03794191382057362,0.5836081504821777,0.010872992708290957,0.9944322109222412,0.3172924864782015,0.36710667610168457,0.4637268642203683,0.0511929988861084,0.004990881220900234,24,1.27,0.09000000000000001
0.07415643392219458,0.2356466521151855,0.12380058832002262,48.30105209350586,0.054570175441591,0.6105918884277344,0.1833128954662908,0.622565746307373,0.5665649007466034,0.9001238346099854,0.32553272054205007,0.04571676254272461,0.05151661110102346,25,1.27,0.09000000000000001
0.04496363995541276,0.09781038729403572,0.21482871230499828,50.93638229370117,0.07132288602821799,0.48584985733032227,0.05001850162564819,0.665412425994873,0.3109788822201763,2.107725143432617,0.32132127449874537,0.0303800106048584,0.07077572184554233,26,1.27,0.09000000000000001
0.0929705624742039,0.10223580611761426,0.2738184808385919,44.30629062652588,0.13072759314548874,1.5126230716705322,0.049847333881334714,1.063899278640747,0.2433556605898753,0.4833247661590576,0.26254009423589564,0.03959822654724121,0.061601097470518784,27,1.27,0.09000000000000001
8.466484668140743e-05,0.01678618908400115,0.007955744777052524,48.302647829055786,0.007098847845256451,0.6557178497314453,0.007182291090855693,1.0621001720428467,0.09384194896847137,0.6535091400146484,0.19481216776920046,0.031049728393554688,0.017008632581744402,28,1.27,0.09000000000000001
0.0002703364351289779,0.03595637210603364,0.04158544956035431,34.20577883720398,0.0071739738653049025,0.4710550308227539,0.002114123356819168,0.7999734878540039,0.17863820491403484,0.28790283203125,0.2730160372807916,0.02890944480895996,0.01879805371851792,29,1.27,0.09000000000000001
0.0102071336805756,0.12289683737540573,0.046739465681089075,52.710646867752075,0.11049606604416802,0.9508833885192871,0.0413744391591125,1.0950021743774414,0.3991737912160975,1.4809927940368652,0.2183134857811969,0.033682823181152344,0.04443047792896072,0,1.3,0.1
0.0010090039940050088,0.03511079085501626,0.020135476313176835,44.55685758590698,0.13799694394625162,0.8556623458862305,0.00876279754682175,0.753056526184082,0.27058836751477255,0.49025630950927734,0.37534852179111505,0.047130584716796875,0.03124876227729268,1,1.3,0.1
0.00017386375234001625,0.030321689282926407,0.01443331935832181,46.23485231399536,0.004994561092023046,0.5880389213562012,0.004400121604718017,1.0270359516143799,0.2083850454574428,0.5726826190948486,0.310436629147381,0.03582334518432617,0.014994916840344662,2,1.3,0.1
0.006975874895386455,0.07855059005245649,0.10009988128018028,51.98352026939392,0.030663066718577613,0.48533177375793457,0.016934569716082565,0.8183846473693848,0.5484014380440281,1.5651135444641113,0.2895418764741461,0.04004502296447754,0.016455930411881693,3,1.3,0.1
0.0001697498136447336,0.05564138910182554,0.0375128209970305,35.16735363006592,0.014982045260583807,0.4581270217895508,0.006897224063404576,0.7376046180725098,0.2560143724809732,0.4413106441497803,0.4286407074084548,0.030396699905395508,0.01125832184372555,4,1.3,0.1
9.595894862480432e-05,0.015969726584377408,0.012712289065355356,51.77443265914917,0.006959259025162976,0.8960552215576172,0.0014864871303990426,1.5141148567199707,0.27196519642820943,0.37834668159484863,0.21206462407631657,0.04828071594238281,0.018217002729090066,5,1.3,0.1
0.00012827976071609902,0.02011037922019708,0.02328343843252368,48.10052299499512,0.005997172340759487,0.7521066665649414,0.0021688444393831293,1.2582058906555176,0.2565433003014184,0.37685298919677734,0.42675156867211134,0.04895186424255371,0.018072592377773145,6,1.3,0.1
0.0003474087221193134,0.03644229709071144,0.04210174652554399,43.80253028869629,0.0665105421576685,0.6211552619934082,0.006303151482735414,0.7947204113006592,0.1361644791009985,0.5473723411560059,0.2816322616230339,0.03491783142089844,0.013796028353156178,7,1.3,0.1
0.0002991162548440155,0.016973525387349604,0.028654974702395038,51.13539743423462,0.02245692919024443,0.559422492980957,0.007058145620275402,0.9209227561950684,0.47502494964223735,0.6457037925720215,0.3016911547736148,0.04062056541442871,0.061838316734895774,8,1.3,0.1
0.00043952459563367796,0.03147984232270134,0.015181665504135251,54.72867941856384,0.08362956623938864,0.6123602390289307,0.003505676581445649,0.8247528076171875,0.2800064451938874,0.6480832099914551,0.4017262046378106,0.03366708755493164,0.02022146616461676,9,1.3,0.1
0.0003892656644911859,0.013897093874332118,0.03089381336917178,46.68298649787903,0.004674592283407837,0.6721653938293457,0.0034658384369747664,1.0679681301116943,0.23529224733603543,1.5386340618133545,0.29512100665835317,0.03940701484680176,0.010183412751302167,10,1.3,0.1
0.00024004023464984465,0.007810784015512192,0.022197942570941202,41.85873341560364,0.007243603784173369,0.6109600067138672,0.004846397734525361,1.174025058746338,0.22656114214033987,0.7706460952758789,0.3046132394751857,0.0247650146484375,0.028141547801433846,11,1.3,0.1
0.0847707658194804,0.039147621118265266,0.050338709639761024,50.77511429786682,0.02898053620642837,0.5936670303344727,0.0011761656726223906,0.9307849407196045,0.3615996295092395,0.4844505786895752,0.3501713930212664,0.03009772300720215,0.04127853594219574,12,1.3,0.1
0.00036321128563582635,0.025203363999660795,0.017361302418972765,50.084522008895874,0.006543794341595503,0.618485689163208,0.005350623274592111,0.9868178367614746,0.15365206676330606,0.39606785774230957,0.2097610573952453,0.030121326446533203,0.07933978796162117,13,1.3,0.1
0.00034416042376887994,0.026849778115145342,0.06286082815969046,37.96140003204346,0.023573852615095446,0.4507434368133545,0.017628974910266736,0.7447803020477295,0.20099225020721825,0.7478177547454834,0.22462567626493382,0.04418134689331055,0.025751462554358923,14,1.3,0.1
0.0011702827890493594,0.02778298043066556,0.023720575926851818,50.19172954559326,0.0038034489066949132,0.5460999011993408,0.0018984881750523299,0.8337249755859375,0.0721048611869042,0.3545374870300293,0.21634573180174715,0.03370070457458496,0.017436069032920536,15,1.3,0.1
0.004195584430664819,0.04182321687753229,0.039547191175095885,51.10627222061157,0.0029916790788834984,0.5883615016937256,0.002110253407798601,1.034083366394043,0.1826377079164813,1.0014967918395996,0.26131520197962776,0.03896141052246094,0.06299805734325416,16,1.3,0.1
0.00011493991335966845,0.028798654336385798,0.018590187036328403,50.9878454208374,0.004081333657391524,0.5327110290527344,0.0035626434683582843,0.8229079246520996,0.38158442643841284,0.5841946601867676,0.31229020665009183,0.02819085121154785,0.014688995495088366,17,1.3,0.1
0.1524622167044203,0.2485446226389504,0.1227040842938294,35.358832120895386,0.023312314328898253,0.9863379001617432,0.1466052433696743,0.7531471252441406,0.5798278861015927,2.0286455154418945,0.3025158416688784,0.05020642280578613,0.0642620931025952,18,1.3,0.1
0.00011918388591982687,0.02044711122181247,0.04097397290782833,35.68717551231384,0.010821496451473442,0.4024486541748047,0.009103757238467267,0.6948080062866211,0.2217867274580017,0.49178147315979004,0.29900695220713247,0.051540374755859375,0.009929787349819271,19,1.3,0.1
0.011658999562662142,0.02756350643252065,0.013158381229979376,47.92150282859802,0.006367271843357436,0.5560221672058105,0.0026154659353724444,0.9117879867553711,0.22345819655265564,0.45315122604370117,0.26881313430505466,0.05474281311035156,0.022952755347268393,20,1.3,0.1
0.0008041099622702125,0.015636346275147518,0.032557711296872044,51.89317727088928,0.009099954408177843,0.525611400604248,0.004114459859169932,1.0877268314361572,0.47011683688348693,0.6414337158203125,0.4219072070517929,0.04668784141540527,0.025530846215552527,21,1.3,0.1
0.06107874857222436,0.018562918427656398,0.010607350769735225,50.71934366226196,0.00520043224875976,0.6987743377685547,0.0022301576140504173,1.1100096702575684,0.07819463451608033,0.6764326095581055,0.3567608316268517,0.0383298397064209,0.01984460023862341,22,1.3,0.1
0.00025290848093700483,0.006875236908822865,0.004253535039766626,51.5439510345459,0.004212424839310266,0.9877595901489258,0.004212424867291853,1.6861915588378906,0.2797537203849255,0.39539146423339844,0.28756549726894004,0.055112361907958984,0.020334242237774493,23,1.3,0.1
0.0005006453967956996,0.024571768616730515,0.025581581419798046,50.83905863761902,0.045351596451007364,0.5298557281494141,0.02255024933228726,0.9294004440307617,0.3280827685848342,0.4210519790649414,0.3665339766700658,0.041501760482788086,0.005302297661618198,24,1.3,0.1
0.00035744215685751994,0.01265138214435746,0.03585951466222725,47.93989324569702,0.09028980090242375,0.6140358448028564,0.012619608426780653,0.9544956684112549,0.3540365133905112,0.592139482498169,0.48520384335764877,0.06929302215576172,0.0483600581199678,25,1.3,0.1
0.04522534697796786,0.11026175255922474,0.234243089354723,48.16870164871216,0.08299489776253773,0.46672892570495605,0.05048375553542014,0.6673686504364014,0.4616266187835033,0.6606919765472412,0.29167224171739375,0.03504180908203125,0.06798210402905484,26,1.3,0.1
0.05427594530443399,0.11494535230768287,0.28093992610307583,43.648457288742065,0.09406530308513142,1.452326774597168,0.12503180477486178,2.400606393814087,0.27979479334798646,0.47450947761535645,0.4409589768510866,0.06105923652648926,0.04452720717568291,27,1.3,0.1
0.0001380980800586166,0.019247913146594353,0.01076243432836482,31.19606614112854,0.007860104434859879,0.5938410758972168,0.008351152368937974,0.9830563068389893,0.10737368883248319,0.5991687774658203,0.22076922367094917,0.04130959510803223,0.016783206064133773,28,1.3,0.1
0.00018647551229393025,0.032952169841006934,0.05279403638078402,37.14798331260681,0.007650459921929935,0.4334852695465088,0.0024410959918176544,0.718003511428833,0.2020456552849499,0.2884550094604492,0.2572638640394466,0.04336047172546387,0.021561915961158036,29,1.3,0.1
