Amari LBFGSB,Dilations error LBFGSB,Shifts error LBFGSB,Time LBFGSB,Amari MVICAD,Time MVICAD,Amari MVICAD ext,Time MVICAD ext,Amari permica,random_state,W_scale
0.1472519072084323,0.0563618215320139,0.0700722942624778,117.90727424621582,0.0040088885298009,0.979274034500122,0.0004965959239723,1.6411302089691162,0.021491247038549,0,0.25
0.0877871124493024,0.0208377708843271,0.0133910198791003,115.7840723991394,0.0039966835864498,1.0878753662109375,0.000992838670032,1.38547682762146,0.0171368105222011,1,0.25
0.0704707427925302,0.0111600137844909,0.0160690683867723,112.65508842468262,0.0091928551613886,0.9258341789245604,0.0013011934502445,1.3981609344482422,0.0093187884127123,2,0.25
0.1715520466400052,0.0605638785171954,0.0575245781063841,101.56817889213562,0.0191619841011961,0.9744536876678468,0.002555774271682,1.274824857711792,0.0203947247054026,3,0.25
0.1213910035035746,0.0586313290727563,0.0682868816164896,98.3850121498108,0.0037862999648437,0.852741003036499,0.001902959917145,1.3062725067138672,0.0128570058834815,4,0.25
0.0937099030272263,0.0459670456281282,0.0487293458687231,107.7455837726593,0.0025130646821232,1.0650372505187988,0.0012129783006359,1.702070951461792,0.029062302039751,5,0.25
0.1119121288694191,0.0148177558388972,0.011330406024882,109.52073073387146,0.0030247514692974,1.1335821151733398,0.0005904420003239,1.6699962615966797,0.0134317230913071,6,0.25
0.1233272931348878,0.1087665962267119,0.0826636682092288,112.77028727531432,0.0033898258171209,0.8758914470672607,0.0012557895157713,1.326988935470581,0.0217268412396332,7,0.25
0.1517585154877398,0.045894440273631,0.0552592149634368,94.91571307182312,0.0023330830647505,0.9622347354888916,0.0010399565882629,1.3230538368225098,0.0279964607657789,8,0.25
0.115270411011875,0.0752725853739923,0.0860350260181344,106.89752888679504,0.0049426243192038,0.8382649421691895,0.001813004247537,1.2652533054351809,0.0130609924983199,9,0.25
0.1480473709170776,0.0165590230631283,0.0185088621626612,112.74368619918825,0.0010031053750585,1.1140336990356443,0.0006645204082258,1.490990161895752,0.012448164437148,10,0.25
0.2680948689221227,0.0694024135516245,0.0815288574827156,115.05307960510254,0.0113963742066458,1.028587818145752,0.0020642545122565,1.613752365112305,0.0656884374745175,11,0.25
0.1114778791132172,0.0284004461502963,0.0279309025940723,93.79017663002014,0.0059604577536724,1.0779132843017578,0.0006186521885605,1.460083246231079,0.0224634524081247,12,0.25
0.1004989502718764,0.0130582604551751,0.0129895586523046,110.40236496925354,0.0121549496817,1.0346369743347168,0.0010459732447306,1.5750341415405271,0.0174202610394409,13,0.25
0.1102853389449599,0.003782455857468,0.010057658420633,109.13255763053894,0.0087268591533435,0.6922898292541504,0.0014352936147312,1.1935501098632812,0.0261597641810047,14,0.25
0.1427868059079541,0.0281575522023318,0.0293635564573757,112.007821559906,0.0034499652295679,1.1499204635620115,0.0006655639591565,1.6102759838104248,0.0073373085451189,15,0.25
0.1809130570643873,0.1488443287043122,0.1298599436256173,96.10314846038818,0.0025683443927727,0.8992304801940918,0.0012941415487654,1.450434684753418,0.0182744431489165,16,0.25
0.0637827639128212,0.0183742678228891,0.0099738160241775,107.82383179664612,0.0080447605608781,0.8112545013427734,0.0007333037310119,1.5110771656036377,0.0348392357905815,17,0.25
0.0823075934719047,0.0338615083760326,0.0557030719582565,109.77862453460692,0.0191397093578671,0.7636120319366455,0.001228147766016,1.2817978858947754,0.0185906031984259,18,0.25
0.1528622537207609,0.027893506014192,0.0309629295622501,111.29055571556091,0.0023275619248927,0.9774050712585448,0.0007404518608717,1.3963918685913086,0.0127603284656841,19,0.25
0.1742328824364813,0.0459744464474049,0.0458694849540689,96.36816263198853,0.0031865679796438,1.00750994682312,0.0010128865703451,1.6957063674926758,0.0212102959829817,20,0.25
0.0693427704456019,0.0215754496821987,0.0150520408647143,108.43277835845949,0.002076508981845,1.1943938732147217,0.0009722831933492,1.748334884643555,0.0154800055550545,21,0.25
0.0773311173598421,0.061541319064707,0.0460377044511432,112.52804970741272,0.0087960288043266,0.947500467300415,0.0033714551351585,1.4643137454986572,0.0159246723087207,22,0.25
0.0621476128043228,0.0546597709053963,0.0673202997475178,111.70541214942932,0.0038629102396843,1.3030624389648438,0.0008773349327879,1.3835811614990234,0.0135985588117057,23,0.25
0.1270536208937952,0.0309396781386468,0.0409886107935693,93.74737405776978,0.0012838062423163,1.163820505142212,0.0007548141896065,1.5066466331481934,0.0076931688202042,24,0.25
0.1209223205274131,0.0481641383774154,0.0550375614579027,109.18936061859132,0.0166095431053796,1.027770757675171,0.001172333171177,1.540135145187378,0.0295428698737234,25,0.25
0.075815944195092,0.0218319432856271,0.0187524758094483,109.84707140922546,0.0024781707577907,1.1786386966705322,0.0009520036651592,1.680934190750122,0.0223233355008555,26,0.25
0.0902534078712464,0.0283488751340184,0.0705804602210144,94.4242308139801,0.0173422100958542,0.6789932250976562,0.001187342234607,1.2506675720214844,0.0285787996199128,27,0.25
0.1290619538327576,0.0117293030446206,0.0122413892425824,111.255464553833,0.0069486999305116,0.9574973583221436,0.0010868293798479,1.535857915878296,0.0237739366148958,28,0.25
0.0461215189574892,0.0202811983622418,0.0228577661107088,104.85406851768494,0.0084506451619322,0.9968476295471193,0.0012427436193403,1.2077317237854004,0.0220367658465113,29,0.25
0.1699561318440267,0.0536747821927027,0.0934594846217048,99.4243016242981,0.0040088885298009,0.9851961135864258,0.0004965959239723,1.624497413635254,0.021491247038549,0,0.5
0.0876890623070692,0.013146713002604,0.0098609320801065,110.85207557678224,0.0039966835864498,1.1372387409210205,0.000992838670032,1.4290423393249512,0.0171368105222011,1,0.5
0.0350008189572862,0.0052462161604723,0.0109639658572815,108.43219375610352,0.0091928551613886,0.908493995666504,0.0013011934502445,1.463827133178711,0.0093187884127123,2,0.5
0.1370620177106152,0.0260533509523263,0.0212444055192609,103.84504866600037,0.0191619841011961,0.997607946395874,0.002555774271682,1.3074300289154053,0.0203947247054026,3,0.5
0.0610869996567147,0.0195732509889816,0.0236567554741229,96.32615280151369,0.0037862999648437,0.9104430675506592,0.001902959917145,1.3302030563354492,0.0128570058834815,4,0.5
0.0772976735775024,0.0169140654193582,0.0225929271761303,111.91573572158812,0.0025130646821232,1.0588390827178955,0.0012129783006359,1.7371776103973389,0.029062302039751,5,0.5
0.0936454340759342,0.0109714192456022,0.0074338464260722,113.11388635635376,0.0030247514692974,1.1630284786224363,0.0005904420003239,1.6909523010253906,0.0134317230913071,6,0.5
0.0992717221590725,0.0250081899403626,0.0341737522500405,96.01267075538637,0.0033898258171209,0.8249149322509766,0.0012557895157713,1.2852466106414795,0.0217268412396332,7,0.5
0.0980205421328201,0.0237583238688192,0.036483710833463,106.4090371131897,0.0023330830647505,1.0357811450958252,0.0010399565882629,1.4084887504577637,0.0279964607657789,8,0.5
0.0871105831226973,0.0108581464882373,0.0087728553133045,109.51479291915894,0.0049426243192038,0.8345959186553955,0.001813004247537,1.2585818767547607,0.0130609924983199,9,0.5
0.0935927059932075,0.0151241511453712,0.0164643144585115,112.29372262954712,0.0010031053750585,1.1082909107208252,0.0006645204082258,1.4657397270202637,0.012448164437148,10,0.5
0.1148479406370512,0.048788134447868,0.0499395094689675,93.46213603019714,0.0113963742066458,1.0432703495025637,0.0020642545122565,1.6598424911499023,0.0656884374745175,11,0.5
0.0671223125526525,0.0233823473752888,0.0231193555537482,103.98116421699524,0.0059604577536724,1.0207631587982178,0.0006186521885605,1.375924825668335,0.0224634524081247,12,0.5
0.078644597182836,0.0144602818545371,0.0166604197109035,108.38841819763184,0.0121549496817,0.975576877593994,0.0010459732447306,1.5725078582763672,0.0174202610394409,13,0.5
0.0714009994989773,0.0049733722488801,0.0070809799069049,108.17307662963869,0.0087268591533435,0.6713354587554932,0.0014352936147312,1.145977020263672,0.0261597641810047,14,0.5
0.0568606796232493,0.0080019583979468,0.0050007758014222,97.4049346446991,0.0034499652295679,1.183941125869751,0.0006655639591565,1.5071649551391602,0.0073373085451189,15,0.5
0.1467365702594142,0.0727739110543744,0.0794754673337157,108.4736225605011,0.0025683443927727,0.996436357498169,0.0012941415487654,1.5916876792907717,0.0182744431489165,16,0.5
0.0657177978964876,0.0181490858572751,0.0131249857495424,108.59900331497192,0.0080447605608781,0.8366940021514893,0.0007333037310119,1.548184156417847,0.0348392357905815,17,0.5
0.0378400166694966,0.0060988189515915,0.0094670637853829,107.91913533210754,0.0191397093578671,0.7664268016815186,0.001228147766016,1.2910926342010498,0.0185906031984259,18,0.5
0.1293673301338425,0.0234420038023057,0.0253019721017223,98.33173656463624,0.0023275619248927,0.977895975112915,0.0007404518608717,1.3005361557006836,0.0127603284656841,19,0.5
0.1493384603543887,0.0466029987489598,0.0365555424640487,104.94795441627502,0.0031865679796438,1.0937349796295166,0.0010128865703451,1.8505172729492188,0.0212102959829817,20,0.5
0.0412971429271012,0.0219054408945169,0.0106132642292599,106.98634576797484,0.002076508981845,1.1945955753326416,0.0009722831933492,1.7229080200195312,0.0154800055550545,21,0.5
0.0240747386356574,0.0053881113227796,0.0104803898454416,111.49081134796144,0.0087960288043266,0.9247639179229736,0.0033714551351585,1.442986249923706,0.0159246723087207,22,0.5
0.0353850908155352,0.0109308345695219,0.0202943000083024,96.66676902770996,0.0038629102396843,1.291611671447754,0.0008773349327879,1.3504173755645752,0.0135985588117057,23,0.5
0.0887927227594957,0.016308402560925,0.029447630382714,104.45671129226685,0.0012838062423163,1.2420120239257812,0.0007548141896065,1.6803743839263916,0.0076931688202042,24,0.5
0.0778373638334036,0.0169512253511044,0.0221645665326687,112.8435924053192,0.0166095431053796,1.0692286491394043,0.001172333171177,1.5373919010162354,0.0295428698737234,25,0.5
0.0574682016445042,0.0194620111337853,0.0169434988301114,96.11230826377869,0.0024781707577907,1.1299233436584473,0.0009520036651592,1.5685288906097412,0.0223233355008555,26,0.5
0.0904083637891894,0.0193845018024652,0.0671331725939467,104.6752519607544,0.0173422100958542,0.6772029399871826,0.001187342234607,1.3260624408721924,0.0285787996199128,27,0.5
0.1172379947551957,0.0114678616522353,0.0127342889831785,103.74812150001526,0.0069486999305116,0.9730291366577148,0.0010868293798479,1.6030476093292236,0.0237739366148958,28,0.5
0.0172762590149551,0.0281980584661764,0.0249179282839843,95.09669280052184,0.0084506451619322,0.9303693771362304,0.0012427436193403,1.2274401187896729,0.0220367658465113,29,0.5
0.1400019948217851,0.1151024279573809,0.1686359055937865,104.56520318984984,0.0040088885298009,0.9655032157897948,0.0004965959239723,1.6573359966278076,0.021491247038549,0,1.0
0.062010824878695,0.0235936858947846,0.0167281943768469,109.50147199630736,0.0039966835864498,1.0624144077301023,0.000992838670032,1.4177000522613523,0.0171368105222011,1,1.0
0.0285188543576929,0.0085517093707595,0.0111064688483276,104.80090761184692,0.0091928551613886,0.934485912322998,0.0013011934502445,1.4574484825134275,0.0093187884127123,2,1.0
0.103049301342568,0.0244186727142006,0.0212804787173223,91.77635669708252,0.0191619841011961,0.9395275115966796,0.002555774271682,1.2140822410583496,0.0203947247054026,3,1.0
0.0331010436132291,0.0182744123876378,0.0211065421205644,106.02444243431091,0.0037862999648437,0.9518437385559082,0.001902959917145,1.360694169998169,0.0128570058834815,4,1.0
0.0709131760544607,0.0523048293312234,0.0510323406405546,107.6215934753418,0.0025130646821232,1.0288166999816897,0.0012129783006359,1.6796443462371826,0.029062302039751,5,1.0
0.0567259924262181,0.0116168271693066,0.0072662858948833,105.12201046943665,0.0030247514692974,1.1171112060546875,0.0005904420003239,1.6322977542877195,0.0134317230913071,6,1.0
0.0728435323960951,0.022639464451156,0.0316633371438734,94.5181438922882,0.0033898258171209,0.8488049507141113,0.0012557895157713,1.292701005935669,0.0217268412396332,7,1.0
0.0664003100545898,0.0195883990817063,0.0399012887351871,109.33129739761353,0.0023330830647505,1.0611116886138916,0.0010399565882629,1.4808270931243896,0.0279964607657789,8,1.0
0.0398996108107937,0.007998826430919,0.0073728511860623,109.59332013130188,0.0049426243192038,0.7886121273040771,0.001813004247537,1.2222938537597656,0.0130609924983199,9,1.0
0.0618262101587071,0.0130121530826474,0.0102545079033616,106.36702728271484,0.0010031053750585,1.145287036895752,0.0006645204082258,1.4749064445495603,0.012448164437148,10,1.0
0.0643585633696174,0.0195464657768634,0.0178740123517169,93.42840576171876,0.0113963742066458,1.0307166576385498,0.0020642545122565,1.5554170608520508,0.0656884374745175,11,1.0
0.0451097877519599,0.0171275107429421,0.0174746742490523,108.80258321762084,0.0059604577536724,1.0868215560913086,0.0006186521885605,1.4034991264343262,0.0224634524081247,12,1.0
0.0650363363212242,0.0089679657308541,0.0087129508294021,111.59616422653198,0.0121549496817,0.9375400543212892,0.0010459732447306,1.518902063369751,0.0174202610394409,13,1.0
0.0178102542208591,0.0037423329317392,0.0045004736589707,92.97079730033876,0.0087268591533435,0.6410684585571289,0.0014352936147312,1.136162042617798,0.0261597641810047,14,1.0
0.0547481816586963,0.0266075734381689,0.0310052713599997,106.59240627288818,0.0034499652295679,1.1360924243927002,0.0006655639591565,1.5255839824676514,0.0073373085451189,15,1.0
0.1237744309925456,0.035840193256823,0.0197872143880048,108.92116355895996,0.0025683443927727,1.0092267990112305,0.0012941415487654,1.605032205581665,0.0182744431489165,16,1.0
0.0416553392756925,0.0165414143699593,0.0092875904485218,109.16115236282349,0.0080447605608781,0.7989249229431152,0.0007333037310119,1.468635082244873,0.0348392357905815,17,1.0
0.0254226945268295,0.0182193853266099,0.0311167341951659,94.75106573104858,0.0191397093578671,0.7144806385040283,0.001228147766016,1.2211155891418457,0.0185906031984259,18,1.0
0.1043714666413027,0.0173887088318459,0.0142336154752869,104.86815452575684,0.0023275619248927,1.0157067775726318,0.0007404518608717,1.3356852531433103,0.0127603284656841,19,1.0
0.1632272593133166,0.0158034632064692,0.0173231155904528,109.62185192108154,0.0031865679796438,1.1349875926971436,0.0010128865703451,1.9004085063934328,0.0212102959829817,20,1.0
0.0243449552407344,0.0198471523019443,0.01615870679965,109.3829288482666,0.002076508981845,1.169201374053955,0.0009722831933492,1.691755294799805,0.0154800055550545,21,1.0
0.0032509250519953,0.0050283268166968,0.0106271672596029,96.99277138710022,0.0087960288043266,0.9017972946166992,0.0033714551351585,1.3932266235351562,0.0159246723087207,22,1.0
0.0294389502791632,0.008201019787963,0.0073673629645319,102.62579274177553,0.0038629102396843,1.3237922191619873,0.0008773349327879,1.348444938659668,0.0135985588117057,23,1.0
0.0779125459748374,0.0086555144932077,0.0129304765595201,99.61959314346312,0.0012838062423163,1.2364070415496826,0.0007548141896065,1.648653507232666,0.0076931688202042,24,1.0
0.0642871601596038,0.0320669900326619,0.0326085283512437,95.48519706726074,0.0166095431053796,0.9356486797332764,0.001172333171177,1.459430456161499,0.0295428698737234,25,1.0
0.0528815161163426,0.0316756586084273,0.0262334861137032,107.72286105155943,0.0024781707577907,1.128708839416504,0.0009520036651592,1.6730296611785889,0.0223233355008555,26,1.0
0.0737756927827676,0.0286646183185585,0.0723747709292076,103.29248237609865,0.0173422100958542,0.6821258068084717,0.001187342234607,1.3478872776031494,0.0285787996199128,27,1.0
0.0950606663031492,0.0079057751191347,0.0069889775072512,104.29464316368104,0.0069486999305116,1.0019047260284424,0.0010868293798479,1.6046631336212158,0.0237739366148958,28,1.0
0.0103482669317538,0.0207815625477776,0.0237673234190082,94.3176453113556,0.0084506451619322,0.9403691291809082,0.0012427436193403,1.1590545177459717,0.0220367658465113,29,1.0
0.0780059084472052,0.0359518174619555,0.0307255373082294,115.4613585472107,0.0040088885298009,0.9916818141937256,0.0004965959239723,1.6776793003082275,0.021491247038549,0,2.0
0.0533156716358258,0.0135055959201191,0.0118115242812918,105.130380153656,0.0039966835864498,1.103496551513672,0.000992838670032,1.4161226749420166,0.0171368105222011,1,2.0
0.014506014321765,0.0082679189629425,0.0083949555737993,95.78501796722412,0.0091928551613886,0.91658616065979,0.0013011934502445,1.401871681213379,0.0093187884127123,2,2.0
0.0649287726692741,0.0092354004092033,0.0100205562324737,99.42987251281738,0.0191619841011961,1.0066015720367432,0.002555774271682,1.343228816986084,0.0203947247054026,3,2.0
0.0099825464286427,0.0163816403983809,0.0220385808942834,101.1585931777954,0.0037862999648437,0.923719882965088,0.001902959917145,1.352442502975464,0.0128570058834815,4,2.0
0.0430956015865294,0.0446218454286593,0.0398187625672784,98.00115036964417,0.0025130646821232,1.041686773300171,0.0012129783006359,1.7419042587280271,0.029062302039751,5,2.0
0.0396957287836781,0.0110281685146159,0.005904729547365,101.01334428787231,0.0030247514692974,1.1409766674041748,0.0005904420003239,1.648191213607788,0.0134317230913071,6,2.0
0.054842372358928,0.0147170029883832,0.02006977975156,99.16192054748537,0.0033898258171209,0.8680875301361084,0.0012557895157713,1.3302505016326904,0.0217268412396332,7,2.0
0.0257577774449406,0.0117952379861733,0.0161712926344887,99.62069082260132,0.0023330830647505,0.9877321720123292,0.0010399565882629,1.3412420749664309,0.0279964607657789,8,2.0
0.0417219042887352,0.0078342576291704,0.0053394759593179,97.9265069961548,0.0049426243192038,0.7961816787719727,0.001813004247537,1.231619119644165,0.0130609924983199,9,2.0
0.0192812425179203,0.0140463128482165,0.0133266360772949,100.35597276687622,0.0010031053750585,1.147671461105347,0.0006645204082258,1.456052303314209,0.012448164437148,10,2.0
0.0292853508371713,0.0133776591448103,0.0198714789610936,99.17171096801758,0.0113963742066458,1.1014084815979004,0.0020642545122565,1.6913111209869385,0.0656884374745175,11,2.0
0.0141787192923753,0.0169981840354175,0.0170543728704773,103.36583518981934,0.0059604577536724,1.0170588493347168,0.0006186521885605,1.4274559020996094,0.0224634524081247,12,2.0
0.0524024657004105,0.0104259208255868,0.008626653617906,98.2579629421234,0.0121549496817,0.9305596351623536,0.0010459732447306,1.503465175628662,0.0174202610394409,13,2.0
0.0141529850546441,0.026073770456664,0.0318466394953536,101.4338755607605,0.0087268591533435,0.6937968730926514,0.0014352936147312,1.2178149223327637,0.0261597641810047,14,2.0
0.0098681977867295,0.0077245860517605,0.0069572763833883,98.5087912082672,0.0034499652295679,1.2210354804992676,0.0006655639591565,1.6476616859436035,0.0073373085451189,15,2.0
0.087575199533773,0.0416549713400317,0.0265163531002517,99.58440232276917,0.0025683443927727,1.005950689315796,0.0012941415487654,1.5650334358215332,0.0182744431489165,16,2.0
0.0461519775858138,0.018951787819779,0.0131227873484779,105.31154203414916,0.0080447605608781,0.8183953762054443,0.0007333037310119,1.5190446376800537,0.0348392357905815,17,2.0
0.0204009038722298,0.0068997827615205,0.0089543746910343,102.2198441028595,0.0191397093578671,0.8443241119384766,0.001228147766016,1.4337646961212158,0.0185906031984259,18,2.0
0.0983611076291298,0.0103447434218027,0.004968426862369,98.61261749267578,0.0023275619248927,1.0208802223205566,0.0007404518608717,1.364192247390747,0.0127603284656841,19,2.0
0.1314349533983269,0.0125931606076741,0.0127613113974571,98.7627935409546,0.0031865679796438,1.112656831741333,0.0010128865703451,1.9163572788238523,0.0212102959829817,20,2.0
0.013435204807386,0.0196775189374299,0.010888274785262,101.9666678905487,0.002076508981845,1.1145789623260498,0.0009722831933492,1.5989398956298828,0.0154800055550545,21,2.0
0.0019489039173968,0.002114869194362,0.0067020807034315,100.3340380191803,0.0087960288043266,0.9541187286376952,0.0033714551351585,1.4670605659484863,0.0159246723087207,22,2.0
0.0307170705175023,0.0059758260750201,0.0043090153681661,99.85329341888428,0.0038629102396843,1.3396780490875244,0.0008773349327879,1.4114923477172852,0.0135985588117057,23,2.0
0.0600715304901439,0.0130722117096536,0.0191840711099944,93.33404517173769,0.0012838062423163,1.184584379196167,0.0007548141896065,1.590118408203125,0.0076931688202042,24,2.0
0.0398190271373336,0.0267136738188221,0.0280844486973453,99.33245301246644,0.0166095431053796,0.9785811901092528,0.001172333171177,1.416170358657837,0.0295428698737234,25,2.0
0.0539114993797797,0.0088004884704534,0.0061307078704098,98.54147601127625,0.0024781707577907,1.181166172027588,0.0009520036651592,1.7056951522827148,0.0223233355008555,26,2.0
0.0501811414271727,0.0199207452079916,0.0688197293248829,97.44806265830994,0.0173422100958542,0.6763553619384766,0.001187342234607,1.317634105682373,0.0285787996199128,27,2.0
0.0496339407096916,0.0078310668127858,0.0091431138704998,96.59688425064088,0.0069486999305116,0.9844932556152344,0.0010868293798479,1.5793766975402832,0.0237739366148958,28,2.0
0.0010144097175201,0.0184682608619057,0.0187635406737804,95.42717695236206,0.0084506451619322,1.0174994468688965,0.0012427436193403,1.2620460987091064,0.0220367658465113,29,2.0
0.0223587551402682,0.031257662960399,0.0271032138963446,96.81718039512634,0.0040088885298009,0.947624444961548,0.0004965959239723,1.614079236984253,0.021491247038549,0,4.0
0.0539579706964484,0.0150893907237946,0.0105432568876688,98.13798546791077,0.0039966835864498,1.1402041912078855,0.000992838670032,1.4817562103271484,0.0171368105222011,1,4.0
0.0041804669039295,0.0079765623803378,0.0095984445808127,95.9593300819397,0.0091928551613886,0.8992109298706055,0.0013011934502445,1.4051086902618408,0.0093187884127123,2,4.0
0.0277473671226606,0.011365401587874,0.0087111026002032,95.3302285671234,0.0191619841011961,1.0004279613494873,0.002555774271682,1.3276057243347168,0.0203947247054026,3,4.0
0.0010985235047285,0.0051859331524031,0.0124570418291836,96.52608609199524,0.0037862999648437,0.9099245071411132,0.001902959917145,1.3320677280426023,0.0128570058834815,4,4.0
0.006534125196832,0.0057839508562005,0.0077760837557748,96.42206382751463,0.0025130646821232,1.052631378173828,0.0012129783006359,1.7352938652038574,0.029062302039751,5,4.0
0.0141290450251725,0.0096140174840412,0.0045907780014274,96.94813895225523,0.0030247514692974,1.1077699661254885,0.0005904420003239,1.6651287078857422,0.0134317230913071,6,4.0
0.0404883403951526,0.0119216767462513,0.014791325654037,96.71023797988892,0.0033898258171209,0.8598864078521729,0.0012557895157713,1.3262345790863037,0.0217268412396332,7,4.0
0.0143330784679718,0.0040276064048722,0.0090746938702074,92.45877480506896,0.0023330830647505,0.9869587421417236,0.0010399565882629,1.3250391483306885,0.0279964607657789,8,4.0
0.0079223563622009,0.0062445220569427,0.0066526302373965,95.05424070358276,0.0049426243192038,0.7934386730194092,0.001813004247537,1.2483737468719482,0.0130609924983199,9,4.0
0.0041552948531395,0.0087930880461599,0.0066281564483665,96.0148057937622,0.0010031053750585,1.1086161136627195,0.0006645204082258,1.448662042617798,0.012448164437148,10,4.0
0.0233269306605237,0.0084505545731251,0.0097706741198239,96.8372254371643,0.0113963742066458,1.1434800624847412,0.0020642545122565,1.7326223850250244,0.0656884374745175,11,4.0
0.0071476602187732,0.0156838221399225,0.0150120540738325,95.43480634689332,0.0059604577536724,1.004967212677002,0.0006186521885605,1.3408772945404053,0.0224634524081247,12,4.0
0.0357030761868772,0.0088736146306493,0.0106626343775975,95.04740834236144,0.0121549496817,0.95385479927063,0.0010459732447306,1.5211246013641355,0.0174202610394409,13,4.0
0.0046084998252976,0.024909790805941,0.0307778491545495,96.12650084495544,0.0087268591533435,0.685814619064331,0.0014352936147312,1.1574103832244873,0.0261597641810047,14,4.0
0.0007326172762668,0.0068606730689585,0.0033008586949057,97.73151636123656,0.0034499652295679,1.1779611110687256,0.0006655639591565,1.564198017120361,0.0073373085451189,15,4.0
0.066008829115833,0.0196239047738348,0.0292464229970294,93.66090273857117,0.0025683443927727,0.9682087898254396,0.0012941415487654,1.4941966533660889,0.0182744431489165,16,4.0
0.0385787846515633,0.0181141112714158,0.0113758198904623,97.61382389068604,0.0080447605608781,0.8130209445953369,0.0007333037310119,1.5141775608062744,0.0348392357905815,17,4.0
0.022382774009944,0.0047709329644776,0.004574217377897,95.86067867279051,0.0191397093578671,0.7731068134307861,0.001228147766016,1.3245301246643066,0.0185906031984259,18,4.0
0.0500083226946049,0.0103137649703746,0.0056906253826552,96.15689134597778,0.0023275619248927,0.9989917278289796,0.0007404518608717,1.2841801643371582,0.0127603284656841,19,4.0
0.0654010521115131,0.0109142391245423,0.0099293483713634,94.83918261528017,0.0031865679796438,1.115924596786499,0.0010128865703451,1.867609024047852,0.0212102959829817,20,4.0
0.0032196757057596,0.0131642949628537,0.007593112491693,96.59089708328248,0.002076508981845,1.198822021484375,0.0009722831933492,1.7583777904510498,0.0154800055550545,21,4.0
0.0002132732318977,0.0042022757939627,0.0053525814957082,97.00521111488342,0.0087960288043266,0.9499778747558594,0.0033714551351585,1.501333713531494,0.0159246723087207,22,4.0
0.0250488587401795,0.0058890752890934,0.004066500058517,94.86839532852171,0.0038629102396843,1.3409740924835205,0.0008773349327879,1.400012493133545,0.0135985588117057,23,4.0
0.0302051534621275,0.0158852779278613,0.0289973924207444,95.26247191429138,0.0012838062423163,1.202927589416504,0.0007548141896065,1.5977120399475098,0.0076931688202042,24,4.0
0.0511167733338077,0.053342755879423,0.0669484187250332,96.8923840522766,0.0166095431053796,1.0307419300079346,0.001172333171177,1.5168311595916748,0.0295428698737234,25,4.0
0.065659890371123,0.0308941772388567,0.0798921359263261,96.35554814338684,0.0024781707577907,1.1724700927734375,0.0009520036651592,1.658996343612671,0.0223233355008555,26,4.0
0.0387157204987076,0.0201587379169364,0.0671317973855415,96.65520811080933,0.0173422100958542,0.6821715831756592,0.001187342234607,1.3517951965332031,0.0285787996199128,27,4.0
0.0368187354032712,0.0069439815398306,0.004921629981011,94.50052428245544,0.0069486999305116,0.9670305252075196,0.0010868293798479,1.5624172687530518,0.0237739366148958,28,4.0
9.495669920791538e-05,0.0032666056649173,0.0055006394018091,95.37599635124208,0.0084506451619322,0.974994421005249,0.0012427436193403,1.2297439575195312,0.0220367658465113,29,4.0
0.0052260543018872,0.0156674132111692,0.0116714729371545,94.52389883995056,0.0040088885298009,0.948131799697876,0.0004965959239723,1.678950548171997,0.021491247038549,0,8.0
0.0311934802617622,0.010662005114048,0.0056103191562205,95.43283557891846,0.0039966835864498,1.0740900039672852,0.000992838670032,1.395080327987671,0.0171368105222011,1,8.0
0.0001791409956266,0.0080422835563106,0.0114686185807421,96.35930752754211,0.0091928551613886,0.9002463817596436,0.0013011934502445,1.393841028213501,0.0093187884127123,2,8.0
0.015180565434452,0.0101322803037426,0.0060557800313586,98.40553879737854,0.0191619841011961,1.0057110786437988,0.002555774271682,1.296314716339111,0.0203947247054026,3,8.0
0.0002221086389677,0.0050968576647429,0.011361751642456,95.05267190933228,0.0037862999648437,0.9028110504150392,0.001902959917145,1.3406665325164795,0.0128570058834815,4,8.0
0.0008768477219145,0.0050472822050925,0.0066141500813856,97.16763234138487,0.0025130646821232,1.0160222053527832,0.0012129783006359,1.6844303607940674,0.029062302039751,5,8.0
0.0240160883746772,0.051877549642406,0.0551480155495218,94.30469799041748,0.0030247514692974,1.1079480648040771,0.0005904420003239,1.592897653579712,0.0134317230913071,6,8.0
0.0147142401877122,0.0092830855571641,0.0121293490582886,95.41918659210204,0.0033898258171209,0.9046823978424072,0.0012557895157713,1.3973639011383057,0.0217268412396332,7,8.0
0.0014710480258183,0.0056910198049816,0.0114129988827123,94.88407158851624,0.0023330830647505,0.94413423538208,0.0010399565882629,1.292633295059204,0.0279964607657789,8,8.0
0.0017342063250177,0.0070227140467866,0.0123423613793736,94.50734877586363,0.0049426243192038,0.7865567207336426,0.001813004247537,1.2145183086395264,0.0130609924983199,9,8.0
0.0005215267981184,0.0093520179235444,0.0067191709485682,96.38840556144714,0.0010031053750585,1.0761799812316897,0.0006645204082258,1.376986026763916,0.012448164437148,10,8.0
0.0093432581461662,0.0076923972417318,0.01048899155181,98.32438564300536,0.0113963742066458,1.1088533401489258,0.0020642545122565,1.6913437843322754,0.0656884374745175,11,8.0
0.0007493650121738,0.0079080644532951,0.0065348307837093,97.00706434249878,0.0059604577536724,0.9812984466552734,0.0006186521885605,1.288377285003662,0.0224634524081247,12,8.0
0.0049263223897292,0.0081652988273606,0.0074152690227642,94.18113255500792,0.0121549496817,0.9552013874053956,0.0010459732447306,1.4682910442352295,0.0174202610394409,13,8.0
0.0001346876808368,0.0018784562520505,0.0010099968332642,95.9744267463684,0.0087268591533435,0.6783478260040283,0.0014352936147312,1.154935598373413,0.0261597641810047,14,8.0
0.0003447599764181,0.0069677880266598,0.0032280941460955,99.12955498695374,0.0034499652295679,1.1943867206573486,0.0006655639591565,1.6487445831298828,0.0073373085451189,15,8.0
0.0419822811839449,0.0293884798653125,0.0391666881204929,96.88906288146973,0.0025683443927727,0.8985152244567871,0.0012941415487654,1.4770164489746094,0.0182744431489165,16,8.0
0.020270414174879,0.0180006894102793,0.0133697288481918,97.00561213493349,0.0080447605608781,0.86171555519104,0.0007333037310119,1.6126115322113037,0.0348392357905815,17,8.0
0.0349012891486765,0.0049293297728349,0.0062976871219867,95.55475187301636,0.0191397093578671,0.7755429744720459,0.001228147766016,1.2948904037475586,0.0185906031984259,18,8.0
0.0074033121708705,0.008465853605561,0.0047263859772249,97.56653022766112,0.0023275619248927,1.035956621170044,0.0007404518608717,1.4123046398162842,0.0127603284656841,19,8.0
0.0186962513951699,0.0089941589785703,0.0089646311472529,98.48526859283449,0.0031865679796438,1.0692284107208252,0.0010128865703451,1.8505518436431885,0.0212102959829817,20,8.0
0.0003450850881818,0.015033063954941,0.0116241359848662,98.13650274276732,0.002076508981845,1.1234087944030762,0.0009722831933492,1.661238193511963,0.0154800055550545,21,8.0
7.638836908819096e-05,0.0027471746363783,0.0042782421226385,96.32128858566284,0.0087960288043266,0.9436261653900146,0.0033714551351585,1.4783275127410889,0.0159246723087207,22,8.0
0.0047486260434618,0.0062014063203524,0.0043257501622869,98.99088311195374,0.0038629102396843,1.3403337001800537,0.0008773349327879,1.3536429405212402,0.0135985588117057,23,8.0
0.0024355704991875,0.0133577164433152,0.0240237365490082,97.14124822616576,0.0012838062423163,1.2072303295135498,0.0007548141896065,1.5499861240386963,0.0076931688202042,24,8.0
0.0266112570680551,0.0320903618204475,0.0356902383012706,97.86689376831056,0.0166095431053796,1.0721852779388428,0.001172333171177,1.5491526126861572,0.0295428698737234,25,8.0
0.0151191232392072,0.0077462480718531,0.0061777452831503,95.01643466949464,0.0024781707577907,1.1256132125854492,0.0009520036651592,1.5893640518188477,0.0223233355008555,26,8.0
0.0145939500867036,0.0202608200425591,0.0677934510264015,95.92192721366882,0.0173422100958542,0.7065784931182861,0.001187342234607,1.376842975616455,0.0285787996199128,27,8.0
0.0082972258947825,0.0084091976462201,0.0079611942791193,95.509197473526,0.0069486999305116,0.929443359375,0.0010868293798479,1.4532771110534668,0.0237739366148958,28,8.0
4.691781250569424e-05,0.0037688138340625,0.0087083086662203,96.8447449207306,0.0084506451619322,0.9625673294067384,0.0012427436193403,1.2212145328521729,0.0220367658465113,29,8.0
0.0003937136600302,0.0078115080331209,0.0047507211030427,94.43102860450745,0.0040088885298009,0.9273483753204346,0.0004965959239723,1.541363000869751,0.021491247038549,0,16.0
0.0131898443302014,0.0093986824210326,0.0060855539728909,96.03026461601256,0.0039966835864498,1.0914733409881592,0.000992838670032,1.4322912693023682,0.0171368105222011,1,16.0
5.71398784968924e-05,0.0080779451141418,0.0091243441337502,96.42785406112672,0.0091928551613886,0.883397102355957,0.0013011934502445,1.35754656791687,0.0093187884127123,2,16.0
0.0021180266318725,0.0108396818045653,0.0064702517210667,96.83266615867616,0.0191619841011961,0.9934234619140624,0.002555774271682,1.3352370262145996,0.0203947247054026,3,16.0
4.9632607295839005e-05,0.0027922127182291,0.0132329728437967,93.73141074180604,0.0037862999648437,0.8659415245056152,0.001902959917145,1.265662431716919,0.0128570058834815,4,16.0
0.0021934660178308,0.0413242940166409,0.0321310677042989,94.67811942100523,0.0025130646821232,1.0550060272216797,0.0012129783006359,1.7813279628753662,0.029062302039751,5,16.0
0.0004836222287119,0.0096002607030493,0.0037189352681573,96.82653975486755,0.0030247514692974,1.0680773258209229,0.0005904420003239,1.5820362567901611,0.0134317230913071,6,16.0
0.0007088079063778,0.0044429712009542,0.0068275592257763,93.92802596092224,0.0033898258171209,0.8516464233398438,0.0012557895157713,1.324359655380249,0.0217268412396332,7,16.0
0.0002844540653987,0.0059367082086436,0.008296519725499,94.49140405654909,0.0023330830647505,0.9827580451965332,0.0010399565882629,1.3591887950897217,0.0279964607657789,8,16.0
0.0024100634227195,0.0416072902327046,0.0257459495128904,95.18575954437256,0.0049426243192038,0.8038558959960938,0.001813004247537,1.2697556018829346,0.0130609924983199,9,16.0
0.0001177706315193,0.0092430568710784,0.0057521506087768,95.91439700126648,0.0010031053750585,1.0584890842437744,0.0006645204082258,1.3624200820922852,0.012448164437148,10,16.0
0.0014826567919455,0.0058154803689227,0.0102098282493202,95.12395095825195,0.0113963742066458,1.0855627059936523,0.0020642545122565,1.6783146858215332,0.0656884374745175,11,16.0
8.423892446064081e-05,0.0144140742148112,0.0124561511819211,97.13160490989684,0.0059604577536724,0.996274709701538,0.0006186521885605,1.3308627605438232,0.0224634524081247,12,16.0
0.0013037251818879,0.0087610209094935,0.0042088733341777,97.57226061820984,0.0121549496817,0.9470620155334472,0.0010459732447306,1.514829397201538,0.0174202610394409,13,16.0
4.856342198183613e-05,0.0020241199404959,0.0072913939814486,95.34880924224854,0.0087268591533435,0.6550288200378418,0.0014352936147312,1.107609510421753,0.0261597641810047,14,16.0
5.984706204062254e-05,0.0052834679327738,0.0065808732199393,95.25882244110107,0.0034499652295679,1.1521766185760498,0.0006655639591565,1.560659408569336,0.0073373085451189,15,16.0
0.0665256057970131,0.0546846545221983,0.0600733923116081,96.32474184036256,0.0025683443927727,0.939974308013916,0.0012941415487654,1.511672019958496,0.0182744431489165,16,16.0
0.0003542548632502,0.0083252701092192,0.0039588442702878,95.91711354255676,0.0080447605608781,0.8090498447418213,0.0007333037310119,1.4963021278381348,0.0348392357905815,17,16.0
0.0353517602955564,0.0053375124182668,0.0069113877651683,97.97293877601624,0.0191397093578671,0.720844030380249,0.001228147766016,1.2238616943359375,0.0185906031984259,18,16.0
0.0018896572602975,0.0086448412350287,0.0037281681066393,97.4084095954895,0.0023275619248927,0.9923696517944336,0.0007404518608717,1.2901296615600586,0.0127603284656841,19,16.0
0.0011457392980111,0.0073546393348551,0.0090678901006377,95.51590991020204,0.0031865679796438,1.0476970672607422,0.0010128865703451,1.9000985622406008,0.0212102959829817,20,16.0
6.540487480145203e-05,0.0128588505430879,0.0095662050566557,95.96582674980164,0.002076508981845,1.1566669940948486,0.0009722831933492,1.6990549564361572,0.0154800055550545,21,16.0
6.370241043566944e-05,0.002224619560397,0.0027843688074692,98.02103447914124,0.0087960288043266,0.958378791809082,0.0033714551351585,1.496288537979126,0.0159246723087207,22,16.0
0.0002778166963567,0.0053657759605812,0.0026736593450838,94.85674548149107,0.0038629102396843,1.313227891921997,0.0008773349327879,1.3510613441467283,0.0135985588117057,23,16.0
0.0003389549466056,0.0144803114724443,0.0274008384458313,94.73892140388487,0.0012838062423163,1.1724989414215088,0.0007548141896065,1.5862643718719482,0.0076931688202042,24,16.0
0.0128004066921897,0.0272955487475706,0.0492536995262243,98.7794280052185,0.0166095431053796,1.0344102382659912,0.001172333171177,1.5342121124267578,0.0295428698737234,25,16.0
7.7941573832437e-05,0.0071231820784637,0.0061208985577909,95.39146375656128,0.0024781707577907,1.1505944728851318,0.0009520036651592,1.6293787956237793,0.0223233355008555,26,16.0
0.0078575953386344,0.0330305396337979,0.0483915584180555,94.17079710960388,0.0173422100958542,0.6825008392333984,0.001187342234607,1.3600709438323977,0.0285787996199128,27,16.0
0.0028896187120541,0.0068924261689305,0.0058193558856864,95.12935137748718,0.0069486999305116,0.931257963180542,0.0010868293798479,1.5916352272033691,0.0237739366148958,28,16.0
0.0017043239428363,0.0651023634445721,0.0046000554935548,104.89614391326904,0.0084506451619322,0.9824380874633788,0.0012427436193403,1.215221881866455,0.0220367658465113,29,16.0
9.22334699472338e-05,0.0079034861819089,0.005435976824978,97.96511268615724,0.0040088885298009,0.9433796405792236,0.0004965959239723,1.6358082294464111,0.021491247038549,0,32.0
0.0004323109785701,0.0084104983415951,0.0074937469951167,95.74957942962646,0.0039966835864498,1.0640695095062256,0.000992838670032,1.3626081943511963,0.0171368105222011,1,32.0
4.530184677157267e-05,0.0069587075581426,0.0056536993862598,100.58343505859376,0.0091928551613886,0.963149070739746,0.0013011934502445,1.460620641708374,0.0093187884127123,2,32.0
0.0007737855659374,0.0119768845690482,0.0082083123714879,97.74626302719116,0.0191619841011961,1.0254218578338623,0.002555774271682,1.3364803791046145,0.0203947247054026,3,32.0
4.13599656267268e-05,0.0017591747858142,0.0072469746294376,96.46378827095032,0.0037862999648437,0.8786187171936035,0.001902959917145,1.3173644542694092,0.0128570058834815,4,32.0
0.00877653926459,0.038281601575573,0.0166921436522277,98.82853198051453,0.0025130646821232,1.0512065887451172,0.0012129783006359,1.6818575859069824,0.029062302039751,5,32.0
5.642540387366113e-05,0.0097110040479683,0.0057667190714003,94.50565910339355,0.0030247514692974,1.0880475044250488,0.0005904420003239,1.6916401386260986,0.0134317230913071,6,32.0
3.746192668653281e-05,0.0061778393567728,0.0086887671516608,98.361172914505,0.0033898258171209,0.8699862957000732,0.0012557895157713,1.3704862594604492,0.0217268412396332,7,32.0
4.3934186272098775e-05,0.0026706626101397,0.0085715023633958,97.14770936965942,0.0023330830647505,0.9827444553375244,0.0010399565882629,1.336106300354004,0.0279964607657789,8,32.0
0.001961363379667,0.0421164779411503,0.0273511017596366,96.92241740226746,0.0049426243192038,0.7886776924133301,0.001813004247537,1.2425720691680908,0.0130609924983199,9,32.0
6.908332267544873e-05,0.0095814287638841,0.0060930756461134,95.48750734329224,0.0010031053750585,1.0421624183654783,0.0006645204082258,1.3777697086334229,0.012448164437148,10,32.0
8.757773394190148e-05,0.0052297132811685,0.0065423477739168,100.23557209968568,0.0113963742066458,1.10129714012146,0.0020642545122565,1.706296443939209,0.0656884374745175,11,32.0
6.207404042310646e-05,0.0084974410987672,0.0043661622650551,98.45419836044312,0.0059604577536724,0.9995651245117188,0.0006186521885605,1.3530323505401611,0.0224634524081247,12,32.0
5.832305207222149e-05,0.0080851496280348,0.0073264399387812,97.05563402175903,0.0121549496817,0.926016330718994,0.0010459732447306,1.529679298400879,0.0174202610394409,13,32.0
4.773457111505082e-05,0.0018022769878726,0.0022667595042246,97.4117350578308,0.0087268591533435,0.6429481506347656,0.0014352936147312,1.1443700790405271,0.0261597641810047,14,32.0
4.5512036331737024e-05,0.0063195860420313,0.0034888247298456,100.24600434303284,0.0034499652295679,1.1792805194854736,0.0006655639591565,1.6136376857757568,0.0073373085451189,15,32.0
0.0654224235701636,0.0404226296231154,0.0730623352379782,96.37739515304564,0.0025683443927727,0.9965741634368896,0.0012941415487654,1.6755328178405762,0.0182744431489165,16,32.0
0.0146436530510462,0.0149919325160284,0.0192528477292996,95.93131756782532,0.0080447605608781,0.7877912521362305,0.0007333037310119,1.475966453552246,0.0348392357905815,17,32.0
0.001034599222399,0.0029485893806149,0.002804756232587,94.5462703704834,0.0191397093578671,0.7041146755218506,0.001228147766016,1.2213938236236572,0.0185906031984259,18,32.0
0.0031368794882878,0.0354364770496071,0.0471803504380455,97.75337505340576,0.0023275619248927,1.019324541091919,0.0007404518608717,1.3499102592468262,0.0127603284656841,19,32.0
0.0004111288561223,0.0072402779808993,0.0088752797712835,96.85982036590576,0.0031865679796438,1.061178207397461,0.0010128865703451,1.7703149318695068,0.0212102959829817,20,32.0
4.96041019570866e-05,0.0127531077751971,0.007930795082402,100.9238667488098,0.002076508981845,1.2250771522521973,0.0009722831933492,1.767171859741211,0.0154800055550545,21,32.0
6.173750129122208e-05,0.0038989054255985,0.0072433331198187,84.63469123840332,0.0087960288043266,0.8618359565734863,0.0033714551351585,1.3216936588287354,0.0159246723087207,22,32.0
8.001983231384161e-05,0.0028903148008411,0.0025078447489303,96.06677746772766,0.0038629102396843,1.3745083808898926,0.0008773349327879,1.4257829189300537,0.0135985588117057,23,32.0
4.2781205604055146e-05,0.0027479346809688,0.0034769380395233,97.00086402893066,0.0012838062423163,1.1481120586395264,0.0007548141896065,1.529428005218506,0.0076931688202042,24,32.0
0.0044117623939439,0.0302280632360253,0.0210457577524871,96.20695543289185,0.0166095431053796,1.0030100345611572,0.001172333171177,1.4563307762145996,0.0295428698737234,25,32.0
3.7603423587436366e-05,0.0062105132324549,0.003428129361092,101.338636636734,0.0024781707577907,1.1198623180389404,0.0009520036651592,1.6395831108093262,0.0223233355008555,26,32.0
0.0005053183595266,0.0064926584305794,0.0112373246163818,96.2287368774414,0.0173422100958542,0.6859362125396729,0.001187342234607,1.3177568912506104,0.0285787996199128,27,32.0
0.0002237696515586,0.0050797352105692,0.0054247571848682,98.14225959777832,0.0069486999305116,0.8989768028259277,0.0010868293798479,1.4219441413879397,0.0237739366148958,28,32.0
0.0088098111136267,0.0052829419554719,0.0703064226153242,58.2265989780426,0.0084506451619322,0.9065701961517334,0.0012427436193403,1.1614596843719482,0.0220367658465113,29,32.0
8.155415401868889e-05,0.0069134531584365,0.0039813009989501,122.93180799484252,0.0040088885298009,1.019190549850464,0.0004965959239723,1.689255952835083,0.021491247038549,0,64.0
5.411104361613406e-05,0.0087843181248897,0.009126663906918,115.46157455444336,0.0039966835864498,1.11732816696167,0.000992838670032,1.475105047225952,0.0171368105222011,1,64.0
0.0170763882798202,0.0610023200542367,0.0290450493386503,83.0373604297638,0.0091928551613886,0.9648406505584716,0.0013011934502445,1.5320122241973877,0.0093187884127123,2,64.0
5.045009099548341e-05,0.0049884097915547,0.0058820418525534,115.8653974533081,0.0191619841011961,0.9656944274902344,0.002555774271682,1.2623348236083984,0.0203947247054026,3,64.0
4.027690653124472e-05,0.0053139629783508,0.0082528648789957,116.67610096931458,0.0037862999648437,1.2389466762542725,0.001902959917145,1.90503454208374,0.0128570058834815,4,64.0
0.0057337653936599,0.0329496164447175,0.0277102264277786,124.29250884056091,0.0025130646821232,1.090991735458374,0.0012129783006359,2.0048646926879883,0.029062302039751,5,64.0
4.282479214383999e-05,0.0085288324195195,0.0052504567597367,127.80770206451416,0.0030247514692974,1.2351365089416504,0.0005904420003239,1.708287477493286,0.0134317230913071,6,64.0
3.763854896782214e-05,0.0051167931816328,0.0064115425683335,125.31187415122986,0.0033898258171209,0.8530542850494385,0.0012557895157713,1.319056272506714,0.0217268412396332,7,64.0
3.59104717570502e-05,0.0028067317171614,0.0032691010758423,115.78509712219238,0.0023330830647505,1.045520544052124,0.0010399565882629,1.4134478569030762,0.0279964607657789,8,64.0
0.0021114620351228,0.0411001287595732,0.0300990807842261,115.06861972808838,0.0049426243192038,0.8527729511260986,0.001813004247537,1.2869961261749268,0.0130609924983199,9,64.0
7.120334035980446e-05,0.0082389439102152,0.0064508590256714,87.5061423778534,0.0010031053750585,1.1535897254943848,0.0006645204082258,1.4537239074707031,0.012448164437148,10,64.0
4.037198963732965e-05,0.0073965456795802,0.0072826635843715,112.40693759918211,0.0113963742066458,1.047797679901123,0.0020642545122565,1.6696906089782717,0.0656884374745175,11,64.0
6.117177206973838e-05,0.009050042320073,0.0039392794610729,81.83292937278748,0.0059604577536724,1.064567804336548,0.0006186521885605,1.4160068035125732,0.0224634524081247,12,64.0
4.643635920274317e-05,0.0062356314840112,0.0047981483379347,114.45115494728088,0.0121549496817,0.9465186595916748,0.0010459732447306,1.5279154777526855,0.0174202610394409,13,64.0
4.785433533714226e-05,0.0028730625582336,0.0053642725111652,100.41148972511292,0.0087268591533435,0.6969149112701416,0.0014352936147312,1.2494220733642578,0.0261597641810047,14,64.0
4.257394217590897e-05,0.0054760811327823,0.0032185136290271,100.031103849411,0.0034499652295679,1.1601476669311523,0.0006655639591565,1.6328339576721191,0.0073373085451189,15,64.0
0.0541426855056551,0.0537995006681977,0.06032069555933,110.17569375038148,0.0025683443927727,1.030717134475708,0.0012941415487654,1.7751951217651367,0.0182744431489165,16,64.0
6.073243338251173e-05,0.0064705536151461,0.0042221192121738,117.65019607543944,0.0080447605608781,0.8854377269744873,0.0007333037310119,1.5777935981750488,0.0348392357905815,17,64.0
5.340291804096046e-05,0.0034571589640067,0.0036439350841835,116.18714904785156,0.0191397093578671,0.7900121212005615,0.001228147766016,1.2789738178253174,0.0185906031984259,18,64.0
0.001062546676847,0.0427414437659314,0.0263948637601647,112.95203995704652,0.0023275619248927,1.1939027309417725,0.0007404518608717,1.2819428443908691,0.0127603284656841,19,64.0
4.8739394826136095e-05,0.0060028605111135,0.009725264381096,109.84771394729614,0.0031865679796438,1.1706795692443848,0.0010128865703451,2.0866103172302246,0.0212102959829817,20,64.0
4.8458564112226674e-05,0.012033758558772,0.0084912040340054,125.45558214187622,0.002076508981845,1.1959495544433594,0.0009722831933492,1.7058601379394531,0.0154800055550545,21,64.0
6.119299986339459e-05,0.0033721914715062,0.0049282452163863,61.23132085800171,0.0087960288043266,1.068448781967163,0.0033714551351585,1.5012314319610596,0.0159246723087207,22,64.0
7.262314205629023e-05,0.0016660972682059,0.0022796442036202,98.70659255981444,0.0038629102396843,1.424750804901123,0.0008773349327879,1.4109926223754885,0.0135985588117057,23,64.0
4.295205057478861e-05,0.0024910438319289,0.0068177982998971,113.8657124042511,0.0012838062423163,1.3011674880981443,0.0007548141896065,1.882744550704956,0.0076931688202042,24,64.0
7.493384544258926e-05,0.0030258223254057,0.0027195561351317,117.33047580718994,0.0166095431053796,1.0436718463897705,0.001172333171177,1.6476047039031982,0.0295428698737234,25,64.0
3.251250090134938e-05,0.0063862898949829,0.0034304213095827,96.08600616455078,0.0024781707577907,1.1427001953125,0.0009520036651592,1.6686680316925049,0.0223233355008555,26,64.0
5.0380572438846205e-05,0.0036665936277252,0.0032277086396377,124.53851747512816,0.0173422100958542,0.765721321105957,0.001187342234607,1.4048516750335691,0.0285787996199128,27,64.0
4.46457860660665e-05,0.0058902579987623,0.0046412861577624,111.00004029273988,0.0069486999305116,0.9717609882354736,0.0010868293798479,1.6847517490386963,0.0237739366148958,28,64.0
0.0107390584109403,0.0025152255460778,0.06996049815979,47.18139696121216,0.0084506451619322,0.9483134746551514,0.0012427436193403,1.2251291275024414,0.0220367658465113,29,64.0
7.517624471189792e-05,0.0078123675076047,0.0055730918782591,106.03201723098756,0.0040088885298009,1.24233078956604,0.0004965959239723,2.072896242141724,0.021491247038549,0,128.0
5.211723761619677e-05,0.0080343441317961,0.0065913273485493,113.29977297782898,0.0039966835864498,1.1022636890411377,0.000992838670032,1.5821051597595217,0.0171368105222011,1,128.0
4.539549596145701e-05,0.0063536265700403,0.0048917154458833,55.27306842803955,0.0091928551613886,0.9003419876098633,0.0013011934502445,1.3585877418518066,0.0093187884127123,2,128.0
5.0572993118254886e-05,0.0047869739374869,0.0080150850021603,125.91353034973145,0.0191619841011961,1.020045042037964,0.002555774271682,1.3438682556152344,0.0203947247054026,3,128.0
3.8753883820682086e-05,0.0037652573660176,0.0049752484048692,76.28917813301086,0.0037862999648437,0.9642164707183838,0.001902959917145,1.5527050495147705,0.0128570058834815,4,128.0
0.005767673206211,0.0322464522641457,0.0269683828166196,82.80350303649902,0.0025130646821232,1.1111323833465576,0.0012129783006359,1.7660555839538574,0.029062302039751,5,128.0
4.494091902888335e-05,0.0057890869223011,0.0033542293277007,115.02924799919128,0.0030247514692974,1.3129186630249023,0.0005904420003239,1.77643084526062,0.0134317230913071,6,128.0
3.555231530174933e-05,0.0030363323566086,0.004905133911709,105.47197151184082,0.0033898258171209,1.2035365104675293,0.0012557895157713,1.5252764225006104,0.0217268412396332,7,128.0
3.496645278991961e-05,0.0029129526971437,0.0053376829160148,86.17249464988708,0.0023330830647505,1.1009118556976318,0.0010399565882629,1.5357978343963623,0.0279964607657789,8,128.0
0.0021179398955995,0.0416393016666346,0.0270089261852173,94.17951464653017,0.0049426243192038,0.81949782371521,0.001813004247537,1.332319259643555,0.0130609924983199,9,128.0
6.65916412904625e-05,0.0067555289209412,0.0038357385856213,74.77615070343018,0.0010031053750585,1.2771735191345217,0.0006645204082258,1.6522881984710691,0.012448164437148,10,128.0
3.993417535951283e-05,0.0046304547494367,0.0081379681980388,89.54972624778748,0.0113963742066458,1.2133724689483645,0.0020642545122565,1.695523023605347,0.0656884374745175,11,128.0
6.143036899406058e-05,0.0081725890645841,0.0030102647254934,81.63283944129944,0.0059604577536724,1.154507398605347,0.0006186521885605,1.5231449604034424,0.0224634524081247,12,128.0
4.8416427159388616e-05,0.0087746926514576,0.0074169413963188,124.66993355751038,0.0121549496817,1.116314172744751,0.0010459732447306,1.7623331546783447,0.0174202610394409,13,128.0
4.750995553081857e-05,0.0039030450754455,0.0053028805313216,91.93544220924376,0.0087268591533435,0.8346207141876221,0.0014352936147312,1.3561158180236816,0.0261597641810047,14,128.0
4.2266695711031446e-05,0.0058557260920506,0.0033853020543683,127.4401957988739,0.0034499652295679,1.3910799026489258,0.0006655639591565,1.8776419162750244,0.0073373085451189,15,128.0
0.0153886190968572,0.0731156916776488,0.0140532173526433,143.71874928474426,0.0025683443927727,1.370359182357788,0.0012941415487654,2.0704541206359863,0.0182744431489165,16,128.0
5.6069202953782735e-05,0.0081398884732135,0.0047917201907873,99.99280214309692,0.0080447605608781,1.0542800426483154,0.0007333037310119,1.9107508659362795,0.0348392357905815,17,128.0
4.083186912208584e-05,0.0032364750522759,0.0032303461001409,99.44477653503418,0.0191397093578671,1.2345354557037354,0.001228147766016,1.498161554336548,0.0185906031984259,18,128.0
0.0012058316218141,0.0401890962861892,0.0265141837553663,121.08664655685423,0.0023275619248927,1.0545811653137207,0.0007404518608717,1.379855394363403,0.0127603284656841,19,128.0
4.3658766572807206e-05,0.0058754050615203,0.0029191290665875,133.2775001525879,0.0031865679796438,1.17387056350708,0.0010128865703451,2.0523345470428467,0.0212102959829817,20,128.0
4.767092727293957e-05,0.0101211935385353,0.0059961852112122,69.40224599838257,0.002076508981845,1.407062292098999,0.0009722831933492,2.157898187637329,0.0154800055550545,21,128.0
6.248648600988282e-05,0.003206890040295,0.0040964290695051,56.64795351028442,0.0087960288043266,1.088075876235962,0.0033714551351585,1.628249168395996,0.0159246723087207,22,128.0
7.125685225433848e-05,0.0024994402678894,0.0036729759369966,122.25718569755554,0.0038629102396843,1.6110444068908691,0.0008773349327879,1.7030038833618164,0.0135985588117057,23,128.0
4.364827169243875e-05,0.0026223623459851,0.0070570204720024,75.3414785861969,0.0012838062423163,1.3486566543579102,0.0007548141896065,1.9262926578521729,0.0076931688202042,24,128.0
0.002493738833427,0.0258194519280528,0.0437928509090184,151.13267970085144,0.0166095431053796,1.3596057891845703,0.001172333171177,1.9074828624725344,0.0295428698737234,25,128.0
3.477850189061993e-05,0.0066773426624056,0.0037943233828457,80.43515515327454,0.0024781707577907,1.380272626876831,0.0009520036651592,2.020885944366455,0.0223233355008555,26,128.0
3.373433649262643e-05,0.0034246436571893,0.0045466893490577,113.46972060203552,0.0173422100958542,0.783177375793457,0.001187342234607,1.6100661754608154,0.0285787996199128,27,128.0
4.131363092810443e-05,0.0057170539360598,0.0063904693513251,147.49474716186523,0.0069486999305116,1.0942487716674805,0.0010868293798479,1.7116692066192627,0.0237739366148958,28,128.0
0.0113103694672619,0.0028282116264746,0.0705115505378796,79.46336817741394,0.0084506451619322,1.279883623123169,0.0012427436193403,1.521207571029663,0.0220367658465113,29,128.0
7.580263729967118e-05,0.0040268302776415,0.0050999070770858,97.2998297214508,0.0040088885298009,1.395254373550415,0.0004965959239723,2.660327911376953,0.021491247038549,0,256.0
5.671377954655408e-05,0.0084794952010609,0.0058916591538239,140.66054391860962,0.0039966835864498,1.2391388416290283,0.000992838670032,1.6788983345031738,0.0171368105222011,1,256.0
4.394585609532504e-05,0.004170104787584,0.0042207907603516,65.08572912216187,0.0091928551613886,1.297957420349121,0.0013011934502445,1.7403137683868408,0.0093187884127123,2,256.0
5.07681536690304e-05,0.0048678330724104,0.006046588186074,122.46936655044556,0.0191619841011961,1.354936122894287,0.002555774271682,1.7226896286010742,0.0203947247054026,3,256.0
3.856259424369253e-05,0.002463694663441,0.0063385882073232,75.21349716186523,0.0037862999648437,1.26371169090271,0.001902959917145,1.8749935626983645,0.0128570058834815,4,256.0
0.0061273895605028,0.0238109184065231,0.0389405247321813,170.38013100624084,0.0025130646821232,1.1963160037994385,0.0012129783006359,2.0106184482574463,0.029062302039751,5,256.0
4.8530569655162266e-05,0.0058959276867899,0.0033310904137597,97.44091773033142,0.0030247514692974,1.4261455535888672,0.0005904420003239,2.1591031551361084,0.0134317230913071,6,256.0
3.593782695339905e-05,0.0027566918039545,0.0053508435704668,97.59814023971558,0.0033898258171209,1.110464334487915,0.0012557895157713,1.5758848190307615,0.0217268412396332,7,256.0
3.57432605794054e-05,0.0023967220620425,0.0048479188166826,94.9147925376892,0.0023330830647505,1.1382019519805908,0.0010399565882629,1.583857774734497,0.0279964607657789,8,256.0
0.0021008969347189,0.0419640362247288,0.0272635028521602,93.84797167778017,0.0049426243192038,0.977977991104126,0.001813004247537,1.4331893920898438,0.0130609924983199,9,256.0
6.709301551545883e-05,0.0064304948868097,0.0037396884609109,109.9567539691925,0.0010031053750585,1.8433613777160645,0.0006645204082258,2.238863706588745,0.012448164437148,10,256.0
4.369496305606605e-05,0.006632001083942,0.0097323458539188,89.61575174331665,0.0113963742066458,1.1730268001556396,0.0020642545122565,1.794905424118042,0.0656884374745175,11,256.0
6.288601351589485e-05,0.0042808918767211,0.0033784504375113,93.81539249420166,0.0059604577536724,1.0796465873718262,0.0006186521885605,1.5530478954315186,0.0224634524081247,12,256.0
4.470593599726532e-05,0.0044903153830826,0.0062290187357008,134.5213418006897,0.0121549496817,1.0704593658447266,0.0010459732447306,1.6927638053894043,0.0174202610394409,13,256.0
4.577040675318722e-05,0.00389315339968,0.0058320059640745,57.1498064994812,0.0087268591533435,0.848740816116333,0.0014352936147312,1.4740540981292725,0.0261597641810047,14,256.0
4.116654487775022e-05,0.0067777541743011,0.0041219629581349,89.09159231185913,0.0034499652295679,1.4191646575927734,0.0006655639591565,1.9145920276641848,0.0073373085451189,15,256.0
0.0142726539458248,0.0552933517977683,0.0201957653334275,139.86057877540588,0.0025683443927727,1.210857391357422,0.0012941415487654,1.906806707382202,0.0182744431489165,16,256.0
5.668114561502291e-05,0.0069690583916919,0.0055192475157954,75.28020238876343,0.0080447605608781,1.0378906726837158,0.0007333037310119,1.8322725296020508,0.0348392357905815,17,256.0
4.41161084988928e-05,0.0036039902267855,0.0050700183348497,101.36844182014464,0.0191397093578671,1.1531531810760498,0.001228147766016,1.566990613937378,0.0185906031984259,18,256.0
0.0010408911928694,0.0415817704988018,0.0267500929902786,103.25431180000304,0.0023275619248927,1.0722622871398926,0.0007404518608717,1.3957633972167969,0.0127603284656841,19,256.0
4.1295033197134376e-05,0.0057370154951403,0.010864390744481,126.67074298858644,0.0031865679796438,1.24143648147583,0.0010128865703451,1.999115228652954,0.0212102959829817,20,256.0
4.6412335101908565e-05,0.0088528462450565,0.0046588785641302,68.92377519607544,0.002076508981845,1.253319501876831,0.0009722831933492,1.8340749740600584,0.0154800055550545,21,256.0
6.198785675403107e-05,0.00309085774223,0.0045578131101802,66.86161947250366,0.0087960288043266,1.1805291175842283,0.0033714551351585,1.7445354461669922,0.0159246723087207,22,256.0
7.366441012485921e-05,0.0023493793805405,0.0062632244861566,89.29548573493958,0.0038629102396843,1.671114444732666,0.0008773349327879,1.638373851776123,0.0135985588117057,23,256.0
4.129221857227527e-05,0.0024750167914784,0.0051792098644452,107.43473982810974,0.0012838062423163,1.511932611465454,0.0007548141896065,1.843852996826172,0.0076931688202042,24,256.0
0.0036074218413505,0.0379839596798215,0.0521627743473436,101.70724821090698,0.0166095431053796,1.1469051837921145,0.001172333171177,1.7308249473571775,0.0295428698737234,25,256.0
3.420489220733088e-05,0.0056154906128593,0.004351688020234,127.97442770004272,0.0024781707577907,1.4139087200164795,0.0009520036651592,2.0189929008483887,0.0223233355008555,26,256.0
3.284026692926453e-05,0.0019726060748716,0.0028820443627112,83.77133083343506,0.0173422100958542,0.8498237133026123,0.001187342234607,1.6283092498779297,0.0285787996199128,27,256.0
4.1791981875138887e-05,0.0048527954258853,0.0030528564249437,91.3431978225708,0.0069486999305116,1.0099172592163086,0.0010868293798479,1.6637942790985107,0.0237739366148958,28,256.0
0.0016462074871911,0.066198634130521,0.0109341450916944,88.80520343780518,0.0084506451619322,1.0233209133148191,0.0012427436193403,1.3247287273406982,0.0220367658465113,29,256.0
7.505870623578659e-05,0.0029548256204812,0.0048334812532365,86.08395791053772,0.0040088885298009,1.213397741317749,0.0004965959239723,2.072507381439209,0.021491247038549,0,512.0
5.564395486331586e-05,0.0061200279911225,0.0086252841321144,112.85682892799376,0.0039966835864498,1.1225605010986328,0.000992838670032,1.5037682056427002,0.0171368105222011,1,512.0
4.374260400634711e-05,0.0051179909900353,0.0058516771400221,55.34231233596802,0.0091928551613886,0.9125876426696776,0.0013011934502445,1.439162254333496,0.0093187884127123,2,512.0
4.871816416262738e-05,0.0025899463324632,0.0031980597728621,67.3935387134552,0.0191619841011961,1.0030758380889893,0.002555774271682,1.271921157836914,0.0203947247054026,3,512.0
4.034176430128082e-05,0.0014803673496716,0.0060073030310357,62.38337111473084,0.0037862999648437,0.9566974639892578,0.001902959917145,1.440864086151123,0.0128570058834815,4,512.0
0.001787459054752,0.0081523547980482,0.0080100329326525,75.30591487884521,0.0025130646821232,1.0337285995483398,0.0012129783006359,1.690751075744629,0.029062302039751,5,512.0
4.701734980906794e-05,0.0048304703242341,0.0028251224732754,80.60971355438232,0.0030247514692974,1.2438604831695557,0.0005904420003239,1.7881019115447998,0.0134317230913071,6,512.0
3.5884804241089385e-05,0.0056814431681643,0.0051798160107317,73.39221429824829,0.0033898258171209,0.8641116619110107,0.0012557895157713,1.3899304866790771,0.0217268412396332,7,512.0
3.506255532694051e-05,0.0009072926582662,0.00384506403633,86.36719226837158,0.0023330830647505,1.1505165100097656,0.0010399565882629,1.5669174194335938,0.0279964607657789,8,512.0
3.838920328474623e-05,0.0031882661179853,0.0065034978456703,84.18187308311462,0.0049426243192038,0.7815442085266113,0.001813004247537,1.218585729598999,0.0130609924983199,9,512.0
6.693352072148681e-05,0.0058073870787652,0.0036289373733622,67.4010751247406,0.0010031053750585,1.0673153400421145,0.0006645204082258,1.3887293338775637,0.012448164437148,10,512.0
4.0919056361591696e-05,0.004730113291498,0.0070990012029447,89.17552304267883,0.0113963742066458,1.143474817276001,0.0020642545122565,1.774618148803711,0.0656884374745175,11,512.0
6.106993622116976e-05,0.003752119479005,0.0032867797897589,59.559558391571045,0.0059604577536724,1.0508458614349363,0.0006186521885605,1.3670496940612793,0.0224634524081247,12,512.0
4.374461949065618e-05,0.0047674661693141,0.0047020356585936,90.38378882408142,0.0121549496817,0.9251329898834229,0.0010459732447306,1.4766933917999268,0.0174202610394409,13,512.0
4.687754725318424e-05,0.0051876268202506,0.0068902469882385,44.3462347984314,0.0087268591533435,0.6794617176055908,0.0014352936147312,1.153230905532837,0.0261597641810047,14,512.0
4.332240469375747e-05,0.0084993437006643,0.0061064177070764,55.696388244628906,0.0034499652295679,1.15771484375,0.0006655639591565,1.5670182704925537,0.0073373085451189,15,512.0
0.0069716917220717,0.0682438120149042,0.0126709161606798,105.08035516738892,0.0025683443927727,0.989771604537964,0.0012941415487654,1.4766323566436768,0.0182744431489165,16,512.0
5.765886762937322e-05,0.0072645114293213,0.0036635463809124,56.967933177948,0.0080447605608781,0.8112382888793945,0.0007333037310119,1.499197244644165,0.0348392357905815,17,512.0
4.339382777633904e-05,0.00486256040232,0.004460377247259,54.97494435310364,0.0191397093578671,0.7798442840576172,0.001228147766016,1.258460283279419,0.0185906031984259,18,512.0
0.0010869311250871,0.0400885271100683,0.0260177903053784,88.07292914390564,0.0023275619248927,1.1580374240875244,0.0007404518608717,1.5601317882537842,0.0127603284656841,19,512.0
4.0657134448692414e-05,0.0044198671356209,0.0080876915306386,84.45775628089905,0.0031865679796438,1.0689396858215332,0.0010128865703451,1.929147243499756,0.0212102959829817,20,512.0
5.043426766407899e-05,0.0088288121656894,0.004897322687907,50.677549839019775,0.002076508981845,1.1099610328674316,0.0009722831933492,1.7981996536254885,0.0154800055550545,21,512.0
6.175836964454895e-05,0.0036143856638723,0.0063206267627959,46.52309465408325,0.0087960288043266,0.9219622611999512,0.0033714551351585,1.4960920810699463,0.0159246723087207,22,512.0
7.17919377176949e-05,0.0021203413924393,0.0039398339258266,70.21347069740295,0.0038629102396843,1.3958308696746826,0.0008773349327879,1.480966567993164,0.0135985588117057,23,512.0
4.151556203007741e-05,0.0024813083456337,0.0055859169892265,74.02155542373657,0.0012838062423163,1.1952741146087646,0.0007548141896065,1.5991239547729492,0.0076931688202042,24,512.0
0.0032031453055746,0.0216051471038674,0.0376487457777213,60.97538304328919,0.0166095431053796,1.0355722904205322,0.001172333171177,1.5314602851867676,0.0295428698737234,25,512.0
3.411017089484473e-05,0.0049969307162596,0.0035932016360415,82.42042636871338,0.0024781707577907,1.182602882385254,0.0009520036651592,1.5717580318450928,0.0223233355008555,26,512.0
3.284469684746345e-05,0.0018951203027051,0.003550770835508,60.03611207008362,0.0173422100958542,0.676776647567749,0.001187342234607,1.3305907249450684,0.0285787996199128,27,512.0
4.148069478980092e-05,0.0049072087991019,0.0060711947061458,73.28584814071655,0.0069486999305116,0.9930918216705322,0.0010868293798479,1.6194462776184082,0.0237739366148958,28,512.0
0.0113606968618065,0.0030932825178593,0.0706133426712801,63.23732233047485,0.0084506451619322,1.0000414848327637,0.0012427436193403,1.1850135326385498,0.0220367658465113,29,512.0
7.518081721955931e-05,0.0040896828001852,0.0060299843895933,57.10528087615967,0.0040088885298009,0.926513671875,0.0004965959239723,1.592310667037964,0.021491247038549,0,1024.0
5.630230501354102e-05,0.0054101154988421,0.0060951040365754,86.98177719116211,0.0039966835864498,1.049734354019165,0.000992838670032,1.4294347763061523,0.0171368105222011,1,1024.0
4.399503011037383e-05,0.005697099976921,0.0064508601009295,53.12785124778748,0.0091928551613886,0.8925430774688721,0.0013011934502445,1.420216083526611,0.0093187884127123,2,1024.0
5.069864412445465e-05,0.0030119663475423,0.0033807590763159,59.920557498931885,0.0191619841011961,0.976926565170288,0.002555774271682,1.3270163536071775,0.0203947247054026,3,1024.0
4.0084021849240425e-05,0.0024327818984946,0.0067294289505509,48.80380344390869,0.0037862999648437,0.950171947479248,0.001902959917145,1.4016940593719482,0.0128570058834815,4,1024.0
0.0017824683103356,0.0088936730121715,0.0086027672450069,80.90642309188843,0.0025130646821232,1.035125494003296,0.0012129783006359,1.675828218460083,0.029062302039751,5,1024.0
4.765494130443508e-05,0.0050675261685697,0.0038136230007756,48.47706031799317,0.0030247514692974,1.1201698780059814,0.0005904420003239,1.6629104614257812,0.0134317230913071,6,1024.0
3.6312161431602726e-05,0.0052141663179291,0.0029686812279026,77.70804643630981,0.0033898258171209,0.8386905193328857,0.0012557895157713,1.3362438678741455,0.0217268412396332,7,1024.0
3.375932274910139e-05,0.002836535850142,0.0059726296446495,50.88924884796143,0.0023330830647505,0.981715202331543,0.0010399565882629,1.350900173187256,0.0279964607657789,8,1024.0
0.0093047837136902,0.01014844041024,0.0228055110735089,101.14997482299805,0.0049426243192038,0.7745060920715332,0.001813004247537,1.2530810832977295,0.0130609924983199,9,1024.0
6.49461820780887e-05,0.0052534235892577,0.0038577120192769,55.48730707168579,0.0010031053750585,1.1143429279327393,0.0006645204082258,1.4865593910217283,0.012448164437148,10,1024.0
3.932899652067482e-05,0.0058913597826037,0.0069465080110331,61.5436429977417,0.0113963742066458,1.0697436332702637,0.0020642545122565,1.7705349922180176,0.0656884374745175,11,1024.0
7.687450429922176e-05,0.0179023595645293,0.017577555805056,60.7265362739563,0.0059604577536724,1.0600004196166992,0.0006186521885605,1.468407392501831,0.0224634524081247,12,1024.0
4.296290583125639e-05,0.0048337703935184,0.0042490026901123,57.72175145149231,0.0121549496817,0.9327869415283204,0.0010459732447306,1.508115530014038,0.0174202610394409,13,1024.0
4.642363081075832e-05,0.0047326932873892,0.0068211718355421,46.92746472358704,0.0087268591533435,0.6736283302307129,0.0014352936147312,1.1243267059326172,0.0261597641810047,14,1024.0
4.254691936202981e-05,0.0084452249219778,0.0064072261776068,53.681156873703,0.0034499652295679,1.1762332916259766,0.0006655639591565,1.688321590423584,0.0073373085451189,15,1024.0
0.0104135041959738,0.06350216637697,0.024737906277573,101.88197112083436,0.0025683443927727,0.9504890441894532,0.0012941415487654,1.4606645107269287,0.0182744431489165,16,1024.0
5.834969525327175e-05,0.0073523588549856,0.0042670486291785,56.02730584144592,0.0080447605608781,0.846698522567749,0.0007333037310119,1.6307775974273682,0.0348392357905815,17,1024.0
4.05193543046356e-05,0.0033351624050202,0.0048564267555377,70.9300103187561,0.0191397093578671,0.7986941337585449,0.001228147766016,1.3104827404022217,0.0185906031984259,18,1024.0
0.0012595489276013,0.0381513768328529,0.0259868031130972,89.78816056251526,0.0023275619248927,0.9779052734375,0.0007404518608717,1.265272617340088,0.0127603284656841,19,1024.0
4.1669651835174463e-05,0.0052275527391072,0.00630443701052,76.86987161636353,0.0031865679796438,1.0616059303283691,0.0010128865703451,1.847313642501831,0.0212102959829817,20,1024.0
4.9441448299699286e-05,0.0092085935353557,0.0054400899722978,45.62475633621216,0.002076508981845,1.3181352615356443,0.0009722831933492,1.7310004234313965,0.0154800055550545,21,1024.0
6.242233659711217e-05,0.0039300090036489,0.0063219774121465,46.488181591033936,0.0087960288043266,0.922943115234375,0.0033714551351585,1.4163146018981934,0.0159246723087207,22,1024.0
7.39129888684964e-05,0.0019698013063361,0.0034211703596319,60.16702651977539,0.0038629102396843,1.3534283638000488,0.0008773349327879,1.4220776557922363,0.0135985588117057,23,1024.0
4.229421936855124e-05,0.0032674062474387,0.0045474616627655,60.40464448928833,0.0012838062423163,1.1913626194000244,0.0007548141896065,1.594737529754639,0.0076931688202042,24,1024.0
0.0032119843665057,0.0257939231509536,0.0329863639728855,81.07175064086914,0.0166095431053796,1.021787405014038,0.001172333171177,1.5521917343139648,0.0295428698737234,25,1024.0
3.3953546876016225e-05,0.0052417157752379,0.0044307785829,54.00274610519409,0.0024781707577907,1.1738357543945312,0.0009520036651592,1.671892166137695,0.0223233355008555,26,1024.0
3.299769074500691e-05,0.0016717904793199,0.004673710266295,57.063782691955566,0.0173422100958542,0.6668226718902588,0.001187342234607,1.2950124740600586,0.0285787996199128,27,1024.0
4.175367794202837e-05,0.0038045863972357,0.0052326236817265,60.886558055877686,0.0069486999305116,1.074906587600708,0.0010868293798479,1.762824296951294,0.0237739366148958,28,1024.0
0.0117852299918388,0.0042095669807744,0.071337372965674,96.68378591537476,0.0084506451619322,0.9621987342834472,0.0012427436193403,1.1910576820373535,0.0220367658465113,29,1024.0
7.855831251436148e-05,0.0039452861823877,0.0048342242409931,80.694744348526,0.0040088885298009,0.9993953704833984,0.0004965959239723,1.624774694442749,0.021491247038549,0,2048.0
5.386275400031485e-05,0.0058257965226658,0.0052435536128509,86.61647820472717,0.0039966835864498,1.0991065502166748,0.000992838670032,1.422471046447754,0.0171368105222011,1,2048.0
4.3528769903367066e-05,0.0057505390450717,0.007336942781323,55.05951499938965,0.0091928551613886,0.8790493011474609,0.0013011934502445,1.3484218120574951,0.0093187884127123,2,2048.0
4.943721069735618e-05,0.0029399807285049,0.0032252063335838,73.18383550643921,0.0191619841011961,1.0106852054595947,0.002555774271682,1.3432109355926514,0.0203947247054026,3,2048.0
3.866756683726935e-05,0.0017979797988815,0.0062669772378288,59.03860330581665,0.0037862999648437,0.9182913303375244,0.001902959917145,1.377119779586792,0.0128570058834815,4,2048.0
0.0013202149625459,0.0085068387498952,0.0088485681267191,102.29984092712402,0.0025130646821232,1.0519354343414309,0.0012129783006359,1.751765489578247,0.029062302039751,5,2048.0
4.739580034480717e-05,0.0052497606325097,0.0041396220073483,59.57509684562683,0.0030247514692974,1.0929789543151855,0.0005904420003239,1.610382318496704,0.0134317230913071,6,2048.0
3.587037030866602e-05,0.0063495340452864,0.0046174363179022,77.3518455028534,0.0033898258171209,0.8606588840484619,0.0012557895157713,1.3546850681304932,0.0217268412396332,7,2048.0
3.2655645607659874e-05,0.0031096227433915,0.0060447184697622,63.43266701698303,0.0023330830647505,0.9706737995147704,0.0010399565882629,1.338450908660889,0.0279964607657789,8,2048.0
0.0092577488156741,0.0076957595902211,0.019600185944783,100.43005990982056,0.0049426243192038,0.7920923233032227,0.001813004247537,1.3685925006866455,0.0130609924983199,9,2048.0
6.710314591438969e-05,0.0057108054497324,0.0036197321431267,59.409783363342285,0.0010031053750585,1.1131572723388672,0.0006645204082258,1.4206340312957764,0.012448164437148,10,2048.0
4.186965668743214e-05,0.0060677677031899,0.0085037926442353,82.3538327217102,0.0113963742066458,1.0900979042053225,0.0020642545122565,1.6730377674102783,0.0656884374745175,11,2048.0
6.118842868629848e-05,0.003676706416451,0.0030736207331658,74.8539342880249,0.0059604577536724,0.9934892654418944,0.0006186521885605,1.3030281066894531,0.0224634524081247,12,2048.0
4.38376238031113e-05,0.0047328539713761,0.0041345435764956,56.26261591911316,0.0121549496817,0.918938398361206,0.0010459732447306,1.472299575805664,0.0174202610394409,13,2048.0
4.648617372166412e-05,0.0051970928800552,0.0069576998630314,50.286332845687866,0.0087268591533435,0.6702680587768555,0.0014352936147312,1.1311249732971191,0.0261597641810047,14,2048.0
4.273715044941968e-05,0.0086007522981855,0.0061544454018587,50.913246393203735,0.0034499652295679,1.153200387954712,0.0006655639591565,1.598085641860962,0.0073373085451189,15,2048.0
0.0183748504653768,0.0279560906126942,0.0298921424411111,100.64555859565736,0.0025683443927727,0.967745304107666,0.0012941415487654,1.4481074810028076,0.0182744431489165,16,2048.0
5.640710828315559e-05,0.0076399623771901,0.0040780062801714,68.38352799415588,0.0080447605608781,0.8293142318725586,0.0007333037310119,1.5497775077819824,0.0348392357905815,17,2048.0
4.293304690199765e-05,0.0028706280091439,0.0042609851065623,80.77611875534058,0.0191397093578671,0.7698895931243896,0.001228147766016,1.2843918800354004,0.0185906031984259,18,2048.0
0.004380463423476,0.0178935407290726,0.0081409753087895,98.71974062919617,0.0023275619248927,0.9986932277679444,0.0007404518608717,1.3151726722717283,0.0127603284656841,19,2048.0
4.173497077455031e-05,0.0042227041766767,0.0078339813758732,82.37298321723938,0.0031865679796438,1.1283109188079834,0.0010128865703451,1.8940424919128416,0.0212102959829817,20,2048.0
4.904947091980047e-05,0.0094000830875967,0.0046221439361609,60.108532667160034,0.002076508981845,1.256907939910889,0.0009722831933492,1.8482515811920168,0.0154800055550545,21,2048.0
6.19198059070699e-05,0.0033723332925563,0.0041728897207252,64.93111228942871,0.0087960288043266,0.9394683837890624,0.0033714551351585,1.4884862899780271,0.0159246723087207,22,2048.0
7.03995905536492e-05,0.00190599707977,0.0040910231778004,66.0300943851471,0.0038629102396843,1.3370282649993896,0.0008773349327879,1.402275562286377,0.0135985588117057,23,2048.0
4.264509494477838e-05,0.0030583036895292,0.005013441242814,62.214460372924805,0.0012838062423163,1.1433708667755127,0.0007548141896065,1.5306065082550049,0.0076931688202042,24,2048.0
0.01544467758703,0.0115038504690006,0.004219651952876,99.93486404418944,0.0166095431053796,0.994931936264038,0.001172333171177,1.4302117824554443,0.0295428698737234,25,2048.0
3.453877097612616e-05,0.0055563749155965,0.0048470933881667,64.23504567146301,0.0024781707577907,1.155625343322754,0.0009520036651592,1.7023212909698486,0.0223233355008555,26,2048.0
3.3977672291870174e-05,0.0015175170359779,0.0045431022798574,58.65434813499451,0.0173422100958542,0.6814627647399902,0.001187342234607,1.34594988822937,0.0285787996199128,27,2048.0
4.112350604082623e-05,0.003704160168557,0.0055685309830616,70.53902196884155,0.0069486999305116,0.962449312210083,0.0010868293798479,1.593863010406494,0.0237739366148958,28,2048.0
0.0110941063039623,0.0027587880812611,0.0698879951479949,98.8051221370697,0.0084506451619322,0.9192051887512208,0.0012427436193403,1.1537432670593262,0.0220367658465113,29,2048.0
