Amari LBFGSB,Dilations error LBFGSB,Shifts error LBFGSB,Time LBFGSB,Amari MVICAD,Time MVICAD,Amari MVICAD ext,Time MVICAD ext,Amari permica,random_state,W_scale
0.12102003076195052,0.029042161906664487,0.04010154466904651,472.69512152671814,0.009648160352012646,5.2100324630737305,0.004394079831178542,7.37242865562439,0.1799035454999362,0,0.25
0.13740023383031244,0.04480408752345937,0.05941466207007826,479.01105761528015,0.039808349355365716,5.91614556312561,0.02133656083698125,7.189626932144165,0.19893340382760458,1,0.25
0.1281830212440745,0.02324757121279356,0.02294623458788197,434.96046924591064,0.01146371446964497,4.2870495319366455,0.005217391195040387,7.275650262832642,0.18016723326321404,2,0.25
0.11979399703438723,0.01347826508928335,0.013990226779155327,478.86184763908386,0.019113486782091668,5.9529128074646,0.005825516113721667,6.665036916732788,0.07633628597856047,3,0.25
0.2198162156331327,0.08386904959842036,0.11445401344029606,498.97562980651855,0.056950427374928315,9.369059324264526,0.08898321775104936,9.68043828010559,0.17907333119163765,4,0.25
0.08719805690143874,0.021202039444300734,0.02530581694556235,529.6834654808044,0.012585212027008862,4.196723699569702,0.005401824211609569,6.5250561237335205,0.19195692762491762,5,0.25
0.20450088127558913,0.08735414647014683,0.07937153202693382,532.5689499378204,0.06569841964940981,3.567749500274658,0.009958991793848664,8.35558533668518,0.1690863155628318,6,0.25
0.18816131950065615,0.05840801416790483,0.06041469600861003,534.8134031295776,0.022095532797329447,5.078353404998779,0.011081829121537372,8.024048328399658,0.1232930900163917,7,0.25
0.19268131390230442,0.031644759857947076,0.04048062626675008,506.2396342754364,0.048361104175279016,6.084614992141724,0.01730628344297095,7.181232929229736,0.20599192351420634,8,0.25
0.185245739648105,0.05969466275815579,0.06262811257986552,558.2622339725494,0.06455235538547965,6.848263740539551,0.023813477671577467,17.539366722106934,0.154401421726066,9,0.25
0.15469473569418057,0.03531160914319491,0.0521052650910524,569.1554396152496,0.028086500580558477,4.9162986278533936,0.005598934867027035,8.723636627197266,0.1839185518681608,10,0.25
0.14934885087216257,0.0424640157937667,0.04279449997322032,560.2141242027283,0.00914977100955014,4.718055725097656,0.00458219775777123,7.696374893188477,0.10861542759131224,11,0.25
0.25751306273857977,0.12599203429701214,0.10956131140695384,484.93164587020874,0.030408000350389347,4.685150146484375,0.05651055479138921,7.3717358112335205,0.16436710186085804,12,0.25
0.13566039025644233,0.0568048728261848,0.06232575017142795,558.0793526172638,0.019115799045611635,5.423705816268921,0.04894028441790539,26.54605269432068,0.12888354224758727,13,0.25
0.20563259279357426,0.07821059454422492,0.11232695279605609,561.9616312980652,0.027699058088079903,5.7613513469696045,0.03972085733144228,6.9349684715271,0.10976814816583502,14,0.25
0.14496697245078302,0.019866502278400037,0.026356389635216172,561.1642422676086,0.011560327679014038,5.849959373474121,0.035159236903482535,12.278358697891235,0.1262302610449518,15,0.25
0.1691794436754985,0.05614087946891213,0.060117991479706645,495.4223680496216,0.04983197599544299,6.749553203582764,0.022445060690896385,10.47150468826294,0.16149325300508327,16,0.25
0.13128089239272772,0.10042465878565687,0.08961966367910927,533.4104127883911,0.05405402859159432,4.950740575790405,0.008412771213983348,7.802880048751831,0.1588231550191984,17,0.25
0.16789622928827402,0.07343510646486869,0.0638181925655789,535.0366196632385,0.04105880758235786,8.319456338882446,0.0045258114484528714,7.10855507850647,0.12128030122096725,18,0.25
0.3060714647037032,0.13862247186237522,0.15566956621358047,535.5135390758514,0.07724852533891935,9.526857376098633,0.1552411464248115,32.50021934509277,0.2969886101376134,19,0.25
0.15023045570337842,0.0816515939997936,0.09227725165295789,545.8955013751984,0.015874608377855072,4.243261098861694,0.02440786069360548,15.880250930786133,0.12837272093220728,20,0.25
0.15957471290289443,0.021904976619827692,0.02405208149374497,526.8025460243225,0.013959264242515187,6.029522895812988,0.0033061572803813693,7.882238864898682,0.15253368400908957,21,0.25
0.20852000720423533,0.10934109109336192,0.10429488605877255,532.3110473155975,0.0766679811390332,6.673149108886719,0.048184921038763574,7.287294626235962,0.3080483551980875,22,0.25
0.0690762922752121,0.015332132075168956,0.015334413653056288,525.4861850738525,0.01815138386860179,5.188972473144531,0.0042585591806865285,7.980357646942139,0.09946931392695416,23,0.25
0.15323198370168806,0.07143432181620957,0.07347092997296562,436.846239566803,0.07527105088209918,7.969164609909058,0.013537227316562928,14.431918859481812,0.23761611379156017,24,0.25
0.18086002956451347,0.029003050549637307,0.0605028756292037,448.70824933052063,0.021650532977561452,5.308619737625122,0.00616439671456594,9.233279705047607,0.24343040144370426,25,0.25
0.1874376295982444,0.10730814692172747,0.0939494633010315,448.10595417022705,0.06045000512072651,8.024856567382812,0.02145962771989866,10.174910306930542,0.20263372754686867,26,0.25
0.1636609557006216,0.06267265146912648,0.055507838716012274,450.55268716812134,0.06716437971745612,4.498466491699219,0.03729282284491451,6.217849016189575,0.19429869397986038,27,0.25
0.13829235530918865,0.03042969351289878,0.03898167301155628,444.8740394115448,0.041434521789101696,25.17543911933899,0.0043434085200207565,6.503364324569702,0.18356251267035956,28,0.25
0.16190061619825938,0.06469079136705948,0.07173958869312706,444.81074571609497,0.01634376284824488,5.499149560928345,0.004064166992982364,7.671175956726074,0.10298892823646548,29,0.25
0.06753449108883468,0.016712378391546746,0.01854578269503256,449.0232951641083,0.009648160352012646,4.7503931522369385,0.004394079831178542,7.26546311378479,0.1799035454999362,0,0.5
0.10731635881088195,0.02377584105812741,0.031296379257509256,451.73982882499695,0.039808349355365716,5.674546718597412,0.02133656083698125,6.662725210189819,0.19893340382760458,1,0.5
0.09686714947027943,0.021228667808772108,0.021745409762706572,439.3715579509735,0.01146371446964497,3.9721157550811768,0.005217391195040387,6.8412535190582275,0.18016723326321404,2,0.5
0.09470910681043186,0.015779027174524167,0.018907198457600846,440.8335978984833,0.019113486782091668,5.125268936157227,0.005825516113721667,5.596373796463013,0.07633628597856047,3,0.5
0.1824945248472199,0.10257798164871833,0.13048838318838943,438.8342447280884,0.056950427374928315,7.899559259414673,0.08898321775104936,8.146939039230347,0.17907333119163765,4,0.5
0.04492052781375663,0.01387227656557345,0.013820379107890454,436.0782239437103,0.012585212027008862,3.344883680343628,0.005401824211609569,5.396343231201172,0.19195692762491762,5,0.5
0.12713207077643468,0.09098980275570788,0.11151512692239915,476.5764706134796,0.06569841964940981,4.239451885223389,0.009958991793848664,9.88358473777771,0.1690863155628318,6,0.5
0.12583651290598855,0.03311330136804586,0.026764034038153875,551.5651788711548,0.022095532797329447,5.891946315765381,0.011081829121537372,9.47758150100708,0.1232930900163917,7,0.5
0.14587938211983356,0.03786055066588464,0.041213233617015295,580.7001004219055,0.048361104175279016,7.7268288135528564,0.01730628344297095,8.984740018844604,0.20599192351420634,8,0.5
0.1471200497447392,0.06948576460504799,0.05352599101866441,585.9777190685272,0.06455235538547965,7.627108573913574,0.023813477671577467,19.231401443481445,0.154401421726066,9,0.5
0.13887253294206878,0.03808703676373374,0.052445952971768864,624.8568465709686,0.028086500580558477,5.708725452423096,0.005598934867027035,10.061333179473877,0.1839185518681608,10,0.5
0.14901419573441688,0.06468498452871889,0.04297225281174143,665.5163640975952,0.00914977100955014,5.420097827911377,0.00458219775777123,8.68345022201538,0.10861542759131224,11,0.5
0.19454312727011372,0.0980952042833681,0.10987132627292782,665.8149108886719,0.030408000350389347,4.978189706802368,0.05651055479138921,7.700170516967773,0.16436710186085804,12,0.5
0.09988410000903043,0.05214825615595806,0.06683299786035224,658.2663953304291,0.019115799045611635,4.957629203796387,0.04894028441790539,25.3826904296875,0.12888354224758727,13,0.5
0.1333427318154042,0.054339532137317924,0.08102404517778065,693.1987483501434,0.027699058088079903,5.902811050415039,0.03972085733144228,7.228970050811768,0.10976814816583502,14,0.5
0.13259876611991256,0.023376492010164927,0.04060882484583481,669.263956785202,0.011560327679014038,6.48619818687439,0.035159236903482535,15.347424268722534,0.1262302610449518,15,0.5
0.13746434256228826,0.04600686808687448,0.054848661076677754,679.3238945007324,0.04983197599544299,7.734147310256958,0.022445060690896385,11.864524126052856,0.16149325300508327,16,0.5
0.09097628109994561,0.059699652659934314,0.04789524877683623,677.1329572200775,0.05405402859159432,4.897428274154663,0.008412771213983348,7.546555280685425,0.1588231550191984,17,0.5
0.08248310433549265,0.07770724538753235,0.047664771369701264,656.5497848987579,0.04105880758235786,9.31498908996582,0.0045258114484528714,7.977445363998413,0.12128030122096725,18,0.5
0.23098752709495537,0.11716044352503671,0.1268099429365457,692.7019245624542,0.07724852533891935,11.03074026107788,0.1552411464248115,35.789732456207275,0.2969886101376134,19,0.5
0.13438680338926884,0.08070419115090736,0.08663310194128414,669.9285480976105,0.015874608377855072,5.401385068893433,0.02440786069360548,18.821280241012573,0.12837272093220728,20,0.5
0.11697812443618075,0.010831150833941658,0.012033028743294445,671.2571878433228,0.013959264242515187,6.651170015335083,0.0033061572803813693,9.4110586643219,0.15253368400908957,21,0.5
0.1124673239808629,0.09890629178406478,0.0728661593241179,683.2075498104095,0.0766679811390332,8.476338386535645,0.048184921038763574,9.042332649230957,0.3080483551980875,22,0.5
0.05660970143315601,0.03360549011359781,0.03963914098692398,665.83083319664,0.01815138386860179,7.574111461639404,0.0042585591806865285,11.612124919891357,0.09946931392695416,23,0.5
0.13245712807684112,0.05041107149643924,0.05076305812280336,685.0212600231171,0.07527105088209918,9.8315269947052,0.013537227316562928,18.092182159423828,0.23761611379156017,24,0.5
0.1444630297018115,0.02563735702822674,0.05303193376722,682.1241140365601,0.021650532977561452,7.410467863082886,0.00616439671456594,12.275830268859863,0.24343040144370426,25,0.5
0.14102488330044213,0.061816222817884625,0.06760976671592851,659.6320943832397,0.06045000512072651,10.801048755645752,0.02145962771989866,13.256884813308716,0.20263372754686867,26,0.5
0.09427604839539006,0.019975575879101617,0.027656834228586877,689.9742794036865,0.06716437971745612,5.938678979873657,0.03729282284491451,8.07028579711914,0.19429869397986038,27,0.5
0.08384612084636618,0.013447325062541614,0.01743430274504688,673.7825598716736,0.041434521789101696,29.158838987350464,0.0043434085200207565,7.385974407196045,0.18356251267035956,28,0.5
0.10821724879726757,0.03264864360520255,0.03971298438207841,675.5590469837189,0.01634376284824488,5.62613844871521,0.004064166992982364,8.266402006149292,0.10298892823646548,29,0.5
0.04829225932756648,0.033519540145979985,0.0395580443294516,687.1203775405884,0.009648160352012646,5.789324760437012,0.004394079831178542,8.470093965530396,0.1799035454999362,0,1.0
0.10565300368081187,0.05296126578960076,0.06216056658223582,657.8579740524292,0.039808349355365716,7.905548810958862,0.02133656083698125,9.166616678237915,0.19893340382760458,1,1.0
0.07312046579062721,0.0198779553344216,0.019437302992927917,676.9554173946381,0.01146371446964497,5.260140657424927,0.005217391195040387,8.897156715393066,0.18016723326321404,2,1.0
0.07878901208966876,0.011540168315967929,0.012117969979949923,686.2695722579956,0.019113486782091668,7.197445631027222,0.005825516113721667,7.740168809890747,0.07633628597856047,3,1.0
0.10079550534973655,0.088527176430588,0.1340845145956423,678.3707556724548,0.056950427374928315,10.880419731140137,0.08898321775104936,10.46264362335205,0.17907333119163765,4,1.0
0.020826213094608206,0.009670888347299084,0.009340769317764444,673.4376285076141,0.012585212027008862,5.404725790023804,0.005401824211609569,7.591995000839233,0.19195692762491762,5,1.0
0.04663412617425115,0.057364929781678,0.055443037696243404,664.5081822872162,0.06569841964940981,5.10541033744812,0.009958991793848664,9.791533470153809,0.1690863155628318,6,1.0
0.13673303462318961,0.03314455295869128,0.05395166350218379,657.787935256958,0.022095532797329447,5.0753748416900635,0.011081829121537372,8.260236501693726,0.1232930900163917,7,1.0
0.09390190829121414,0.02710730857498228,0.03195197955893543,687.1257121562958,0.048361104175279016,8.741433143615723,0.01730628344297095,10.327642679214478,0.20599192351420634,8,1.0
0.10905658538744026,0.05664145346702229,0.06228098071068445,660.9275243282318,0.06455235538547965,7.886380434036255,0.023813477671577467,20.40335488319397,0.154401421726066,9,1.0
0.08309352574832972,0.01620470778711478,0.01857330004834462,668.6862065792084,0.028086500580558477,5.644341230392456,0.005598934867027035,10.104851245880127,0.1839185518681608,10,1.0
0.09429789630070103,0.020194665630463116,0.02715854588658027,666.5837721824646,0.00914977100955014,5.253215551376343,0.00458219775777123,8.646203756332397,0.10861542759131224,11,1.0
0.14787002601410082,0.06556075738176868,0.0661689106117907,645.9122066497803,0.030408000350389347,5.764150381088257,0.05651055479138921,7.889828205108643,0.16436710186085804,12,1.0
0.09098789605382439,0.04194006198788746,0.04902845264458353,700.4493889808655,0.019115799045611635,5.449567794799805,0.04894028441790539,27.113352060317993,0.12888354224758727,13,1.0
0.09516151666632308,0.035643074008148846,0.07580844784623618,683.7679722309113,0.027699058088079903,5.465744733810425,0.03972085733144228,7.021892547607422,0.10976814816583502,14,1.0
0.08562768324645469,0.012647195946417313,0.01659711672573583,692.1123037338257,0.011560327679014038,5.8959081172943115,0.035159236903482535,12.841939449310303,0.1262302610449518,15,1.0
0.08060034289013071,0.038458128459106865,0.05407257951682503,679.8594887256622,0.04983197599544299,8.39045524597168,0.022445060690896385,13.017570495605469,0.16149325300508327,16,1.0
0.06581588952669294,0.06411234021498617,0.05253963546796052,655.3308997154236,0.05405402859159432,5.212890863418579,0.008412771213983348,7.761820077896118,0.1588231550191984,17,1.0
0.04976487540462264,0.042034702203489926,0.04331252043815116,657.3488194942474,0.04105880758235786,9.198304414749146,0.0045258114484528714,7.770788908004761,0.12128030122096725,18,1.0
0.17774094758280276,0.11856378186232051,0.12129989026740601,662.8903200626373,0.07724852533891935,10.461233139038086,0.1552411464248115,35.493903398513794,0.2969886101376134,19,1.0
0.08232145101889665,0.07866651120165719,0.0771838419098812,676.4529495239258,0.015874608377855072,5.575705289840698,0.02440786069360548,19.964221954345703,0.12837272093220728,20,1.0
0.08026610263071435,0.008034744330493934,0.007732901363228383,680.0259652137756,0.013959264242515187,7.253997802734375,0.0033061572803813693,9.45845079421997,0.15253368400908957,21,1.0
0.10131763748815807,0.09412336277104072,0.052357518623471544,677.3364019393921,0.0766679811390332,8.206599473953247,0.048184921038763574,8.952874660491943,0.3080483551980875,22,1.0
0.053110576160139054,0.0336510098115585,0.031683059358599296,676.4214870929718,0.01815138386860179,6.480075120925903,0.0042585591806865285,9.991115093231201,0.09946931392695416,23,1.0
0.06039322517470047,0.01957995783879711,0.022388201856579183,675.1039338111877,0.07527105088209918,9.942484855651855,0.013537227316562928,19.555677890777588,0.23761611379156017,24,1.0
0.10516947494599034,0.02394223839052993,0.05511369046591086,571.0370833873749,0.021650532977561452,6.13492488861084,0.00616439671456594,9.23347020149231,0.24343040144370426,25,1.0
0.14211400836135193,0.058902394503984594,0.07242472818896904,565.0481059551239,0.06045000512072651,8.589049100875854,0.02145962771989866,10.827533960342407,0.20263372754686867,26,1.0
0.08780270742885003,0.03669760691949406,0.03319091810198452,556.6774053573608,0.06716437971745612,4.67515230178833,0.03729282284491451,6.840929985046387,0.19429869397986038,27,1.0
0.06645749461614706,0.04053322156862603,0.0406143787913039,449.99961400032043,0.041434521789101696,27.499043941497803,0.0043434085200207565,7.012957572937012,0.18356251267035956,28,1.0
0.07140667147208657,0.02114086051363284,0.015267628962525521,423.78693079948425,0.01634376284824488,4.705427169799805,0.004064166992982364,6.678303480148315,0.10298892823646548,29,1.0
0.03251600694925652,0.00973691055190253,0.0069945990308142615,463.3469784259796,0.009648160352012646,4.087594509124756,0.004394079831178542,6.20437216758728,0.1799035454999362,0,2.0
0.06328641576340302,0.055118564547421166,0.06598843454792819,435.6138381958008,0.039808349355365716,4.802444934844971,0.02133656083698125,5.738225936889648,0.19893340382760458,1,2.0
0.06489666577736435,0.02052474017167802,0.01780675937077195,469.23108315467834,0.01146371446964497,4.200082540512085,0.005217391195040387,6.856634855270386,0.18016723326321404,2,2.0
0.05163309446549839,0.010486433944645006,0.010659129924343506,397.88094091415405,0.019113486782091668,5.262009143829346,0.005825516113721667,5.965563774108887,0.07633628597856047,3,2.0
0.11364620360634234,0.105314282394869,0.12866414543127472,453.6859974861145,0.056950427374928315,8.836287260055542,0.08898321775104936,9.09115982055664,0.17907333119163765,4,2.0
0.007727569766714593,0.009002731462408299,0.00807547827074448,418.3652939796448,0.012585212027008862,3.842564344406128,0.005401824211609569,6.000338792800903,0.19195692762491762,5,2.0
0.05821430452106687,0.07316666022597355,0.06683421779466184,452.7295413017273,0.06569841964940981,3.172431707382202,0.009958991793848664,7.847243070602417,0.1690863155628318,6,2.0
0.08378511413365669,0.021579676218146146,0.03328465226422392,420.3771803379059,0.022095532797329447,4.684997081756592,0.011081829121537372,7.6486406326293945,0.1232930900163917,7,2.0
0.06688393938233736,0.025433993116739183,0.029380632329547383,418.1147811412811,0.048361104175279016,5.700316429138184,0.01730628344297095,6.972676515579224,0.20599192351420634,8,2.0
0.0724665084759156,0.03782122981423801,0.0326319294526517,457.41316270828247,0.06455235538547965,5.735473871231079,0.023813477671577467,15.017472743988037,0.154401421726066,9,2.0
0.062192121584912705,0.01655237608827148,0.018254383526689805,460.17144894599915,0.028086500580558477,4.978659629821777,0.005598934867027035,8.678242444992065,0.1839185518681608,10,2.0
0.08016395130341986,0.016820244522176227,0.024095377081304995,414.0357789993286,0.00914977100955014,4.209457635879517,0.00458219775777123,6.84866738319397,0.10861542759131224,11,2.0
0.09376960003263521,0.03993642790261198,0.03072460965475421,413.09836649894714,0.030408000350389347,3.6934289932250977,0.05651055479138921,5.9414756298065186,0.16436710186085804,12,2.0
0.06991812056322784,0.03478424519413044,0.05594673915744684,462.8856191635132,0.019115799045611635,4.781146764755249,0.04894028441790539,22.984924793243408,0.12888354224758727,13,2.0
0.10623516799904811,0.03357367997181789,0.07399002078426616,445.87289929389954,0.027699058088079903,4.350571632385254,0.03972085733144228,5.96868634223938,0.10976814816583502,14,2.0
0.0546928399467552,0.009989201429852233,0.013147822276807851,399.06327056884766,0.011560327679014038,4.986602544784546,0.035159236903482535,10.584916591644287,0.1262302610449518,15,2.0
0.05016506244148923,0.042595046839425776,0.035245064315753756,404.6359541416168,0.04983197599544299,5.939657688140869,0.022445060690896385,9.52737021446228,0.16149325300508327,16,2.0
0.07824044571950525,0.052039156830149945,0.044507457107460506,455.7909438610077,0.05405402859159432,3.7115466594696045,0.008412771213983348,5.995385646820068,0.1588231550191984,17,2.0
0.02272196968132292,0.01500751942655347,0.016094739990449216,417.12048625946045,0.04105880758235786,7.462684392929077,0.0045258114484528714,6.296833276748657,0.12128030122096725,18,2.0
0.12067981744839773,0.09021097622222816,0.09715158800453398,467.4010422229767,0.07724852533891935,8.97111177444458,0.1552411464248115,28.529470205307007,0.2969886101376134,19,2.0
0.0705623194824446,0.07185432133285144,0.0706031230766265,417.60480070114136,0.015874608377855072,3.9989659786224365,0.02440786069360548,15.333118438720703,0.12837272093220728,20,2.0
0.049376667272036184,0.010077680501379962,0.009040890568698248,446.86243176460266,0.013959264242515187,6.047435283660889,0.0033061572803813693,8.078965425491333,0.15253368400908957,21,2.0
0.08061897336482574,0.0965708680858237,0.06414314049288952,409.46218156814575,0.0766679811390332,6.780770540237427,0.048184921038763574,7.508636236190796,0.3080483551980875,22,2.0
0.02804889038502127,0.028595346800538518,0.02709317262746708,440.33985805511475,0.01815138386860179,5.225435733795166,0.0042585591806865285,8.587746858596802,0.09946931392695416,23,2.0
0.04131530063469531,0.0199759393349735,0.023272283911681804,421.16708183288574,0.07527105088209918,7.347472190856934,0.013537227316562928,12.529506921768188,0.23761611379156017,24,2.0
0.1050910617857613,0.033915041294552715,0.06217951709220718,453.20442628860474,0.021650532977561452,5.151265382766724,0.00616439671456594,8.666375637054443,0.24343040144370426,25,2.0
0.08653160377890472,0.033454757029241784,0.054260472045289894,421.6084725856781,0.06045000512072651,8.614049434661865,0.02145962771989866,10.709572315216064,0.20263372754686867,26,2.0
0.05179358357524896,0.018453387765673162,0.026708348910608196,426.70646142959595,0.06716437971745612,4.637860536575317,0.03729282284491451,6.465356826782227,0.19429869397986038,27,2.0
0.018582223902178945,0.00808543993470797,0.007036377754143608,447.32888102531433,0.041434521789101696,25.959914684295654,0.0043434085200207565,6.425399303436279,0.18356251267035956,28,2.0
0.018964899029484082,0.013587116606236892,0.007103407988157243,453.4926381111145,0.01634376284824488,5.368191719055176,0.004064166992982364,7.44675874710083,0.10298892823646548,29,2.0
0.03029589815502734,0.009188211898728323,0.007851746311924713,434.73861742019653,0.009648160352012646,4.414362668991089,0.004394079831178542,6.74840235710144,0.1799035454999362,0,4.0
0.05276011243810771,0.04566679645616351,0.057038087702031774,422.4329981803894,0.039808349355365716,5.211923599243164,0.02133656083698125,6.247354030609131,0.19893340382760458,1,4.0
0.05634940763190044,0.015233941331768528,0.011636213968740091,436.1615936756134,0.01146371446964497,3.7025766372680664,0.005217391195040387,6.60532808303833,0.18016723326321404,2,4.0
0.009465617594816672,0.00912322599561603,0.008664723111364256,436.0188059806824,0.019113486782091668,5.239671945571899,0.005825516113721667,5.727007865905762,0.07633628597856047,3,4.0
0.09554058631037443,0.09760687501500208,0.12212012487838689,421.002281665802,0.056950427374928315,8.491757154464722,0.08898321775104936,8.279830932617188,0.17907333119163765,4,4.0
0.001231446565183782,0.008412798811796072,0.00860798292841232,422.58093452453613,0.012585212027008862,4.005779504776001,0.005401824211609569,5.972790002822876,0.19195692762491762,5,4.0
0.0189295312589163,0.05673590375257203,0.055697167359996004,464.8222370147705,0.06569841964940981,3.2446677684783936,0.009958991793848664,7.606959104537964,0.1690863155628318,6,4.0
0.05449323524272008,0.025756327675147985,0.0389736663216285,446.8847620487213,0.022095532797329447,4.72780966758728,0.011081829121537372,7.812009811401367,0.1232930900163917,7,4.0
0.061419918018377394,0.02434973509291444,0.028091835964885348,431.42790150642395,0.048361104175279016,6.12215518951416,0.01730628344297095,7.515656471252441,0.20599192351420634,8,4.0
0.05561494387867124,0.034038494752748005,0.03998869261089884,422.4388737678528,0.06455235538547965,5.969007253646851,0.023813477671577467,14.793428182601929,0.154401421726066,9,4.0
0.04577407322879663,0.01585601965534918,0.01772362188630009,428.38781571388245,0.028086500580558477,4.413898944854736,0.005598934867027035,7.954102039337158,0.1839185518681608,10,4.0
0.05931360698969179,0.0163419120645731,0.023520808914580842,460.5888817310333,0.00914977100955014,4.304146766662598,0.00458219775777123,6.9823994636535645,0.10861542759131224,11,4.0
0.066596544006749,0.03688231493687622,0.02664298303683459,414.98010897636414,0.030408000350389347,3.8546407222747803,0.05651055479138921,6.490526914596558,0.16436710186085804,12,4.0
0.05178070307480274,0.03838478455147474,0.0493327201961756,421.698771238327,0.019115799045611635,4.045617580413818,0.04894028441790539,21.417970895767212,0.12888354224758727,13,4.0
0.0740661017174267,0.03300210246488975,0.0716155147125775,472.4204955101013,0.027699058088079903,4.277223825454712,0.03972085733144228,5.607604742050171,0.10976814816583502,14,4.0
0.026740936677354377,0.009112207401498379,0.011144741157927147,442.3562800884247,0.011560327679014038,4.96742844581604,0.035159236903482535,10.982118129730225,0.1262302610449518,15,4.0
0.018577990119618085,0.021191106578072043,0.016748489788271523,412.8808581829071,0.04983197599544299,6.009907007217407,0.022445060690896385,9.344043731689453,0.16149325300508327,16,4.0
0.03720433693406887,0.04355893884867413,0.032062809454048075,424.17323184013367,0.05405402859159432,3.71323299407959,0.008412771213983348,6.099005460739136,0.1588231550191984,17,4.0
0.011388247186594222,0.015139070376402929,0.01586958717078862,451.06076192855835,0.04105880758235786,7.398731708526611,0.0045258114484528714,6.447273015975952,0.12128030122096725,18,4.0
0.10614304520748943,0.08559126472510756,0.09210713467708852,429.43637251853943,0.07724852533891935,8.854396104812622,0.1552411464248115,28.7109432220459,0.2969886101376134,19,4.0
0.04314098606328097,0.07419277267840313,0.07269519269038684,472.46514105796814,0.015874608377855072,3.7787632942199707,0.02440786069360548,14.83302903175354,0.12837272093220728,20,4.0
0.02575633584447115,0.006911814379280263,0.006857921993202624,417.71986055374146,0.013959264242515187,5.332491397857666,0.0033061572803813693,7.244388103485107,0.15253368400908957,21,4.0
0.06279421144793508,0.07979352823279033,0.04614639812027654,444.9418966770172,0.0766679811390332,7.506150722503662,0.048184921038763574,8.078781843185425,0.3080483551980875,22,4.0
0.017695734606140025,0.028301058232017905,0.026323083280168337,410.19582438468933,0.01815138386860179,5.736161470413208,0.0042585591806865285,8.8770592212677,0.09946931392695416,23,4.0
0.019469561408201948,0.016289888156128068,0.017921837911714956,441.4065113067627,0.07527105088209918,8.643092632293701,0.013537227316562928,14.430211782455444,0.23761611379156017,24,4.0
0.05307289511642975,0.020679146351657105,0.050261069611287,428.82239174842834,0.021650532977561452,5.7342376708984375,0.00616439671456594,9.494216680526733,0.24343040144370426,25,4.0
0.059205601636819705,0.033380085800786184,0.04483398097036077,448.77828192710876,0.06045000512072651,8.25382924079895,0.02145962771989866,10.071051836013794,0.20263372754686867,26,4.0
0.04495737269993741,0.01852972851548686,0.020266857121444774,427.98062348365784,0.06716437971745612,4.690571308135986,0.03729282284491451,6.688348054885864,0.19429869397986038,27,4.0
0.009157323535046984,0.01905577766401424,0.02726886938529918,443.45121026039124,0.041434521789101696,24.13908815383911,0.0043434085200207565,6.385851621627808,0.18356251267035956,28,4.0
0.00960614203402533,0.01302158950447186,0.006228241719158683,408.36302876472473,0.01634376284824488,4.496864318847656,0.004064166992982364,6.512290954589844,0.10298892823646548,29,4.0
0.029056916192168054,0.009317126978986368,0.00785822128562769,453.4615972042084,0.009648160352012646,4.660032749176025,0.004394079831178542,6.883686780929565,0.1799035454999362,0,8.0
0.054039753918422806,0.05604325560255479,0.08338249014966764,426.16615629196167,0.039808349355365716,4.860065937042236,0.02133656083698125,5.86138916015625,0.19893340382760458,1,8.0
0.05117396206495032,0.015340988554023978,0.011418974777992839,424.55871653556824,0.01146371446964497,3.632488965988159,0.005217391195040387,6.171033620834351,0.18016723326321404,2,8.0
0.00221512910497569,0.009283736099289973,0.009638053237600957,458.08885192871094,0.019113486782091668,5.778385639190674,0.005825516113721667,6.285697937011719,0.07633628597856047,3,8.0
0.0719532863440893,0.09078294689259175,0.11011841048011754,440.89646196365356,0.056950427374928315,8.50350284576416,0.08898321775104936,8.643146276473999,0.17907333119163765,4,8.0
0.00022432942951022039,0.008159567391543941,0.009153447183901568,411.4210114479065,0.012585212027008862,3.6730027198791504,0.005401824211609569,5.802857398986816,0.19195692762491762,5,8.0
0.014236552633372219,0.05711301156521287,0.057700357115453474,427.8625273704529,0.06569841964940981,3.5883212089538574,0.009958991793848664,7.977020740509033,0.1690863155628318,6,8.0
0.019793344075873093,0.014404908092546449,0.007885830639485671,466.94048857688904,0.022095532797329447,4.411328554153442,0.011081829121537372,7.458616495132446,0.1232930900163917,7,8.0
0.08279599002106984,0.034735967276805224,0.037259220475161996,470.06989789009094,0.048361104175279016,6.46268892288208,0.01730628344297095,7.418622255325317,0.20599192351420634,8,8.0
0.0382902652107832,0.034858989245966386,0.03567135643447604,425.17900466918945,0.06455235538547965,6.221285104751587,0.023813477671577467,15.545828580856323,0.154401421726066,9,8.0
0.03327285872691872,0.008103235553636687,0.008787984367986897,409.9881031513214,0.028086500580558477,3.914888620376587,0.005598934867027035,7.086214780807495,0.1839185518681608,10,8.0
0.048774954413130844,0.014090060385572395,0.018759111718080992,455.44171166419983,0.00914977100955014,4.558495759963989,0.00458219775777123,7.520889759063721,0.10861542759131224,11,8.0
0.044557629927247,0.03143193348648005,0.019151529212259974,443.06377387046814,0.030408000350389347,3.7886247634887695,0.05651055479138921,6.454449415206909,0.16436710186085804,12,8.0
0.02358968217987955,0.023623012257852828,0.06638535027819628,414.2090938091278,0.019115799045611635,4.367732286453247,0.04894028441790539,22.33000135421753,0.12888354224758727,13,8.0
0.05800734492434771,0.03228166541259002,0.0689839914286311,428.237562417984,0.027699058088079903,4.168654441833496,0.03972085733144228,5.6732189655303955,0.10976814816583502,14,8.0
0.007058491316912413,0.007911924707356821,0.010323173066355345,450.66467022895813,0.011560327679014038,4.710291624069214,0.035159236903482535,9.865660667419434,0.1262302610449518,15,8.0
0.03039127162771844,0.03416600916345245,0.03444847104924545,442.3520324230194,0.04983197599544299,6.813308954238892,0.022445060690896385,9.758487701416016,0.16149325300508327,16,8.0
0.014109364516571568,0.039493730824212814,0.027098300670449795,425.29357647895813,0.05405402859159432,4.081735134124756,0.008412771213983348,6.268553972244263,0.1588231550191984,17,8.0
0.0028188476535770217,0.007796421907991791,0.006496582227773438,417.64105200767517,0.04105880758235786,6.79503870010376,0.0045258114484528714,5.857702255249023,0.12128030122096725,18,8.0
0.09000077907696932,0.07134685248089814,0.08166240730662758,465.5259871482849,0.07724852533891935,8.526158332824707,0.1552411464248115,28.761797189712524,0.2969886101376134,19,8.0
0.048947396651228534,0.08685272396241965,0.0761239939164398,420.84567165374756,0.015874608377855072,4.16004490852356,0.02440786069360548,15.775715112686157,0.12837272093220728,20,8.0
0.01954853829050194,0.006678068256590773,0.005435423852545677,458.0783779621124,0.013959264242515187,5.961160659790039,0.0033061572803813693,7.4358649253845215,0.15253368400908957,21,8.0
0.03529611805922351,0.08063876781988805,0.05799217504531539,424.637855052948,0.0766679811390332,6.4633941650390625,0.048184921038763574,7.235514879226685,0.3080483551980875,22,8.0
0.01146639097033436,0.028419082094550806,0.026842409086742573,445.85955476760864,0.01815138386860179,5.820776700973511,0.0042585591806865285,9.130888223648071,0.09946931392695416,23,8.0
0.010883337251639839,0.011143966443493967,0.026188686366430677,405.6224524974823,0.07527105088209918,7.681188106536865,0.013537227316562928,14.251180648803711,0.23761611379156017,24,8.0
0.019831336551843094,0.017735171741883965,0.019639332977756548,451.4063971042633,0.021650532977561452,5.412552833557129,0.00616439671456594,9.238158941268921,0.24343040144370426,25,8.0
0.048303560944219684,0.025721703370305084,0.0201438536199977,406.5601558685303,0.06045000512072651,8.238789558410645,0.02145962771989866,10.544755697250366,0.20263372754686867,26,8.0
0.02695627971889033,0.015426757056300274,0.019119665152546306,459.64246106147766,0.06716437971745612,5.046145677566528,0.03729282284491451,6.572068691253662,0.19429869397986038,27,8.0
0.0017107095589590862,0.007011998725785323,0.005965399246873462,416.8413164615631,0.041434521789101696,23.020480632781982,0.0043434085200207565,6.354161500930786,0.18356251267035956,28,8.0
0.0009352157219349423,0.013775553123730251,0.005596030573101065,412.6060299873352,0.01634376284824488,4.294438123703003,0.004064166992982364,6.314708471298218,0.10298892823646548,29,8.0
0.03503269280039752,0.021334931815111823,0.015157755411829671,447.4972331523895,0.009648160352012646,4.310337066650391,0.004394079831178542,6.585917234420776,0.1799035454999362,0,16.0
0.032866150578714656,0.06185714270184306,0.06831081137643369,454.4224102497101,0.039808349355365716,5.652926921844482,0.02133656083698125,6.659357786178589,0.19893340382760458,1,16.0
0.04517517649186413,0.015392100610444746,0.010947958950722328,420.7661509513855,0.01146371446964497,3.7404258251190186,0.005217391195040387,6.56022047996521,0.18016723326321404,2,16.0
0.0002635323818573422,0.009092602596510568,0.008768768724215266,426.4907422065735,0.019113486782091668,5.269285678863525,0.005825516113721667,6.049743890762329,0.07633628597856047,3,16.0
0.06569388683193604,0.08981225761588091,0.10701551172592684,462.4883551597595,0.056950427374928315,8.468716144561768,0.08898321775104936,8.392499923706055,0.17907333119163765,4,16.0
0.00015264099405320556,0.00873385235984787,0.006827717693270481,455.2716472148895,0.012585212027008862,3.619019031524658,0.005401824211609569,5.59940505027771,0.19195692762491762,5,16.0
0.012767725074937866,0.056887141487049875,0.05432009867024936,402.2347023487091,0.06569841964940981,3.58109712600708,0.009958991793848664,8.509841442108154,0.1690863155628318,6,16.0
0.004789133142175393,0.011914600994362605,0.004900719739492562,400.7914092540741,0.022095532797329447,4.282557010650635,0.011081829121537372,7.354349374771118,0.1232930900163917,7,16.0
0.0703324634236722,0.026238788951926134,0.036698158944398186,446.90370321273804,0.048361104175279016,6.15225076675415,0.01730628344297095,7.6961376667022705,0.20599192351420634,8,16.0
0.025694063209908892,0.0334502035104305,0.036279248677799775,411.34367752075195,0.06455235538547965,6.1453118324279785,0.023813477671577467,15.403590440750122,0.154401421726066,9,16.0
0.017740904889249606,0.00735797853206709,0.007015301014069434,446.018856048584,0.028086500580558477,4.338418483734131,0.005598934867027035,7.73614239692688,0.1839185518681608,10,16.0
0.033648989983204994,0.012222809516690112,0.016116192358831206,408.8995339870453,0.00914977100955014,4.328222990036011,0.00458219775777123,6.8390421867370605,0.10861542759131224,11,16.0
0.06098805219080482,0.06863319536494882,0.061713968736778584,451.7437393665314,0.030408000350389347,4.233364105224609,0.05651055479138921,6.678641319274902,0.16436710186085804,12,16.0
0.03192050446169029,0.024031871309533655,0.06269844074049627,428.26316380500793,0.019115799045611635,4.1302289962768555,0.04894028441790539,21.184476375579834,0.12888354224758727,13,16.0
0.03756390437116527,0.02666078566617636,0.06036279123353652,427.4278128147125,0.027699058088079903,3.8266074657440186,0.03972085733144228,5.589861154556274,0.10976814816583502,14,16.0
0.0008177408705707887,0.007316768548491488,0.007874947671890986,460.47175574302673,0.011560327679014038,4.561532974243164,0.035159236903482535,9.740617513656616,0.1262302610449518,15,16.0
0.01279992713526035,0.021225118642672923,0.015228892521121962,454.53415513038635,0.04983197599544299,6.136814594268799,0.022445060690896385,9.611718893051147,0.16149325300508327,16,16.0
0.008526279903302372,0.025933799767958746,0.020104180239066228,408.71322083473206,0.05405402859159432,4.130138158798218,0.008412771213983348,6.407168626785278,0.1588231550191984,17,16.0
0.0003323978087074884,0.008219869439424387,0.00504377835934305,407.93343925476074,0.04105880758235786,7.3954243659973145,0.0045258114484528714,6.349355220794678,0.12128030122096725,18,16.0
0.08030873904658155,0.08929461297235589,0.08902831706552718,448.7422125339508,0.07724852533891935,9.079448461532593,0.1552411464248115,31.323102951049805,0.2969886101376134,19,16.0
0.02169109188342299,0.06063251092403403,0.054490827706797314,439.7950587272644,0.015874608377855072,3.992643356323242,0.02440786069360548,14.918131113052368,0.12837272093220728,20,16.0
0.01667278377547233,0.0068123724728938765,0.005307864473362191,414.32871437072754,0.013959264242515187,6.055529594421387,0.0033061572803813693,8.199259281158447,0.15253368400908957,21,16.0
0.039803764125253924,0.10438996198089971,0.05809450547996571,413.62280535697937,0.0766679811390332,7.350479364395142,0.048184921038763574,8.027154684066772,0.3080483551980875,22,16.0
0.011032429448850113,0.028310805444103426,0.026775861750525175,440.0221526622772,0.01815138386860179,5.73033595085144,0.0042585591806865285,8.743060827255249,0.09946931392695416,23,16.0
0.010755003171465098,0.01161525293267129,0.024726987065011048,432.57656502723694,0.07527105088209918,6.594018459320068,0.013537227316562928,12.952829122543335,0.23761611379156017,24,16.0
0.01328459351126019,0.014179924272924499,0.014611163524068837,434.9270770549774,0.021650532977561452,5.25089693069458,0.00616439671456594,8.521966934204102,0.24343040144370426,25,16.0
0.05316140527665235,0.02847491346016414,0.031243162252904494,433.99130725860596,0.06045000512072651,7.81870698928833,0.02145962771989866,10.032654523849487,0.20263372754686867,26,16.0
0.032146789914026835,0.030824254789839793,0.019120610174178834,436.5287790298462,0.06716437971745612,4.565450668334961,0.03729282284491451,6.406246662139893,0.19429869397986038,27,16.0
0.0004644290174842327,0.007070041604501785,0.007732732976265206,440.4931683540344,0.041434521789101696,26.660245418548584,0.0043434085200207565,6.734422445297241,0.18356251267035956,28,16.0
0.00025056976591900646,0.012752173578660393,0.003865247601215128,425.9514989852905,0.01634376284824488,5.123242378234863,0.004064166992982364,7.17063307762146,0.10298892823646548,29,16.0
0.005058190765757538,0.007903546010875116,0.006868157461346268,429.46844124794006,0.009648160352012646,4.374056577682495,0.004394079831178542,6.670414209365845,0.1799035454999362,0,32.0
0.05576608727304253,0.05125793718177396,0.06990084510136786,442.639199256897,0.039808349355365716,5.346815586090088,0.02133656083698125,6.478807687759399,0.19893340382760458,1,32.0
0.024859410387293293,0.010573548071782943,0.006964447841514337,434.5615921020508,0.01146371446964497,4.090251445770264,0.005217391195040387,7.128493070602417,0.18016723326321404,2,32.0
0.00016746119509251882,0.007877680056143647,0.008852786700508264,414.0827474594116,0.019113486782091668,5.333796739578247,0.005825516113721667,6.091349124908447,0.07633628597856047,3,32.0
0.04551892831730942,0.09081481795634429,0.10241134305531889,409.9200224876404,0.056950427374928315,8.640852928161621,0.08898321775104936,8.645215272903442,0.17907333119163765,4,32.0
0.000153584867013244,0.008000974540864413,0.005874106818334108,476.05042147636414,0.012585212027008862,3.8965203762054443,0.005401824211609569,5.9058849811553955,0.19195692762491762,5,32.0
0.012836693760786439,0.05669937654197943,0.05543872187883984,471.7556240558624,0.06569841964940981,3.079756021499634,0.009958991793848664,7.531790733337402,0.1690863155628318,6,32.0
0.018126605982445206,0.03428126238203032,0.03794801919742616,421.74394369125366,0.022095532797329447,3.86030650138855,0.011081829121537372,6.733087062835693,0.1232930900163917,7,32.0
0.049752210900916055,0.02996144593602532,0.03484222776559389,417.5959894657135,0.048361104175279016,5.592532634735107,0.01730628344297095,6.467772006988525,0.20599192351420634,8,32.0
0.02120174913213345,0.03602562583945648,0.03359902417834839,450.77452063560486,0.06455235538547965,6.64643120765686,0.023813477671577467,16.516420364379883,0.154401421726066,9,32.0
0.0014889300432001555,0.0074264645143378985,0.005242648374267411,445.2760212421417,0.028086500580558477,4.484850883483887,0.005598934867027035,8.048908233642578,0.1839185518681608,10,32.0
0.007902050881800803,0.006095020187289376,0.006688919227670273,413.7108941078186,0.00914977100955014,4.475545644760132,0.00458219775777123,7.714082479476929,0.10861542759131224,11,32.0
0.06701031381644997,0.06621443784950848,0.05675520167459801,417.7849769592285,0.030408000350389347,4.100876331329346,0.05651055479138921,6.619483232498169,0.16436710186085804,12,32.0
0.021624326105345877,0.02848981878919043,0.05492049144934363,448.42737889289856,0.019115799045611635,4.107329368591309,0.04894028441790539,22.058950185775757,0.12888354224758727,13,32.0
0.03589123377617813,0.031105241066240855,0.057884299712882954,431.15327858924866,0.027699058088079903,4.008702993392944,0.03972085733144228,5.59760594367981,0.10976814816583502,14,32.0
0.000290353389780984,0.004948240312276868,0.008424401149539953,392.53492617607117,0.011560327679014038,5.146657705307007,0.035159236903482535,10.63860297203064,0.1262302610449518,15,32.0
0.012545203175658506,0.020943873511947275,0.01886655275244349,418.3491654396057,0.04983197599544299,6.07733154296875,0.022445060690896385,9.28922152519226,0.16149325300508327,16,32.0
0.006308266690648451,0.012310407798692394,0.008911196498815898,453.0461528301239,0.05405402859159432,3.5705347061157227,0.008412771213983348,5.801691293716431,0.1588231550191984,17,32.0
0.00023636098347996781,0.010370233728833427,0.0056380788011134225,427.56950545310974,0.04105880758235786,6.10591983795166,0.0045258114484528714,5.718108415603638,0.12128030122096725,18,32.0
0.08387866578250455,0.07541987363853028,0.06743185555401214,448.9280574321747,0.07724852533891935,7.490538597106934,0.1552411464248115,27.399571418762207,0.2969886101376134,19,32.0
0.03973325720302574,0.07974609748549003,0.062431151779239816,421.01171493530273,0.015874608377855072,4.092120170593262,0.02440786069360548,13.771995782852173,0.12837272093220728,20,32.0
0.006670489606672649,0.006896779119149692,0.006274965449083581,442.1725068092346,0.013959264242515187,6.3295578956604,0.0033061572803813693,8.401344537734985,0.15253368400908957,21,32.0
0.011965457330620738,0.07877846961047938,0.05832358305695734,409.9715814590454,0.0766679811390332,7.7658514976501465,0.048184921038763574,8.163542747497559,0.3080483551980875,22,32.0
0.01112025666775322,0.02578225420599264,0.026285826830863453,457.52318024635315,0.01815138386860179,5.636155843734741,0.0042585591806865285,8.439634323120117,0.09946931392695416,23,32.0
0.019289097923086536,0.02819799320882653,0.021594943956388404,491.5028781890869,0.07527105088209918,7.487422704696655,0.013537227316562928,12.868834733963013,0.23761611379156017,24,32.0
0.0034023470616617495,0.011719923042902649,0.013334221760193344,445.546541929245,0.021650532977561452,5.89551305770874,0.00616439671456594,8.914986371994019,0.24343040144370426,25,32.0
0.04957234129659681,0.028663650533758574,0.03100798696403678,402.0093021392822,0.06045000512072651,8.913807392120361,0.02145962771989866,11.025341987609863,0.20263372754686867,26,32.0
0.015336246553680303,0.03083408118192623,0.017394515072079595,395.9356424808502,0.06716437971745612,4.504317760467529,0.03729282284491451,6.398388147354126,0.19429869397986038,27,32.0
0.00018119192067974155,0.007097201096524623,0.008833461026877034,438.5586681365967,0.041434521789101696,25.728195190429688,0.0043434085200207565,6.4820380210876465,0.18356251267035956,28,32.0
0.0001932372154559785,0.012464515812645688,0.004210465858016735,434.75413274765015,0.01634376284824488,4.601589202880859,0.004064166992982364,6.005807399749756,0.10298892823646548,29,32.0
0.0002910814123703024,0.0064981530784867505,0.0046399180479099736,458.99776220321655,0.009648160352012646,4.217544317245483,0.004394079831178542,6.178576469421387,0.1799035454999362,0,64.0
0.03251373887469328,0.06028079244192678,0.06952845795424749,350.81834506988525,0.039808349355365716,4.924884557723999,0.02133656083698125,6.110983848571777,0.19893340382760458,1,64.0
0.013607399627024539,0.009146364197182212,0.0059796909930101465,443.1976525783539,0.01146371446964497,3.922138214111328,0.005217391195040387,7.036731958389282,0.18016723326321404,2,64.0
0.00016183331782059854,0.00880853504690462,0.009231315086234851,436.2919816970825,0.019113486782091668,5.210439682006836,0.005825516113721667,5.915888786315918,0.07633628597856047,3,64.0
0.02482002801302754,0.06382135922166987,0.09151746430363293,414.45624685287476,0.056950427374928315,8.719790935516357,0.08898321775104936,8.573196649551392,0.17907333119163765,4,64.0
0.0001511776600559472,0.007765494146886751,0.0065315805351871025,496.2228157520294,0.012585212027008862,3.8005969524383545,0.005401824211609569,5.780889987945557,0.19195692762491762,5,64.0
0.013095921298414573,0.05580543801450894,0.05454033808120318,499.1094341278076,0.06569841964940981,3.6519830226898193,0.009958991793848664,8.098423957824707,0.1690863155628318,6,64.0
0.013010618066913471,0.040147924234798536,0.03989198759261799,419.66326427459717,0.022095532797329447,4.263386011123657,0.011081829121537372,6.991523265838623,0.1232930900163917,7,64.0
0.03963677805365205,0.032406260152916214,0.028090769097644155,397.67516565322876,0.048361104175279016,6.094585418701172,0.01730628344297095,7.619978904724121,0.20599192351420634,8,64.0
0.017323367071664104,0.03483761696371271,0.034150016807024834,437.3495604991913,0.06455235538547965,7.028700828552246,0.023813477671577467,16.77696466445923,0.154401421726066,9,64.0
0.000532421059035956,0.0060764432794123465,0.00614109069473335,459.975798368454,0.028086500580558477,4.342453956604004,0.005598934867027035,7.944727182388306,0.1839185518681608,10,64.0
0.0014834382725063544,0.005174185863208506,0.00625253804144017,418.7283697128296,0.00914977100955014,4.2702250480651855,0.00458219775777123,7.158535957336426,0.10861542759131224,11,64.0
0.04056541658588299,0.06617438677146636,0.053669556681569655,420.03116750717163,0.030408000350389347,3.7418594360351562,0.05651055479138921,6.382525205612183,0.16436710186085804,12,64.0
0.021757899504974133,0.026411166217688832,0.05645945695740218,473.8854365348816,0.019115799045611635,3.942864179611206,0.04894028441790539,21.74760890007019,0.12888354224758727,13,64.0
0.036040080352433265,0.03348517234697609,0.05371431598059354,439.83072543144226,0.027699058088079903,4.680041074752808,0.03972085733144228,6.000619173049927,0.10976814816583502,14,64.0
0.00025216998565969086,0.006487265270073671,0.007953958297456024,427.7365143299103,0.011560327679014038,4.8983988761901855,0.035159236903482535,10.393302202224731,0.1262302610449518,15,64.0
0.012600651433110774,0.021159108670186347,0.01637470536259039,443.92479491233826,0.04983197599544299,5.629919528961182,0.022445060690896385,8.813007116317749,0.16149325300508327,16,64.0
0.005341479173430648,0.03177752157082961,0.025222154840155803,481.5389721393585,0.05405402859159432,3.959221839904785,0.008412771213983348,6.215806245803833,0.1588231550191984,17,64.0
0.00023176873517084053,0.00973699895625739,0.005284103884465131,494.27643156051636,0.04105880758235786,6.741359233856201,0.0045258114484528714,6.124825477600098,0.12128030122096725,18,64.0
0.06278127659073077,0.07690895006107756,0.07537878863254611,418.37265849113464,0.07724852533891935,8.162736654281616,0.1552411464248115,28.22921371459961,0.2969886101376134,19,64.0
0.02018354262095606,0.06105517675055103,0.05427809676521867,426.01282811164856,0.015874608377855072,4.285853862762451,0.02440786069360548,15.87661361694336,0.12837272093220728,20,64.0
0.0007909569528525395,0.0058919337256264,0.005512648270853495,414.8146402835846,0.013959264242515187,5.387918949127197,0.0033061572803813693,7.4592649936676025,0.15253368400908957,21,64.0
0.010338157887419234,0.08326848803104452,0.054673342220825226,466.8522267341614,0.0766679811390332,6.493882894515991,0.048184921038763574,7.344299554824829,0.3080483551980875,22,64.0
0.010968315684792061,0.02301729824539258,0.02490209354925142,469.38441371917725,0.01815138386860179,5.087242126464844,0.0042585591806865285,8.245564699172974,0.09946931392695416,23,64.0
0.025815082167430614,0.028882013139885337,0.033061505067051515,387.3756973743439,0.07527105088209918,7.5506110191345215,0.013537227316562928,13.704486608505249,0.23761611379156017,24,64.0
0.0003295779026483354,0.011813098118834216,0.011699289805710797,466.1888725757599,0.021650532977561452,5.8534040451049805,0.00616439671456594,9.021682500839233,0.24343040144370426,25,64.0
0.01857261641667628,0.02606462776991568,0.029155473800509434,410.5240433216095,0.06045000512072651,7.958798885345459,0.02145962771989866,10.444824934005737,0.20263372754686867,26,64.0
0.01484418884270117,0.029997844220776823,0.018435022399873668,456.6076157093048,0.06716437971745612,5.03002405166626,0.03729282284491451,6.832300662994385,0.19429869397986038,27,64.0
0.00017738241815839256,0.0063648076354735576,0.006103379960789169,387.44131731987,0.041434521789101696,24.798943042755127,0.0043434085200207565,6.543517589569092,0.18356251267035956,28,64.0
0.0001829769185203072,0.010070038994180873,0.0038932756387169832,464.63971495628357,0.01634376284824488,4.370046138763428,0.004064166992982364,6.356006860733032,0.10298892823646548,29,64.0
0.00017373815011013173,0.004765038235569634,0.0041008730242508935,397.41954374313354,0.009648160352012646,3.6290130615234375,0.004394079831178542,5.835433721542358,0.1799035454999362,0,128.0
0.03234863324006362,0.06160264587500366,0.06761889588160605,414.70146584510803,0.039808349355365716,4.251548528671265,0.02133656083698125,5.2757039070129395,0.19893340382760458,1,128.0
0.012278584599039707,0.010592727017093535,0.006634760286475623,405.45758748054504,0.01146371446964497,3.3592233657836914,0.005217391195040387,6.089054107666016,0.18016723326321404,2,128.0
0.00015925293388433832,0.007240216307245279,0.0065446215927768905,305.36432433128357,0.019113486782091668,4.9448442459106445,0.005825516113721667,5.616778373718262,0.07633628597856047,3,128.0
0.026629404797874484,0.06529499271095218,0.09065970305465061,353.91405415534973,0.056950427374928315,7.153632640838623,0.08898321775104936,7.619232892990112,0.17907333119163765,4,128.0
0.00015756838627306274,0.006620980584872463,0.00824841960955485,292.96472096443176,0.012585212027008862,3.1082277297973633,0.005401824211609569,4.901602029800415,0.19195692762491762,5,128.0
0.012808955256414905,0.05550371765894115,0.05455157357601528,329.75439167022705,0.06569841964940981,2.9517199993133545,0.009958991793848664,7.524605989456177,0.1690863155628318,6,128.0
0.01829289570945889,0.032588271366344033,0.034749366687363226,412.7635335922241,0.022095532797329447,3.828693151473999,0.011081829121537372,6.509744167327881,0.1232930900163917,7,128.0
0.016714797841615475,0.01974663882012206,0.021588246508140743,350.68969464302063,0.048361104175279016,5.553581476211548,0.01730628344297095,6.635450601577759,0.20599192351420634,8,128.0
0.01621482117386759,0.03897120045471544,0.0401958300163926,361.7004723548889,0.06455235538547965,5.2746429443359375,0.023813477671577467,13.753563642501831,0.154401421726066,9,128.0
0.00022955370772441224,0.005068482103179666,0.004245293044861139,388.7723488807678,0.028086500580558477,4.097489833831787,0.005598934867027035,7.395195960998535,0.1839185518681608,10,128.0
0.00032703654224522296,0.0037615359077622797,0.0056786070093190226,388.311509847641,0.00914977100955014,3.8847146034240723,0.00458219775777123,6.438464403152466,0.10861542759131224,11,128.0
0.038520125342982214,0.06701925896224971,0.0492819767004589,375.1228756904602,0.030408000350389347,3.5008208751678467,0.05651055479138921,5.81083869934082,0.16436710186085804,12,128.0
0.011208836146281244,0.03314761051408206,0.0499106159668406,395.70761799812317,0.019115799045611635,3.4308676719665527,0.04894028441790539,18.92317485809326,0.12888354224758727,13,128.0
0.03661747778864253,0.029887007875302546,0.05854268732241526,378.00612473487854,0.027699058088079903,3.8236072063446045,0.03972085733144228,5.220468759536743,0.10976814816583502,14,128.0
0.00023158331712127872,0.005901199303710098,0.008484380266460183,394.72513937950134,0.011560327679014038,4.207246541976929,0.035159236903482535,9.382300615310669,0.1262302610449518,15,128.0
0.012608945472683764,0.01988813087637467,0.01524288988174724,284.5702905654907,0.04983197599544299,5.618778944015503,0.022445060690896385,8.858459949493408,0.16149325300508327,16,128.0
0.006238582161692828,0.006602404591058545,0.008315070024556092,400.2673201560974,0.05405402859159432,3.4650909900665283,0.008412771213983348,5.654444932937622,0.1588231550191984,17,128.0
0.00023112884285776398,0.008865878599332128,0.005394873451074815,308.1490144729614,0.04105880758235786,6.32895040512085,0.0045258114484528714,5.552625417709351,0.12128030122096725,18,128.0
0.019503791988273074,0.07211295249426282,0.07182060620364032,381.53898549079895,0.07724852533891935,7.851763963699341,0.1552411464248115,26.513351917266846,0.2969886101376134,19,128.0
0.040940118969641906,0.07988827795612528,0.060133509244952976,372.485249042511,0.015874608377855072,4.242181777954102,0.02440786069360548,15.18679165840149,0.12837272093220728,20,128.0
0.00025996828649088274,0.004382045738948679,0.004953291616975388,362.4337828159332,0.013959264242515187,5.100585699081421,0.0033061572803813693,6.854298830032349,0.15253368400908957,21,128.0
0.010628132968492937,0.0794085507361181,0.051037959308253125,366.15599489212036,0.0766679811390332,6.149359941482544,0.048184921038763574,6.930408239364624,0.3080483551980875,22,128.0
0.011117231214691894,0.02313721753894578,0.024676938921505624,238.99760365486145,0.01815138386860179,5.254185914993286,0.0042585591806865285,8.311328649520874,0.09946931392695416,23,128.0
0.03916430557616119,0.05071172897022299,0.04684016039117188,416.9278407096863,0.07527105088209918,6.29439115524292,0.013537227316562928,11.910565376281738,0.23761611379156017,24,128.0
0.0002482178385528127,0.01085727685289484,0.009082793964533865,370.38756132125854,0.021650532977561452,4.845628976821899,0.00616439671456594,8.082797765731812,0.24343040144370426,25,128.0
0.011753671903123503,0.028454987897845126,0.03180056457875489,378.91795444488525,0.06045000512072651,7.779200315475464,0.02145962771989866,9.662841796875,0.20263372754686867,26,128.0
0.03717759435189508,0.047225065055353926,0.027758839232779012,375.4266531467438,0.06716437971745612,4.42032790184021,0.03729282284491451,6.150669097900391,0.19429869397986038,27,128.0
0.00017619627584254075,0.004158350385849539,0.006010275927841123,403.0696177482605,0.041434521789101696,22.77259087562561,0.0043434085200207565,6.204097032546997,0.18356251267035956,28,128.0
0.0001823260505541443,0.007792903100307041,0.00377768089101549,423.59024238586426,0.01634376284824488,3.9933977127075195,0.004064166992982364,5.723388671875,0.10298892823646548,29,128.0
0.00016939536673399156,0.00460492481889723,0.004333549451046545,373.69192457199097,0.009648160352012646,3.486042022705078,0.004394079831178542,5.558877468109131,0.1799035454999362,0,256.0
0.05270243236029247,0.04963578781197007,0.06761994968905546,263.487508058548,0.039808349355365716,4.462709665298462,0.02133656083698125,5.297121047973633,0.19893340382760458,1,256.0
0.0015247392215080868,0.010711222440143229,0.005672819406208713,380.3923497200012,0.01146371446964497,3.2681944370269775,0.005217391195040387,5.739971160888672,0.18016723326321404,2,256.0
0.0001610682613427307,0.006451512710181552,0.006469653999315015,292.681027173996,0.019113486782091668,4.927296161651611,0.005825516113721667,5.476905345916748,0.07633628597856047,3,256.0
0.03735079464821791,0.0880802556526794,0.10225648455869535,358.47960019111633,0.056950427374928315,6.989867687225342,0.08898321775104936,7.45306134223938,0.17907333119163765,4,256.0
0.00016926200849536331,0.007864738320587447,0.01075445407834441,290.1065044403076,0.012585212027008862,3.54185152053833,0.005401824211609569,5.59267258644104,0.19195692762491762,5,256.0
0.013417147152228286,0.055227326605765986,0.054289060000612954,248.422691822052,0.06569841964940981,2.8492231369018555,0.009958991793848664,7.128717660903931,0.1690863155628318,6,256.0
0.017552369481912213,0.03173362631981746,0.032297806833812746,289.0036766529083,0.022095532797329447,4.071981191635132,0.011081829121537372,6.701646089553833,0.1232930900163917,7,256.0
0.02222787053702536,0.027563507309839207,0.02312256447784083,368.8918836116791,0.048361104175279016,5.364781856536865,0.01730628344297095,6.706686019897461,0.20599192351420634,8,256.0
0.01668866596286179,0.038782154813302216,0.0396719275361027,356.4121570587158,0.06455235538547965,5.576052188873291,0.023813477671577467,14.561607122421265,0.154401421726066,9,256.0
0.00021517990871565694,0.004574635484033422,0.006271039392363008,380.39615845680237,0.028086500580558477,3.988283157348633,0.005598934867027035,7.189830780029297,0.1839185518681608,10,256.0
0.0001868501164987253,0.004138538180204344,0.005831713848405592,394.26220989227295,0.00914977100955014,3.6468448638916016,0.00458219775777123,6.2701380252838135,0.10861542759131224,11,256.0
0.04661682252170971,0.05085302283449632,0.060965675875289574,388.3123564720154,0.030408000350389347,3.2817015647888184,0.05651055479138921,5.487521648406982,0.16436710186085804,12,256.0
0.024880781300829886,0.021515502488701252,0.05681593798330607,393.4922525882721,0.019115799045611635,3.77872371673584,0.04894028441790539,18.900981187820435,0.12888354224758727,13,256.0
0.03679701201955575,0.03007280421736519,0.05749388762248362,357.5315384864807,0.027699058088079903,3.9143471717834473,0.03972085733144228,5.248905658721924,0.10976814816583502,14,256.0
0.00023657714441663075,0.004645862800096547,0.006849434194778577,430.506787776947,0.011560327679014038,4.123692512512207,0.035159236903482535,8.896595001220703,0.1262302610449518,15,256.0
0.012617314566627024,0.019630443480172843,0.015568857411371408,220.93813490867615,0.04983197599544299,5.796711444854736,0.022445060690896385,9.077152729034424,0.16149325300508327,16,256.0
0.004308881097786926,0.007108711265797992,0.031462073294532385,415.05874252319336,0.05405402859159432,3.7088701725006104,0.008412771213983348,5.701261520385742,0.1588231550191984,17,256.0
0.00023063318006220557,0.008292355614599093,0.005690595671728633,309.9921040534973,0.04105880758235786,6.145119667053223,0.0045258114484528714,5.394132852554321,0.12128030122096725,18,256.0
0.019462880377973172,0.07025118626504369,0.07112455709050966,363.8839340209961,0.07724852533891935,7.648935794830322,0.1552411464248115,25.892898082733154,0.2969886101376134,19,256.0
0.034100754794950866,0.06336321988879434,0.05177253637267596,256.06646180152893,0.015874608377855072,4.086005687713623,0.02440786069360548,15.36899447441101,0.12837272093220728,20,256.0
0.0002612007355922882,0.003880177584445242,0.004556986645907985,389.1576852798462,0.013959264242515187,5.1508097648620605,0.0033061572803813693,6.9938178062438965,0.15253368400908957,21,256.0
0.01745188843954559,0.08668817849867402,0.08106829360104285,319.3287720680237,0.0766679811390332,6.7570109367370605,0.048184921038763574,7.42259669303894,0.3080483551980875,22,256.0
0.011072998770580413,0.023088259199549682,0.025121935889038906,303.1631169319153,0.01815138386860179,4.653380870819092,0.0042585591806865285,7.493490219116211,0.09946931392695416,23,256.0
0.04445667248605313,0.0351169258139853,0.030838564589021327,342.8084599971771,0.07527105088209918,5.983037233352661,0.013537227316562928,10.850247859954834,0.23761611379156017,24,256.0
0.00022674053899307068,0.008575965324228082,0.009132513945426704,377.305148601532,0.021650532977561452,5.0611114501953125,0.00616439671456594,8.400302171707153,0.24343040144370426,25,256.0
0.010756858188058254,0.027741171497722813,0.0301431519572899,377.839314699173,0.06045000512072651,7.1842687129974365,0.02145962771989866,9.344370603561401,0.20263372754686867,26,256.0
0.037095779758296574,0.04749501973748445,0.026742857462184192,363.83386182785034,0.06716437971745612,4.44873571395874,0.03729282284491451,6.272215366363525,0.19429869397986038,27,256.0
0.00017735922247866478,0.0034849381701658063,0.004891098711780052,352.50299644470215,0.041434521789101696,22.981158018112183,0.0043434085200207565,6.153895378112793,0.18356251267035956,28,256.0
0.00018804395477787863,0.008385257066485347,0.005585749620862533,389.41749000549316,0.01634376284824488,4.140762090682983,0.004064166992982364,6.130728006362915,0.10298892823646548,29,256.0
0.00016893449142393638,0.003830421829472565,0.004488655106257111,381.9901123046875,0.009648160352012646,3.8392460346221924,0.004394079831178542,5.730415344238281,0.1799035454999362,0,512.0
0.03436259712609234,0.059747396756730305,0.06774238193378715,305.59735202789307,0.039808349355365716,4.434035062789917,0.02133656083698125,5.443308353424072,0.19893340382760458,1,512.0
0.004194775308379535,0.009826289251394352,0.007975808591613587,363.58251452445984,0.01146371446964497,3.6321845054626465,0.005217391195040387,6.308439016342163,0.18016723326321404,2,512.0
0.00015613997380456196,0.006594624430933698,0.0064919736079782275,394.3551125526428,0.019113486782091668,4.726725816726685,0.005825516113721667,5.227390289306641,0.07633628597856047,3,512.0
0.027813327076377757,0.06545168077228503,0.08971384020458628,368.71107816696167,0.056950427374928315,8.061736583709717,0.08898321775104936,8.073627233505249,0.17907333119163765,4,512.0
0.00017133757768966434,0.008493425305781076,0.011285280546552678,198.3110113143921,0.012585212027008862,3.27488112449646,0.005401824211609569,5.198967456817627,0.19195692762491762,5,512.0
0.014368189097856135,0.054042268007849996,0.0533780788555781,283.4237518310547,0.06569841964940981,2.559779167175293,0.009958991793848664,7.047694444656372,0.1690863155628318,6,512.0
0.014878845043004994,0.03589254630387888,0.024296796970316368,354.3784399032593,0.022095532797329447,4.046153783798218,0.011081829121537372,6.648578882217407,0.1232930900163917,7,512.0
0.013975746055105393,0.020279189511415652,0.03309862269896405,370.71641755104065,0.048361104175279016,5.237637281417847,0.01730628344297095,6.539592027664185,0.20599192351420634,8,512.0
0.016077988383599428,0.03566710907942066,0.045158470228949345,360.7154188156128,0.06455235538547965,5.687877416610718,0.023813477671577467,14.75633192062378,0.154401421726066,9,512.0
0.00022551311120618493,0.004492142913268608,0.0043947692531259115,362.5010623931885,0.028086500580558477,3.8723554611206055,0.005598934867027035,7.140728235244751,0.1839185518681608,10,512.0
0.00019543107538992117,0.0032214624551957006,0.005054576089188729,376.78832602500916,0.00914977100955014,3.80344557762146,0.00458219775777123,6.760286331176758,0.10861542759131224,11,512.0
0.049655531438224376,0.04649644870320169,0.061190998024219984,358.54151821136475,0.030408000350389347,3.6832146644592285,0.05651055479138921,5.936842441558838,0.16436710186085804,12,512.0
0.017246947251639624,0.03240132845191543,0.04816512295841768,266.4506981372833,0.019115799045611635,3.347966432571411,0.04894028441790539,19.369142055511475,0.12888354224758727,13,512.0
0.01178133133954803,0.03271275282927997,0.05116937277262234,388.488477230072,0.027699058088079903,3.905754566192627,0.03972085733144228,5.378890752792358,0.10976814816583502,14,512.0
0.00024576486648004715,0.005292885000100389,0.007093740238272071,354.95751953125,0.011560327679014038,4.209983825683594,0.035159236903482535,9.27880311012268,0.1262302610449518,15,512.0
0.012517326958617712,0.02263094824384364,0.01777075484160939,231.6442527770996,0.04983197599544299,5.5861546993255615,0.022445060690896385,8.855424880981445,0.16149325300508327,16,512.0
0.00927664152808127,0.016170642986097127,0.010015223367036809,387.75862669944763,0.05405402859159432,3.3163411617279053,0.008412771213983348,5.432381629943848,0.1588231550191984,17,512.0
0.0002277802617979718,0.008049663814065251,0.005839765802895397,410.38183522224426,0.04105880758235786,6.081969738006592,0.0045258114484528714,5.492072105407715,0.12128030122096725,18,512.0
0.04710476468373592,0.11078350208893414,0.12375104713471334,395.8909811973572,0.07724852533891935,9.44755244255066,0.1552411464248115,32.6461296081543,0.2969886101376134,19,512.0
0.035645674470302965,0.06141859037730566,0.04947145877638689,421.82848024368286,0.015874608377855072,5.361862659454346,0.02440786069360548,18.291842937469482,0.12837272093220728,20,512.0
0.00024042909723665757,0.004208825190483344,0.0045033404314186445,440.96319222450256,0.013959264242515187,6.708827495574951,0.0033061572803813693,8.54955506324768,0.15253368400908957,21,512.0
0.016790821476350935,0.08219725138743074,0.07412488033873355,466.329110622406,0.0766679811390332,7.452685117721558,0.048184921038763574,7.986973285675049,0.3080483551980875,22,512.0
0.011056617139601347,0.022992978270291887,0.02522797135748707,394.940970659256,0.01815138386860179,6.377025604248047,0.0042585591806865285,9.211768865585327,0.09946931392695416,23,512.0
0.024698127768222625,0.04331514806840699,0.03866650509315274,480.71994495391846,0.07527105088209918,7.840245008468628,0.013537227316562928,13.82504940032959,0.23761611379156017,24,512.0
0.00023190215031369295,0.0077396474754061195,0.00778073281781239,499.7557518482208,0.021650532977561452,6.774251222610474,0.00616439671456594,10.282761335372925,0.24343040144370426,25,512.0
0.01962683309032914,0.029967081516233156,0.036799095221490795,499.87294268608093,0.06045000512072651,9.325881719589233,0.02145962771989866,11.353999614715576,0.20263372754686867,26,512.0
0.03658838737346616,0.04675458380866836,0.022193035592899295,508.6605598926544,0.06716437971745612,5.059430360794067,0.03729282284491451,6.731034517288208,0.19429869397986038,27,512.0
0.00017730864851920168,0.0034494408501132058,0.0047355543357895016,356.25031876564026,0.041434521789101696,26.71496343612671,0.0043434085200207565,6.999693870544434,0.18356251267035956,28,512.0
0.0001839373264294413,0.006547418088487879,0.004112854192793373,273.59934091567993,0.01634376284824488,5.113891839981079,0.004064166992982364,7.201701402664185,0.10298892823646548,29,512.0
0.0001709927482129487,0.004472907388921594,0.005016363914971868,481.32354497909546,0.009648160352012646,4.751016855239868,0.004394079831178542,7.121132850646973,0.1799035454999362,0,1024.0
0.034760991434586455,0.05876753771453902,0.06654338357253088,497.01493763923645,0.039808349355365716,6.000777006149292,0.02133656083698125,6.97121787071228,0.19893340382760458,1,1024.0
0.003425303955821933,0.017143003200491894,0.019047425046195787,485.46033239364624,0.01146371446964497,4.3898561000823975,0.005217391195040387,7.297486782073975,0.18016723326321404,2,1024.0
0.00016617559284489558,0.00862279048912526,0.00925198990090851,458.2055010795593,0.019113486782091668,5.889017820358276,0.005825516113721667,6.19632363319397,0.07633628597856047,3,1024.0
0.03942481967501377,0.09319125920166046,0.10164161946422869,503.66259837150574,0.056950427374928315,9.153163194656372,0.08898321775104936,9.527052879333496,0.17907333119163765,4,1024.0
0.0001700342553701757,0.007952730340427218,0.010724803581122086,299.11203622817993,0.012585212027008862,4.263766050338745,0.005401824211609569,6.304341793060303,0.19195692762491762,5,1024.0
0.014506305377543336,0.0535050816597668,0.05267343498099708,501.5950405597687,0.06569841964940981,3.372664451599121,0.009958991793848664,8.314931392669678,0.1690863155628318,6,1024.0
0.01483950360727681,0.036273249890859796,0.025717834432957127,501.77225279808044,0.022095532797329447,4.663363933563232,0.011081829121537372,7.599575996398926,0.1232930900163917,7,1024.0
0.016656185793957133,0.02356807084374958,0.022606576929224687,498.7525300979614,0.048361104175279016,7.312204360961914,0.01730628344297095,8.916298389434814,0.20599192351420634,8,1024.0
0.020731831816910337,0.038587694972953064,0.045650120737772866,504.3826322555542,0.06455235538547965,6.736234903335571,0.023813477671577467,17.722293376922607,0.154401421726066,9,1024.0
0.00022414354632375815,0.004507145906464752,0.004598051412611441,516.3097155094147,0.028086500580558477,4.698864698410034,0.005598934867027035,8.316198587417603,0.1839185518681608,10,1024.0
0.00021469112609008616,0.004381300620357306,0.006655814282580318,525.3383395671844,0.00914977100955014,4.541060209274292,0.00458219775777123,7.3390748500823975,0.10861542759131224,11,1024.0
0.04493804107825452,0.04880316209619511,0.0710558369248962,501.4684708118439,0.030408000350389347,4.390811443328857,0.05651055479138921,6.969451904296875,0.16436710186085804,12,1024.0
0.011094164781291667,0.03292407495278753,0.04822240870947222,448.2851765155792,0.019115799045611635,4.854116439819336,0.04894028441790539,24.287623167037964,0.12888354224758727,13,1024.0
0.01088466449662595,0.034536939462871764,0.047719182144424735,483.2576651573181,0.027699058088079903,5.012207508087158,0.03972085733144228,6.516840934753418,0.10976814816583502,14,1024.0
0.00024811106314427396,0.005927144259985636,0.007535068016041795,536.5724194049835,0.011560327679014038,5.725306749343872,0.035159236903482535,12.139489650726318,0.1262302610449518,15,1024.0
0.012627835328941281,0.02191004272669454,0.01801426021664193,551.712732553482,0.04983197599544299,6.687611818313599,0.022445060690896385,10.218898296356201,0.16149325300508327,16,1024.0
0.009530034954539418,0.01649450165975249,0.011663315678665322,466.791100025177,0.05405402859159432,3.9984378814697266,0.008412771213983348,6.201505422592163,0.1588231550191984,17,1024.0
0.00022759384892239955,0.008275787509006146,0.006018437018530888,389.9695029258728,0.04105880758235786,6.957910776138306,0.0045258114484528714,6.087795734405518,0.12128030122096725,18,1024.0
0.040500942524099234,0.10780750987330277,0.14071475470318107,499.8202688694,0.07724852533891935,9.859546899795532,0.1552411464248115,31.96437382698059,0.2969886101376134,19,1024.0
0.029277847042318172,0.05495931674408379,0.04010897945330684,500.1835603713989,0.015874608377855072,5.35953950881958,0.02440786069360548,19.250678777694702,0.12837272093220728,20,1024.0
0.0002358346447462848,0.003639248620781015,0.003677522158911073,500.85917234420776,0.013959264242515187,6.682662725448608,0.0033061572803813693,8.864648818969727,0.15253368400908957,21,1024.0
0.020333226906357443,0.07805568156318825,0.07039443196045234,518.4058871269226,0.0766679811390332,7.457690000534058,0.048184921038763574,8.225255727767944,0.3080483551980875,22,1024.0
0.02230939104078724,0.032969104206340624,0.03228918907558827,453.2906804084778,0.01815138386860179,6.168973922729492,0.0042585591806865285,9.48026728630066,0.09946931392695416,23,1024.0
0.022440788130711077,0.03440667119787308,0.03615822134485665,499.1587052345276,0.07527105088209918,8.100100994110107,0.013537227316562928,14.381719589233398,0.23761611379156017,24,1024.0
0.00023915723252906045,0.008028657892213837,0.0089712313418279,494.7501950263977,0.021650532977561452,5.848155498504639,0.00616439671456594,9.317615032196045,0.24343040144370426,25,1024.0
0.008801400514779944,0.02809969669658974,0.027555615681277047,494.88859367370605,0.06045000512072651,8.358330011367798,0.02145962771989866,10.236392259597778,0.20263372754686867,26,1024.0
0.036678972440260874,0.046150716491821224,0.023381236394143624,518.0874485969543,0.06716437971745612,6.032747030258179,0.03729282284491451,8.053725004196167,0.19429869397986038,27,1024.0
0.00017807733313704362,0.0033690254627349045,0.0045209981510137085,418.46903681755066,0.041434521789101696,25.838310480117798,0.0043434085200207565,6.793236970901489,0.18356251267035956,28,1024.0
0.00018690259107388655,0.007566698989919717,0.005066564963888094,389.1381163597107,0.01634376284824488,5.034258127212524,0.004064166992982364,7.120603799819946,0.10298892823646548,29,1024.0
0.00018517349851508038,0.0038418039592100074,0.003463250703889462,514.3056325912476,0.009648160352012646,4.80733060836792,0.004394079831178542,7.460840940475464,0.1799035454999362,0,2048.0
0.05182656981351792,0.04981525882361628,0.06408502094697063,491.10160541534424,0.039808349355365716,5.790724039077759,0.02133656083698125,6.891529560089111,0.19893340382760458,1,2048.0
0.01475975204946611,0.0075751946513587095,0.005184712869142651,482.7148504257202,0.01146371446964497,4.539637804031372,0.005217391195040387,7.659558296203613,0.18016723326321404,2,2048.0
0.00016553972266187503,0.008543977434319373,0.00997468374529072,511.16124391555786,0.019113486782091668,6.279262065887451,0.005825516113721667,6.913393020629883,0.07633628597856047,3,2048.0
0.040485504673827125,0.08877059210181958,0.08876246055395041,519.7268478870392,0.056950427374928315,9.262688875198364,0.08898321775104936,9.446544647216797,0.17907333119163765,4,2048.0
0.0001706214051139735,0.008645878558539849,0.011796325407042731,489.8923513889313,0.012585212027008862,4.256475448608398,0.005401824211609569,6.116864442825317,0.19195692762491762,5,2048.0
0.014363223447845404,0.053993530262739266,0.053134651323634395,483.77374267578125,0.06569841964940981,3.507793426513672,0.009958991793848664,8.330829858779907,0.1690863155628318,6,2048.0
0.009228690141089232,0.04277003522348528,0.026762741778808656,485.5481929779053,0.022095532797329447,4.625946521759033,0.011081829121537372,7.464649438858032,0.1232930900163917,7,2048.0
0.009623777622453896,0.02321801157273326,0.015927744962821445,473.5290744304657,0.048361104175279016,7.028879642486572,0.01730628344297095,8.526139259338379,0.20599192351420634,8,2048.0
0.019690027887474294,0.03593457127085777,0.049122054542836795,522.2014291286469,0.06455235538547965,7.36986231803894,0.023813477671577467,18.94664430618286,0.154401421726066,9,2048.0
0.0002335319178415753,0.0037891720790690555,0.004401122559063148,538.771496295929,0.028086500580558477,4.484723091125488,0.005598934867027035,8.102357864379883,0.1839185518681608,10,2048.0
0.0002470763210217727,0.0044018302742136394,0.006935839739396542,542.4121613502502,0.00914977100955014,4.302974700927734,0.00458219775777123,7.797571420669556,0.10861542759131224,11,2048.0
0.05192599973581628,0.055450729787364726,0.0552319007916872,535.0561254024506,0.030408000350389347,4.55436897277832,0.05651055479138921,7.112236738204956,0.16436710186085804,12,2048.0
0.015298507762862078,0.03398471464909065,0.0462778884031365,496.34415793418884,0.019115799045611635,5.240511655807495,0.04894028441790539,23.697275161743164,0.12888354224758727,13,2048.0
0.009738651516853592,0.03662084255850594,0.04383173962063236,496.89999890327454,0.027699058088079903,5.066593885421753,0.03972085733144228,6.653844118118286,0.10976814816583502,14,2048.0
0.0002588366110702345,0.006116798801684282,0.0075871044646504925,451.3518154621124,0.011560327679014038,5.32792329788208,0.035159236903482535,11.33220887184143,0.1262302610449518,15,2048.0
0.012568430167542286,0.02248345520891757,0.01799823530016909,504.9368579387665,0.04983197599544299,6.851533889770508,0.022445060690896385,10.296425104141235,0.16149325300508327,16,2048.0
0.009716101659708543,0.01760613177509597,0.012392279829542907,508.6611909866333,0.05405402859159432,4.2495269775390625,0.008412771213983348,6.6597747802734375,0.1588231550191984,17,2048.0
0.0002277913606397191,0.008368238250650847,0.005346095706421979,372.5126712322235,0.04105880758235786,8.455370426177979,0.0045258114484528714,7.128842353820801,0.12128030122096725,18,2048.0
0.05169017990280078,0.10068462490704466,0.12260312212243808,491.78573203086853,0.07724852533891935,8.612333059310913,0.1552411464248115,31.31280255317688,0.2969886101376134,19,2048.0
0.028164566143589413,0.0532370876679655,0.03892435936726927,486.1697828769684,0.015874608377855072,4.825534820556641,0.02440786069360548,17.359392881393433,0.12837272093220728,20,2048.0
0.00023434359882616203,0.0034910431292206833,0.0034835060392795873,502.25257635116577,0.013959264242515187,6.575312614440918,0.0033061572803813693,8.375562191009521,0.15253368400908957,21,2048.0
0.0206214632896185,0.0831499986005811,0.07601864056106696,507.1535358428955,0.0766679811390332,6.994446754455566,0.048184921038763574,7.727550983428955,0.3080483551980875,22,2048.0
0.01044456034697527,0.023250980825259854,0.02579606088067567,511.7545557022095,0.01815138386860179,6.478180646896362,0.0042585591806865285,9.85878038406372,0.09946931392695416,23,2048.0
0.022055271028583283,0.03378605838687596,0.03659617526170235,520.1482982635498,0.07527105088209918,8.301889657974243,0.013537227316562928,15.090843439102173,0.23761611379156017,24,2048.0
0.00023888360193730557,0.0052878431685947636,0.006065789504270486,484.3322763442993,0.021650532977561452,5.797902584075928,0.00616439671456594,9.967220544815063,0.24343040144370426,25,2048.0
0.024902767546126223,0.029413024787126124,0.024822730061333374,486.2551372051239,0.06045000512072651,9.088100910186768,0.02145962771989866,10.992896318435669,0.20263372754686867,26,2048.0
0.036621409832517576,0.04713724079241595,0.021929931969279084,490.62359523773193,0.06716437971745612,5.139478921890259,0.03729282284491451,6.898088693618774,0.19429869397986038,27,2048.0
0.0001772887218026201,0.003239883040108011,0.004458922626956359,467.0029842853546,0.041434521789101696,21.950481414794922,0.0043434085200207565,5.884591817855835,0.18356251267035956,28,2048.0
0.00018981187430229253,0.007556673045451547,0.005580859270563264,433.3511497974396,0.01634376284824488,4.11876368522644,0.004064166992982364,6.0218284130096436,0.10298892823646548,29,2048.0
