Amari LBFGSB,Dilations error LBFGSB,Shifts error LBFGSB,Time LBFGSB,Amari MVICAD,Time MVICAD,Amari MVICAD ext,Time MVICAD ext,Amari MVICA,Time MVICA,Amari GroupICA,Time GroupICA,Amari permica,random_state,p
2.2696373211583688e-05,0.00455306260421493,0.003863693215038791,66.52192234992981,0.00015509352192195626,1.307922601699829,8.698321443877388e-05,1.7392213344573975,0.020886685919849813,0.894160270690918,0.05025167743733472,0.03957819938659668,0.005893228539283629,0,2
3.220280115368013e-05,0.007397060322565485,0.0031884027118892636,118.2514054775238,0.0005608147586067147,1.1477866172790527,0.00027180258975845195,1.7556729316711426,0.004091957303352811,0.47548747062683105,0.07136406547663546,0.03586935997009277,0.0069573664452569125,1,2
0.012818569799329483,0.04017916177206795,0.07891187905818597,59.77407169342041,0.0016561921303437422,1.4174141883850098,0.0004749441923465214,1.9521732330322266,0.032759043818630075,0.6703858375549316,0.053441834384356235,0.05376577377319336,0.0053826621646509976,2,2
2.5260718072728227e-05,0.002068359466598024,0.0031635677834228144,145.87791657447815,0.00025232474966898065,1.313291311264038,7.508435922758405e-05,2.4315359592437744,0.0047836568223990576,0.9894599914550781,0.037884717166643635,0.048958778381347656,0.006775550431389277,3,2
2.9718497346720162e-05,0.023808730861645255,0.0183904665972368,93.46510696411133,0.00038413635604954145,1.4384422302246094,0.00021521970530273825,1.5185699462890625,0.002817835423021642,1.2429983615875244,0.04448515150608301,0.04819202423095703,0.01393305640489929,4,2
2.1799283601359186e-05,0.005028243133493859,0.004582117821702977,139.74056839942932,0.0039300046461939134,1.2554287910461426,0.0007374126865010544,1.829270839691162,0.025967289266733327,0.30577588081359863,0.2168201870085637,0.0425870418548584,0.014807852698959335,5,2
1.696540878683428e-05,0.00253474176334334,0.005332582472742415,68.77675175666809,0.0025902833428568693,1.0438687801361084,0.0005574142664792336,2.412849187850952,0.01545260966814344,0.9000413417816162,0.07658316527192341,0.03800320625305176,0.013316476126405625,6,2
3.5973402846012356e-05,0.003872888780369221,0.002906416654858475,83.69582748413086,0.0038200989818417243,1.439786434173584,0.00020842769720012534,1.6865379810333252,0.024178757923162337,0.48851561546325684,0.036409640566683554,0.028679847717285156,0.009503661635041094,7,2
3.2195697953180114e-05,0.009729434412030957,0.005602563991187286,151.71460580825806,0.000659408461541483,1.3901772499084473,0.00016802892412797754,1.6766574382781982,0.011486783326178857,0.3335094451904297,0.09835924365652945,0.04096055030822754,0.007480979871719406,8,2
0.00017792708255510715,0.05156237503190031,0.04029338224752153,78.3747205734253,0.0033063641232493448,1.3595080375671387,0.000782710491174271,2.314466714859009,0.0848676707325197,0.940955400466919,0.2214925227257904,0.03823351860046387,0.015964561959955055,9,2
3.23869405133459e-05,0.006789875401039791,0.0040878738371282666,146.36275815963745,0.0016530094715957067,1.0664863586425781,0.0006996827390174709,1.6431877613067627,0.010395691537214213,1.0670645236968994,0.09248529314404128,0.05323910713195801,0.008441264338945343,10,2
2.7373157035848196e-05,0.0091786064282382,0.007821305925013488,72.71259331703186,0.000986477733812724,1.2879016399383545,0.0002265157690675812,2.3140861988067627,0.044834536824238894,0.9994888305664062,0.3172704062082868,0.05012822151184082,0.015728485192525232,11,2
4.561136368643748e-05,0.01038349919310697,0.004153675384878677,159.7475209236145,0.002357883234375968,0.7732994556427002,0.0004878325886989554,1.3818109035491943,0.09200100239083335,1.1758735179901123,0.2895304665954358,0.0270235538482666,0.0059601075761891165,12,2
2.0345285562689552e-05,0.003906497125010034,0.0025416792797710113,73.03691124916077,0.0016101157639254293,1.4055469036102295,0.00024655409113777393,2.0084896087646484,0.06141490704539625,2.7501485347747803,0.20706082152655866,0.05760622024536133,0.011454248625934655,13,2
5.1498973431074456e-05,0.008421462698867056,0.005558840359134753,72.91679167747498,0.0028383771102316767,1.886315107345581,0.00046544494585302185,2.536421775817871,0.02639290155885369,1.2545640468597412,0.047909284013480685,0.0424954891204834,0.027267156069566083,14,2
1.8209120908663223e-05,0.004845128770314333,0.007803379449030827,132.1422803401947,0.0033273584809155486,1.1735804080963135,0.0008297176460154321,2.0308218002319336,0.0036063444850589488,0.9825136661529541,0.27698977130252833,0.04645490646362305,0.004482184389889071,15,2
6.353561810621411e-05,0.014899440615540337,0.019617754826851946,101.24567770957947,0.0009596362844433049,1.4818532466888428,0.00042694998947228057,1.7364768981933594,0.010035416825044585,0.8010075092315674,0.09581795438804037,0.03545212745666504,0.017592837617838124,16,2
6.809128636786621e-06,0.01081442938512347,0.0012397413320051696,131.4516201019287,0.0005473487777873598,1.1853997707366943,0.00012549007338515938,1.6298086643218994,0.009404835619912344,0.6855447292327881,0.1918819903786807,0.033089637756347656,0.0064677377163601165,17,2
3.4354352677384845e-05,0.024797661707608797,0.01924320452394835,105.1336088180542,0.004095267439055117,1.4008965492248535,0.0005483768748974938,2.269639253616333,0.0123841408941965,1.0217251777648926,0.06635251770914163,0.04300498962402344,0.009788268831442338,18,2
2.0144258900889333e-05,0.005800360064686072,0.003835896150907494,118.14455914497375,0.0031429044797598948,1.0479190349578857,0.0004589217939298229,1.500124454498291,0.0447308802365045,0.566694974899292,0.20566871404777762,0.03860044479370117,0.006077880559648735,19,2
1.7963425356892772e-05,0.005110665033459272,0.009845335385605936,142.3909683227539,0.0023518257998623227,1.1195368766784668,0.00041690869079733515,1.647387981414795,0.0069348232107885825,1.1794402599334717,0.2392269933480536,0.04510617256164551,0.022075271977953993,20,2
6.174578986977153e-05,0.0042669483522345345,0.004404007533183486,109.52807474136353,0.001855469940356369,1.2117836475372314,0.0002768596037162951,2.119044303894043,0.03440589087762229,1.3689444065093994,0.24870657836795623,0.037093400955200195,0.02692932436996065,21,2
2.9700609039085003e-05,0.004681529911617877,0.004815392781401485,100.87530541419983,0.00019544163367796186,1.5227065086364746,0.00019659003950381893,1.8312046527862549,0.004321070064833604,1.1299819946289062,0.06804393498024464,0.04700636863708496,0.007293475676793582,22,2
2.530229796090522e-05,0.008942349302128361,0.008346016838176188,106.1001045703888,0.000612138255300082,1.245922327041626,0.0002751144178597398,1.611732006072998,0.01415093413464923,1.2077548503875732,0.1614120298353796,0.034714460372924805,0.010558016317480962,23,2
1.1729752043138086e-05,0.006407268082516904,0.0010765764603092893,84.88868379592896,4.8115738506404605e-05,1.265582799911499,4.286031634230247e-05,1.8173243999481201,0.002117322258376031,0.7286889553070068,0.05228688134575528,0.03238415718078613,0.0038847201476593985,24,2
2.6560242979362104e-05,0.002558907831040469,0.00196777896948868,71.72500395774841,0.0009796207124165679,1.244734525680542,0.00026741017225057615,1.6427276134490967,0.008507183626526593,0.9327938556671143,0.049554126123575806,0.054106950759887695,0.007686916540045352,25,2
2.6621453503672398e-05,0.007922575828882584,0.005670226597627303,146.2815821170807,0.0003884038147875135,1.2705516815185547,0.0002682338050419064,1.7046663761138916,0.0058170847857980604,0.3919718265533447,0.07317140237735964,0.050371408462524414,0.004138114904181628,26,2
0.014746516867396775,0.08240409981391876,0.0536107418872299,170.39091658592224,0.0013087673682268485,1.1772501468658447,0.00019080541498907034,1.726586103439331,0.0348422686770105,1.2466142177581787,0.16677077044794777,0.04884982109069824,0.006252845431039206,27,2
6.186248520635984e-05,0.04720045465480609,0.04004180611814243,71.34762525558472,0.0003452929662548454,1.4109385013580322,0.0002468533494722924,1.9354541301727295,0.004461822119707315,0.7070333957672119,0.03768396948415076,0.04543018341064453,0.009551024797294277,28,2
1.170082132426753e-05,0.0027079245756548077,0.001969944838226878,66.43901872634888,0.0033300397267828296,1.4539854526519775,0.0005525781289161646,1.9738209247589111,0.039746148629142705,1.738302230834961,0.08915598903249895,0.04261660575866699,0.011109010362188781,29,2
7.553183346241296e-05,0.004917481814179532,0.005487865416483609,154.72956585884094,0.004008888529800969,1.7781176567077637,0.000496595923972339,3.3765652179718018,0.03722969726766722,1.5638401508331299,0.1855415474395396,0.06336331367492676,0.021491247031812315,0,3
6.023632041706566e-05,0.008904084962292261,0.005484561280800207,230.8211328983307,0.0039966835864498704,1.924408197402954,0.0009928386700320407,2.3924219608306885,0.16129360687670632,3.2097084522247314,0.12027183926492233,0.07607507705688477,0.017136810501824837,1,3
0.005926192037171063,0.015868188513408477,0.011571724884668894,127.87170672416687,0.009192855161388682,1.7629263401031494,0.0013011934502445682,2.616884231567383,0.1347299841636142,3.401353120803833,0.24111548071170158,0.06550073623657227,0.009318788411905055,2,3
5.372738027560332e-05,0.0033998551747005984,0.002822450765696588,157.4762682914734,0.019161984101201304,1.8496804237365723,0.002555774271682091,2.7471091747283936,0.10155882324273527,1.9838900566101074,0.2503717227353088,0.0788106918334961,0.020394724704400312,3,3
4.01424358579261e-05,0.003875295609213255,0.006499428290007373,171.6060037612915,0.003786299964843712,1.4921295642852783,0.001902959917145101,2.13444185256958,0.02003571052651403,1.3148126602172852,0.13189767156969662,0.128523588180542,0.012857005878713055,4,3
0.0056755124646558595,0.03219371692752205,0.027126329019438147,148.41859221458435,0.002513064682123186,1.7939622402191162,0.0012129783006358955,2.824876546859741,0.04759810165199374,0.9606635570526123,0.3880995449349214,0.09908151626586914,0.02906230205955212,5,3
4.666619576847812e-05,0.005567687734052917,0.00394376197758385,161.14652109146118,0.003024751469297467,2.0976788997650146,0.0005904420003239394,3.230358362197876,0.045821924189318616,1.8826558589935303,0.26923369695888755,0.07240104675292969,0.013431723067397375,6,3
3.5770644750532374e-05,0.004472577475549189,0.006386916286470278,194.08368277549744,0.0033898258171211016,1.7785601615905762,0.0012557895157713586,2.862293243408203,0.08969194192972825,2.251232147216797,0.3686517563200458,0.07483839988708496,0.021726841237785025,7,3
3.569580148580961e-05,0.00277436908974269,0.003138031579353473,191.0734248161316,0.0023330830647505557,1.935173511505127,0.0010399565882630024,2.567319393157959,0.10808557295708479,3.087310552597046,0.14260062654403377,0.08885407447814941,0.027996460765287896,8,3
4.0474713623521e-05,0.005996723167146352,0.006680522818490768,185.12872576713562,0.004942624319203841,1.4825108051300049,0.0018130042475370273,2.627426862716675,0.08139667121438396,2.540813446044922,0.25810762966661494,0.07278656959533691,0.01306099248671091,9,3
6.759288934106155e-05,0.006564834372797386,0.004665602098338164,156.1688277721405,0.0010031053750585515,1.9325826168060303,0.0006645204082258253,2.786825656890869,0.016410392924228433,1.10182785987854,0.046301999148437516,0.08812093734741211,0.012448164435423044,10,3
3.783407049611961e-05,0.008081475642161544,0.011344656298961591,192.4676637649536,0.011396374206645766,1.8130176067352295,0.0020642545122565247,2.9684879779815674,0.09160137358437867,1.1773207187652588,0.3389319533115844,0.12719249725341797,0.0656884375046498,11,3
6.220468257738623e-05,0.008637964090251386,0.004068411314671721,128.41866326332092,0.005960457753672454,2.0385701656341553,0.0006186521885605348,2.5699048042297363,0.039225627460361165,1.8418352603912354,0.127431525659758,0.07488441467285156,0.022463452407993,12,3
4.474967649692093e-05,0.004792827617959242,0.003907409295433928,246.40098404884338,0.012154949681700111,1.8875188827514648,0.0010459732447306506,2.749049425125122,0.12956868446032335,3.203275680541992,0.2101055365377697,0.09010791778564453,0.01742026104078662,13,3
4.6887055545511794e-05,0.00356238673958309,0.005765927476884427,146.0522665977478,0.008726859153341109,1.2371952533721924,0.0014352936147310961,1.8373427391052246,0.2493233371951359,6.530045032501221,0.21210445412017037,0.07937979698181152,0.02615976415663742,14,3
4.3030511966598205e-05,0.007267794321671713,0.004114069466482832,159.14966464042664,0.003449965229567982,2.272620677947998,0.0006655639591565269,3.238281726837158,0.04587126037509171,1.530822992324829,0.2919626981557497,0.0952911376953125,0.0073373085371325805,15,3
0.010738390151970872,0.07082095875371917,0.02154799611684075,281.58124828338623,0.002568344392772888,1.7168631553649902,0.001294141548764949,2.68062686920166,0.13278582145250167,1.4262003898620605,0.2899119992559753,0.07434439659118652,0.01827444314590903,16,3
5.828516647483628e-05,0.006593836331947441,0.0039140404782969564,156.53505325317383,0.00804476056087409,1.4453704357147217,0.0007333037310119767,2.5949058532714844,0.24606319112213765,1.9460780620574951,0.39092382498915523,0.09476423263549805,0.03483923586430078,17,3
4.265722753391543e-05,0.003949179662209002,0.004381715839422382,225.13291001319885,0.01913970935786652,1.6201355457305908,0.0012281477660160745,2.783024549484253,0.39428856282956193,4.276785850524902,0.3544054220459446,0.1104578971862793,0.018590603189259466,18,3
0.0010627791349231014,0.04147466370644951,0.0257210660218875,258.0509922504425,0.0023275619248927697,2.4162957668304443,0.0007404518608717714,2.6155455112457275,0.028069973996402382,1.3805904388427734,0.1116362740951697,0.07622599601745605,0.012760328452649924,19,3
4.927535535033483e-05,0.0061572686012996295,0.008137722219749781,278.92159819602966,0.0031865679796438473,2.074406147003174,0.0010128865703451359,3.080815076828003,0.0512053259897247,1.8828775882720947,0.2371177814671271,0.0728147029876709,0.021210295986873847,20,3
4.968343164531615e-05,0.008207304312501806,0.005423153002427207,146.74650359153748,0.002076508981845008,2.393122911453247,0.0009722831933492548,3.583045482635498,0.07457541826520539,3.188093662261963,0.2977471343304592,0.08041262626647949,0.01548000555912685,21,3
6.280367263453713e-05,0.003087862787444662,0.004095201606054523,129.4667329788208,0.008796028804326632,1.5734953880310059,0.0033714551351586033,2.7050862312316895,0.10107900432127488,1.3929481506347656,0.2201648016282785,0.09552359580993652,0.015924672273137628,22,3
7.181123373514916e-05,0.0016741598959616392,0.002665886509548995,137.19516825675964,0.003862910239684314,2.4877970218658447,0.0008773349327879876,2.2796480655670166,0.0734259059469578,1.277599573135376,0.1619339920659457,0.06645441055297852,0.013598558798369364,23,3
4.139108114087353e-05,0.003134586987338054,0.0039824331712281814,188.94043040275574,0.0012838062423163542,2.3175671100616455,0.0007548141896065305,2.6975133419036865,0.025782607719288732,1.743182897567749,0.12173324353196788,0.058594465255737305,0.007693168818130913,24,3
7.298777266822043e-05,0.002370310130817514,0.003566983357752139,285.79407787323,0.016609543105379713,2.0204291343688965,0.0011723331711773308,2.8660318851470947,0.07745524948990168,2.7022595405578613,0.0830094603238375,0.12189316749572754,0.02954286986927851,25,3
3.159479196642352e-05,0.00761061358630745,0.00756262812540925,140.81060242652893,0.002478170757790721,2.3901302814483643,0.0009520036651593031,3.3099122047424316,0.053830374984428574,2.1753928661346436,0.24059080317538087,0.06410002708435059,0.022323335498373266,26,3
3.364777424884613e-05,0.0024931396674917395,0.003913218216582403,237.18395948410034,0.017342210095851247,1.4881212711334229,0.0011873422346070509,2.7001335620880127,0.1597595890247417,2.0314693450927734,0.3929704744020104,0.14969587326049805,0.02857879963106676,27,3
4.072452998327887e-05,0.006054000333681812,0.004767078645649797,281.6585159301758,0.0069486999305116036,1.8017582893371582,0.0010868293798479384,3.148569107055664,0.1359687561278677,2.723932981491089,0.2829605503675565,0.06282854080200195,0.023773936579517974,28,3
0.011186044653336344,0.004558068160189895,0.06617027379743465,127.51951956748962,0.008450645161934056,2.109527349472046,0.0012427436193404103,2.288635015487671,0.121541401466938,1.778968095779419,0.3187399619621628,0.06621122360229492,0.022036765845058093,29,3
6.670022141041232e-05,0.004436074540473389,0.004070371209539384,211.39036512374878,0.003133605742846038,4.1459832191467285,0.0014511987757281825,5.274113655090332,0.06593772842898415,1.4138433933258057,0.4340891718454774,0.12424182891845703,0.06981074271180224,0,4
7.147734688141283e-05,0.00628439776972225,0.0036108057996325207,309.2483103275299,0.00420637277450425,3.510087013244629,0.0016272927203205083,3.9088094234466553,0.18040627862117206,5.843954086303711,0.5457763699066399,0.11340999603271484,0.026431915152014606,1,4
8.056348647234591e-05,0.004568860434895017,0.006115853289091483,230.4612216949463,0.005134756423162567,2.57932186126709,0.0018917958070912178,3.855468988418579,0.14192836184414875,3.509892463684082,0.13105072333434759,0.09665989875793457,0.026682713562774064,2,4
0.0001477070260917257,0.010922966759933228,0.01989612010634969,184.98280477523804,0.004311846927159269,2.883606195449829,0.0017968232290011294,3.7933335304260254,0.11440035422929822,2.679654598236084,0.14934827221477553,0.09573507308959961,0.030916328466361897,3,4
7.130568881695554e-05,0.004471056980862998,0.007397793510869203,178.03622007369995,0.009960721598233357,1.8595852851867676,0.0020312404908005314,3.55816912651062,0.18547673128041067,2.2717626094818115,0.2660566173621145,0.10918569564819336,0.04468826126011238,4,4
8.095764267326e-05,0.00244709540001361,0.0059874537719229095,492.6879413127899,0.013311899426783541,1.9594733715057373,0.0020276350214801205,4.791743993759155,0.20818282999884544,3.5488228797912598,0.386392704655323,0.09797477722167969,0.031463211751994194,5,4
7.042043255816865e-05,0.004944987705117576,0.004229389773287915,248.35377740859985,0.010804147100472112,2.991058588027954,0.0028762103222445294,4.126875400543213,0.20107436960941055,3.073721408843994,0.39148198281756863,0.14275741577148438,0.07212058448472397,6,4
7.768857890693703e-05,0.005935618451846658,0.004958727928694418,319.05581641197205,0.008737693796067324,2.5214390754699707,0.0021356921911462852,3.278935432434082,0.20101367060165512,3.8553199768066406,0.5884544027009438,0.1620948314666748,0.06201815776360061,7,4
8.57619149982447e-05,0.004640259683421544,0.0033977930278468738,296.2524070739746,0.007018604953893251,3.0469162464141846,0.0014569550780998003,4.412688255310059,0.4183378420385213,21.714303493499756,0.5390414497875071,0.19658517837524414,0.06789755575758746,8,4
7.32514768878173e-05,0.00397737567388966,0.004882835193799924,347.7018868923187,0.005070431153934527,2.6788084506988525,0.0019066204604612752,4.0555784702301025,0.08872814573059647,2.2457103729248047,0.530155186881043,0.10104846954345703,0.013999033527452737,9,4
6.081638226790864e-05,0.0027670635240709673,0.003984047932205354,462.96385073661804,0.005499294772023844,2.6009459495544434,0.001585977693125709,3.4450128078460693,0.1604462905784227,2.6976659297943115,0.4421984073022419,0.1514277458190918,0.040587788998256505,10,4
7.520267013222393e-05,0.007676270246943761,0.003484192176488041,340.5527174472809,0.01567761362239887,2.9982876777648926,0.0013846491874749344,4.6201112270355225,0.1883158308222092,4.097522735595703,0.4607830710390436,0.12421798706054688,0.02947153741462294,11,4
5.161060189420863e-05,0.0021412366341434287,0.0038652151165110655,298.446813583374,0.008793365592527058,1.9218573570251465,0.0018647662049736142,3.263474702835083,0.4259146633968765,6.603299856185913,0.35877057986235383,0.14035868644714355,0.015526753855615683,12,4
5.648135675975496e-05,0.006491394361486225,0.0066117590401090056,211.5692687034607,0.006912431223580781,2.922717809677124,0.0012147695537305715,4.616703748703003,0.0478874549687213,1.6311519145965576,0.1230600693183754,0.14026808738708496,0.03883505172399736,13,4
7.788644918031995e-05,0.006477061162843201,0.0062479808139184415,530.4018614292145,0.037393829476983706,3.956190586090088,0.024720352285665728,12.497939109802246,0.1659149438217305,3.5025386810302734,0.40117081824277373,0.18157672882080078,0.06341105803745341,14,4
4.885697473133721e-05,0.0026649324676184527,0.0079296688231459,268.33083271980286,0.0066154444723159345,3.6617565155029297,0.0011029878991840269,4.916386604309082,0.04951513804115725,4.567609071731567,0.22643956907043683,0.14172959327697754,0.03777989431604149,15,4
0.00016783233639547924,0.006128608461708806,0.003937177777026727,480.687433719635,0.006838438870844757,3.278843879699707,0.001653704908300066,4.57244610786438,0.1910972289679061,9.796460151672363,0.6150764868981781,0.11697220802307129,0.05335455285521003,16,4
9.701723455456113e-05,0.005107460545298903,0.006635178225238511,300.4930350780487,0.011405111268944251,3.5546882152557373,0.0019592389093041366,5.012685298919678,0.133790747750184,4.238965272903442,0.4352340009743273,0.22660446166992188,0.07190991167707088,17,4
7.588055034721542e-05,0.00458560064689636,0.004286675458412216,326.17061591148376,0.018902840908791404,3.881324052810669,0.0032433880341245724,5.605246305465698,0.2020168506829803,7.503357887268066,0.42677499761891385,0.18185830116271973,0.10388575851031394,18,4
9.266422183003553e-05,0.004028649897237313,0.005510400678673132,514.0733127593994,0.021082779389770136,2.744002342224121,0.002230160861580463,4.206437826156616,0.32504612906566716,5.629716873168945,0.3797033561736415,0.22373437881469727,0.14389149375280436,19,4
7.641275858292495e-05,0.005763202229499764,0.0022882548508342346,248.6825819015503,0.050337973428285596,5.0477893352508545,0.0014906211228259193,6.309654235839844,0.09675999457864777,6.501014947891235,0.2776079770887703,0.12215542793273926,0.12974069138106137,20,4
0.002067582258077916,0.005367971156755169,0.0057142795588577214,503.38491916656494,0.007078323188603011,3.253734588623047,0.001483807647574234,4.109760046005249,0.08478423410253891,2.6575303077697754,0.21528308954041536,0.15960383415222168,0.011177141290440345,21,4
6.599398436929471e-05,0.007598128971216367,0.007059610563603272,471.97546339035034,0.007088943482667256,2.908581018447876,0.0026759021405903445,3.8434383869171143,0.11080501382748631,2.602555751800537,0.35144537524646385,0.13673996925354004,0.025273469528801447,22,4
0.0001482665331355132,0.0047735496870481954,0.009511357398477926,307.3618757724762,0.057503575615502324,5.764780282974243,0.0027338497511621485,4.493075370788574,0.14689198280108742,7.2518322467803955,0.30690357477648017,0.12253570556640625,0.06765700562850051,23,4
8.259185651475765e-05,0.008191768240976283,0.005330410545117432,478.17719078063965,0.009675139209567746,2.8921215534210205,0.002784713829546226,4.4128477573394775,0.20977874472504401,4.913391351699829,0.4510874723356767,0.22098112106323242,0.0673311635686652,24,4
0.00015053773029397033,0.009307477021626875,0.011154208332491155,486.7724130153656,0.006865554280515157,3.244204044342041,0.0023554162098562174,4.199429512023926,0.13817382576263407,4.214518785476685,0.17804571041969855,0.16509747505187988,0.0811486079847212,25,4
5.3965721874452144e-05,0.0035552609467509044,0.006100066214200876,285.55755949020386,0.007829631080967226,3.230865716934204,0.001118982960653031,4.280385255813599,0.13800504904761607,2.9841272830963135,0.5164469011263856,0.2810230255126953,0.026412505005181403,26,4
0.009461340490602262,0.04030734917357407,0.021572066651439258,232.36045479774475,0.03167516887223585,2.174532175064087,0.013281440261018341,6.389211177825928,0.3759547648544301,6.092895030975342,0.5939719077266192,0.1475543975830078,0.01672901604438861,27,4
0.0001549354983585355,0.012323345733442227,0.01566974819515079,480.4893479347229,0.002828781009970016,3.5550053119659424,0.0017103308773210118,4.4011547565460205,0.10571856619020822,2.394437551498413,0.5222315606278468,0.08461833000183105,0.016118997376326518,28,4
6.000313794912726e-05,0.0038999641678219787,0.004040754664762171,279.5240259170532,0.018272100885450206,2.7214457988739014,0.002112997554257032,3.4049978256225586,0.19885693079221536,3.660417318344116,0.40373639251538523,0.17860913276672363,0.06088871082495896,29,4
8.792088613730486e-05,0.006191798707465237,0.003817790297424386,517.9199891090393,0.0060469019563212205,3.507351875305176,0.002252053486200281,4.504009962081909,0.21120653005595075,17.09271764755249,0.2732455936163964,0.1703319549560547,0.06554722439706585,0,5
8.665252178395865e-05,0.0063196629546775004,0.004305938641541368,500.47245597839355,0.004050690423880456,3.348985195159912,0.0021663565307288458,4.802165746688843,0.05236736651010353,2.6448190212249756,0.22573655188237596,0.12282538414001465,0.042862477342861985,1,5
9.836937813362033e-05,0.003161710348447375,0.0034903567449765483,297.50157141685486,0.01432788101493521,2.6984360218048096,0.0021477800822651584,4.53631329536438,0.26066978127034873,7.110253810882568,0.3177513879556451,0.15464115142822266,0.036913703870064735,2,5
8.502404133613474e-05,0.006030894621382998,0.005235970838735826,418.92728185653687,0.006011476674428783,2.6444592475891113,0.003243884310004752,4.368151426315308,0.11543889111769827,5.494422674179077,0.4190536752679902,0.1557474136352539,0.05978136589263627,3,5
9.35729922052575e-05,0.0036016526051593713,0.004206215596875949,401.0393822193146,0.011912522006889822,2.7115747928619385,0.0038755928306224096,3.8943474292755127,0.13732499286246885,4.606965065002441,0.3169869397993256,0.09375905990600586,0.05702796191605643,4,5
0.017069268264360817,0.04108825002490483,0.07914706233656076,366.8384416103363,0.027512409500476693,2.647594451904297,0.007925204802947033,3.516535520553589,0.3516270174596343,5.065395832061768,0.4874818839167828,0.10112476348876953,0.041340149592059686,5,5
8.585806005398266e-05,0.003196560458842672,0.0030153034424403088,312.2794861793518,0.004997601761604416,3.4922735691070557,0.0016448477206561305,4.833427429199219,0.15384688991985432,4.069875955581665,0.39551680707806086,0.21796607971191406,0.06522783641217644,6,5
0.00535722873107511,0.03245670843627063,0.03245578663147258,310.77391266822815,0.02127762973459215,4.962813138961792,0.010703993802279845,7.244270086288452,0.20950486369704874,4.896284103393555,0.3232734441718801,0.19656777381896973,0.07146032368484352,7,5
0.028206190634953547,0.0083305420853626,0.011238898016322729,207.04064416885376,0.016276876510283797,2.3176026344299316,0.004875502286903383,4.105765104293823,0.3889100036899341,5.006494522094727,0.5726148502703143,0.10750126838684082,0.0691605300432773,8,5
0.00011141069194565035,0.004562418873731575,0.006818532700571227,191.65874671936035,0.015211719621770278,3.1276423931121826,0.0038867038202528683,4.310497522354126,0.26574674628882405,2.232846975326538,0.47791047959077393,0.14818096160888672,0.06963247516650853,9,5
0.022448269696312112,0.05620470982381991,0.04668516589129707,155.8678982257843,0.0922935979637638,2.716580629348755,0.05581418935836885,4.087677001953125,0.24828257262851153,5.3526527881622314,0.5422152131971621,0.1449437141418457,0.04455332801258184,10,5
0.0028408950195153524,0.01213789180880231,0.017118793790794392,131.76752710342407,0.017903485941017507,2.6201655864715576,0.08180907730528154,6.500587701797485,0.29096917917942333,5.048628091812134,0.5605480350644856,0.17708134651184082,0.016306950001762254,11,5
8.195484307463197e-05,0.004840034187472381,0.00445658245938288,295.2234938144684,0.008337463649353248,3.834833860397339,0.002174452004127143,5.450559616088867,0.2560707301555095,4.043798446655273,0.9496914434823782,0.1315007209777832,0.11204454506093728,12,5
0.003155844105044405,0.02475926944426429,0.020414727737295486,329.4802553653717,0.028727417469085626,3.099492311477661,0.016170244462856812,4.491539716720581,0.3206384068336528,7.0901124477386475,0.5397318204941155,0.19389128684997559,0.11165410496504,13,5
0.00014899642514700108,0.01212839059115252,0.015242674755136458,335.54847741127014,0.00797885350760579,3.610097885131836,0.0028111856713672933,4.833474159240723,0.2769322488608298,3.0082802772521973,0.4174170621189326,0.13318920135498047,0.051495554475858275,14,5
0.0058586735363035,0.01283643278898392,0.03594012010467158,157.0550181865692,0.03337753356121752,2.896683931350708,0.008751222154893074,3.597445487976074,0.3683552071037017,6.885501861572266,0.46516925918158103,0.13647127151489258,0.0749632241997874,15,5
0.00014080797916728115,0.004896271652244799,0.0043543779299002475,332.53183150291443,0.00973054258472129,3.109851121902466,0.002649522358045533,4.27402400970459,0.1325689438414562,2.91772198677063,0.7050794764003895,0.11010575294494629,0.03735178039058082,16,5
0.0059874250354514415,0.02714506452544634,0.021785283628207024,145.82126784324646,0.031490874025283846,4.1689534187316895,0.01694775888971115,7.678882122039795,0.31691407598207977,4.615596294403076,0.475999568396895,0.13751602172851562,0.06483634807531005,17,5
0.01364916994771083,0.03190489740786174,0.017851205203459106,330.14975452423096,0.011468212909703943,2.662759304046631,0.001943036275508352,5.431331396102905,0.3968671385304189,4.663211345672607,0.5589072329302373,0.1132817268371582,0.0603686390030039,18,5
0.00011267499718339735,0.004949022857780107,0.004252095918539667,198.828134059906,0.004926497413430151,3.6590280532836914,0.0015054132151315458,5.101306438446045,0.10138688301748774,3.4642493724823,0.6036545868495559,0.11715555191040039,0.11837631622860056,19,5
0.00012159048077565072,0.0035603572239168014,0.004768271841167924,293.69231843948364,0.010613027777002687,2.6063082218170166,0.0017334649863632958,3.581603527069092,0.16333604071577623,2.1548662185668945,0.4015235947333407,0.09653186798095703,0.06293065613398964,20,5
0.00010981106528807904,0.005188777793168961,0.004216294226412798,309.3631052970886,0.013479621294975533,3.052584409713745,0.0024156095447434287,4.247095346450806,0.21189982636641097,3.659855604171753,0.2310791540584371,0.10071754455566406,0.03322474783413466,21,5
0.00010680011390592492,0.005797434733089428,0.0049260564521561925,238.8903887271881,0.013288929683921669,2.8421621322631836,0.0028535379869848486,3.868908643722534,0.13524577065862992,2.6174864768981934,0.3448850305949543,0.09507131576538086,0.0546364607606883,22,5
9.922649343610867e-05,0.0052310957877360845,0.0062061857572096825,282.44573283195496,0.015112596549489926,2.600393295288086,0.0028157855431345654,4.599481105804443,0.21294518037052695,1.8849420547485352,0.46890805659780044,0.06741523742675781,0.036825431479944847,23,5
0.00011799574505962252,0.003418137742000411,0.007252500056365837,267.44659757614136,0.0037168152872222374,2.71757173538208,0.0033477436533654605,3.4438045024871826,0.06217387081818919,3.968038558959961,0.35728282160084224,0.07126235961914062,0.022760419882691584,24,5
0.0008876333475169804,0.006677424847738677,0.004222673392714217,270.73898816108704,0.0045210243202437606,2.816282272338867,0.002233575651702466,3.8754703998565674,0.04630123860151324,2.5274884700775146,0.12959357128933288,0.1163487434387207,0.021972185238647912,25,5
0.0002064203440334489,0.005869620787625678,0.005360908358657212,250.86134362220764,0.024951271734591336,3.0031750202178955,0.0034262197772655044,4.0941057205200195,0.2037691520431056,3.2243547439575195,0.3310588235777826,0.09693431854248047,0.04773001355733057,26,5
0.0002839867870916524,0.0197882842728011,0.024685528982004525,120.31257700920105,0.011757537362384987,2.134183645248413,0.002856403119483197,3.373729944229126,0.17111398003169004,4.285410404205322,0.5376483452977516,0.08507013320922852,0.15215593539536304,27,5
0.008884115534766219,0.022019751818146183,0.03134789044209854,194.2384157180786,0.019048106877173218,1.756638526916504,0.0033706656189424282,3.269446849822998,0.6395817038739364,9.152295112609863,0.6032632639001382,0.15145373344421387,0.04076834990194893,28,5
0.00011077755672930233,0.008045777004169752,0.0027344456856854883,256.29791831970215,0.008407411806255299,3.291292667388916,0.002443049810645128,4.756446123123169,0.15272240468811876,3.6233346462249756,0.673727198092909,0.11072444915771484,0.0629548153229469,29,5
0.010398853670039131,0.01813739109685771,0.017474690652079797,146.69359731674194,0.03703045058971306,3.140127182006836,0.020111519522114853,4.481637001037598,0.28554301494787626,12.42068362236023,0.6466595395132196,0.12389945983886719,0.1246549041931024,0,6
0.0002361307029159617,0.009152980691885209,0.013179314603338283,233.1543107032776,0.01600725512210859,3.1031060218811035,0.005266215107908765,3.724113702774048,0.5142620631705613,8.453814029693604,0.6620052160882639,0.1298515796661377,0.1234293315260077,1,6
0.005012996022606906,0.01318609089538559,0.024467571738791317,273.34568905830383,0.04638202209793634,4.0992817878723145,0.04740889914778938,4.6966845989227295,0.3920937898433291,11.927488327026367,0.6080268428183842,0.12287735939025879,0.09487331465673236,2,6
0.0001978768936594636,0.005473118723570229,0.00654887237616781,168.82666182518005,0.015400515432747296,3.299365520477295,0.003268942599196245,5.594868183135986,0.5512179173548969,8.569247961044312,0.6463368510039352,0.11359786987304688,0.10138216096915909,3,6
0.00013899200072665653,0.0050058745469830765,0.0036702636553801685,202.36329555511475,0.011417352799329195,4.413292169570923,0.0038653790319257307,6.386723518371582,0.5046583283914721,7.084995746612549,0.6501322924865554,0.12414312362670898,0.0614986265694322,4,6
0.0001230936087742459,0.003928309951340517,0.004962432095533955,197.39484333992004,0.010869301357805748,2.4608888626098633,0.0041840551205937805,3.977165937423706,0.8162598741879872,11.644248008728027,0.704952747811383,0.09751725196838379,0.09400648561505698,5,6
0.00012748884198764593,0.004320177232721963,0.0042325900484909956,210.6239891052246,0.02802112225022819,2.910907506942749,0.004245404977802509,4.585222959518433,0.5137091018978535,3.741154193878174,0.8719546599307588,0.15933990478515625,0.04714859982402643,6,6
0.00014185925461966952,0.006622414986119144,0.005467549853104806,197.26832389831543,0.00910873537204789,2.575064182281494,0.004175081911565959,4.131925106048584,0.4949530341696112,11.211463451385498,1.1246094335717791,0.11086010932922363,0.13596194244770893,7,6
0.00022743040395809176,0.004895888490271901,0.007934743959570905,201.88345980644226,0.01337092684142754,3.1430823802948,0.004310231246807257,5.7853662967681885,0.625019158262327,6.89337682723999,0.9873332074429829,0.13026714324951172,0.19435756656742423,8,6
0.00019390189428249437,0.006212980224265189,0.008074559290499246,220.76007318496704,0.014693494962038553,2.5567126274108887,0.010898771865825633,4.547969341278076,0.5302704132377765,7.13936710357666,0.7671187510978263,0.119781494140625,0.22047725321975023,9,6
0.00023751596362538429,0.0073286536861391005,0.00859696402912954,250.26370549201965,0.012375792943378136,2.897542953491211,0.004543123566713969,4.009209632873535,0.7918646882794886,17.43642568588257,0.8512337476091665,0.13801908493041992,0.1567017460328618,10,6
0.0003745515145074263,0.006230024707499981,0.005589352962226969,281.8159670829773,0.011219478286334923,2.629781723022461,0.00510685386786856,3.93577241897583,0.40254478259598203,6.514078140258789,0.4844059268141082,0.13625288009643555,0.07448645945974569,11,6
0.0002006485522882425,0.01036944509618775,0.009097941204073772,228.25498914718628,0.008615155206557389,3.4108200073242188,0.0026115631138275493,4.815822124481201,0.3274702934250721,8.101647138595581,0.8136193899911979,0.19752883911132812,0.10721023071322214,12,6
0.0001275974223535296,0.003828824559141649,0.0033518274216401372,191.36960911750793,0.011927124137592735,3.2612478733062744,0.003864682949661013,4.6116883754730225,0.5207499068722425,8.550198554992676,0.45176081348047054,0.13658881187438965,0.15845160827293708,13,6
0.009079663418839923,0.023907241331805027,0.023423471011519557,202.42871236801147,0.03772905331783864,2.8984313011169434,0.010628455700346474,4.956564903259277,0.4033972785024993,4.058615684509277,0.9641828374928905,0.10729455947875977,0.21827272846839962,14,6
0.0001560623373586034,0.004295238330249318,0.004313184281680561,195.9636514186859,0.01140166104701527,3.4241766929626465,0.004968844134793408,4.773552417755127,0.34952209151864005,7.646978378295898,0.5187064681009743,0.13069844245910645,0.1819404948525364,15,6
0.030546245674495227,0.004073735699101203,0.005473316344818466,284.719491481781,0.013680501285994111,2.6924259662628174,0.002209270397516757,4.804558753967285,0.4878419321347174,10.108378887176514,0.6253701043306348,0.13291454315185547,0.04745364135400536,16,6
0.0001959864246800521,0.009468171683617643,0.010658595134984017,289.27881717681885,0.028744307984361284,4.482150554656982,0.0044479992381272464,7.612858295440674,0.6300691242130957,13.471612930297852,0.8059910644884539,0.1449282169342041,0.13745502976374568,17,6
0.0001577997934649966,0.0033844636743524783,0.004004970031434084,143.57274198532104,0.025549948302994913,2.1425304412841797,0.004555641971504631,4.155760049819946,0.4146669324580306,3.0379178524017334,0.6617347316692332,0.14009714126586914,0.09154439080996277,18,6
0.06673748735681125,0.07134539396426595,0.08840748577963735,290.6799705028534,0.03412796377327737,6.4978015422821045,0.055800905059602515,5.933116674423218,0.33401171191921153,4.3201000690460205,0.6871476173321834,0.14626431465148926,0.05992902407975052,19,6
0.0033280700903765225,0.020524565451968915,0.03689478471093121,169.16307282447815,0.014361224389361781,2.4991214275360107,0.0035376067369492135,4.027809143066406,0.2470337356094366,4.6303675174713135,0.658105083059825,0.10648846626281738,0.0707456457880081,20,6
0.0005003849299308027,0.02506014180173405,0.03973858515633644,287.2778899669647,0.01107101469953796,3.5495171546936035,0.0028982069257427966,4.7255027294158936,0.3891186398796158,8.879783630371094,0.8962436656605899,0.1238698959350586,0.11979403443718817,21,6
0.00016629622452548435,0.006725472834117685,0.004917659790461108,291.75018334388733,0.010743387128829772,2.8097519874572754,0.0041723362063380825,4.5803022384643555,0.5350337936142997,9.102123022079468,0.5096255342790019,0.09604883193969727,0.07637023803369727,22,6
0.014479566530656443,0.03501441983333019,0.053019703053818625,212.5002372264862,0.026602682421645808,4.059680223464966,0.003874135880285414,7.345844030380249,0.4145446084434565,15.636616230010986,0.7724704210884292,0.21496105194091797,0.14209264077059586,23,6
0.00014665258016903032,0.005032472818091368,0.0069008597852957725,246.8320870399475,0.04710526719614762,3.2051584720611572,0.05347971108774426,7.291902780532837,0.6554708529838515,11.877424955368042,0.6742110742769121,0.08269929885864258,0.1287082958738152,24,6
0.00015214567086565544,0.005271045902693931,0.0046914033851494326,200.74122166633606,0.009652937029611616,2.310178518295288,0.002428418369898187,3.9566049575805664,0.35889583760346166,5.601449251174927,0.7735652585337612,0.12544751167297363,0.12112651217274473,25,6
0.00018368601911799748,0.008782507356469505,0.009088280118623577,248.85614013671875,0.013319425784211358,2.7522170543670654,0.0038316063899582037,4.22048282623291,0.850953918233763,24.68644952774048,0.967533474686746,0.12400317192077637,0.07609262660725724,26,6
0.0002660719580250511,0.012426366084020316,0.020387425169001383,196.55978536605835,0.011855080966809099,3.198903799057007,0.00419161527357753,5.241992712020874,0.5601730436278614,10.409221887588501,0.5725762001998864,0.10730123519897461,0.15436654881732526,27,6
0.0001889294890358162,0.003148217422455065,0.004329281015041083,177.97872519493103,0.008383272401635979,2.857088804244995,0.004593486640725413,4.299236059188843,0.6302305755404374,10.088876247406006,0.642691779740493,0.11672258377075195,0.1880737829380424,28,6
0.00016611335838028022,0.005613302391229443,0.007114018685551546,284.77081203460693,0.005245306642975728,4.404703855514526,0.002668773746609293,6.247207164764404,0.3158295605635636,5.343829154968262,0.7808796349717483,0.15837478637695312,0.07478455702372713,29,6
0.0002085881249326928,0.003477503499724285,0.003303561819177557,369.827351808548,0.009648160352005164,3.6673543453216553,0.0043940798311784286,5.697180509567261,0.46247390315680914,17.00686001777649,0.7263010209931249,0.13587689399719238,0.1799035459590858,0,7
0.033122122043060975,0.06060415252111192,0.06574552859078509,235.37442302703857,0.03980834935536529,4.6936986446380615,0.021336560836976232,5.700774669647217,0.474301589180412,24.80913543701172,0.7742834198550684,0.15911364555358887,0.19893340377442428,1,7
0.006537184713939238,0.008158566163676698,0.003750770207966338,322.44052600860596,0.011463714469638009,3.0196726322174072,0.0052173911950399235,5.470332384109497,0.40995705880041067,6.604591131210327,0.7255199226043711,0.18277812004089355,0.1801672332848355,2,7
0.00015856189265260414,0.006383555935508811,0.00628309589319294,355.68283891677856,0.019113486782108363,4.08727502822876,0.005825516113721769,4.750099420547485,0.43021364409064633,9.010845422744751,0.8607527829406972,0.13512039184570312,0.07633628590224303,3,7
0.023440174777543836,0.0629597253079469,0.09043678886570716,374.8192756175995,0.05695042737489899,7.5737998485565186,0.08898321775104634,8.064702033996582,0.8486470331385869,35.98024225234985,1.0682509611873405,0.19040942192077637,0.17907333116594387,4,7
0.00015885809033054605,0.00706746773540872,0.008603782234826473,185.17215991020203,0.012585478796885721,3.2194061279296875,0.005370238542254677,5.108164310455322,0.5220839779979427,9.276424646377563,0.7353581932212421,0.14760780334472656,0.20130140029086308,5,7
0.012288708140041332,0.05584846928363774,0.05445827679122319,216.059730052948,0.06569841964916737,2.7592544555664062,0.009958991793845266,7.121619939804077,0.8137916981060063,12.172791481018066,1.0643776852900544,0.20207691192626953,0.16908631631997756,6,7
0.02524352695288081,0.04417343439181281,0.03790131813595248,280.9251072406769,0.022095532797329204,4.04548716545105,0.011081829121537613,6.64828634262085,0.6080991217943035,13.370842933654785,0.8015586712255297,0.2188248634338379,0.12329309002097573,7,7
0.028253666006122374,0.03503968515769808,0.017472811447342244,377.5448808670044,0.0483611041751833,5.268113374710083,0.017306283442974465,6.482292413711548,0.623294251646264,5.184471368789673,0.8807637342059342,0.1617884635925293,0.2059919233876967,8,7
0.012767574426411821,0.035317028780455874,0.030091255332722375,379.68377137184143,0.06455235538548662,5.642184495925903,0.02381347767158679,14.365033864974976,0.6593391168099737,7.804890155792236,0.6427812187074071,0.13536834716796875,0.15440142181113642,9,7
0.00024320046897627107,0.004908656691607836,0.0042776410155818895,389.2853720188141,0.028086500580476938,3.813634157180786,0.005598934867027009,6.805531740188599,0.45953766321137196,8.976344108581543,0.46933880522526145,0.13781213760375977,0.1839185513499047,10,7
0.0004580745924504637,0.00557125646347575,0.007375543594403689,380.1423935890198,0.009149771009550172,3.440366506576538,0.004582197757771323,6.050058603286743,0.5065943381698232,16.017374277114868,0.7341175435097038,0.17271995544433594,0.10861542769765395,11,7
0.033764757902607676,0.07054111235687631,0.04406006263892429,348.90291237831116,0.030408000350296237,3.347705364227295,0.056510554791378495,5.561706304550171,0.6781425515412544,10.023034811019897,1.4108018421078174,0.17588591575622559,0.16436710184050038,12,7
0.03506285771604071,0.018264998045820397,0.06045636858482058,376.70735216140747,0.019115799045610747,3.106039524078369,0.04894028441790528,17.809517860412598,0.7494461816948916,32.9941930770874,1.2686841199158267,0.15508675575256348,0.12888354213605782,13,7
0.0350933945320399,0.034251957561755315,0.05387859138875324,370.72522044181824,0.027699058088116145,3.6279523372650146,0.03972085733143228,4.946049928665161,0.663650051629376,17.10774540901184,0.6949040114043921,0.17997026443481445,0.10976814816807845,14,7
0.00023415582040879423,0.004963118874378899,0.006088023643348937,403.34630155563354,0.011560327679014066,4.120599746704102,0.03515923690356914,9.268080234527588,0.38265646069522663,8.67159128189087,0.7752529528810568,0.21270251274108887,0.1262302609414281,15,7
0.012600984421400882,0.020006927785363043,0.015269414886710329,285.16187143325806,0.04983197599535876,5.516787528991699,0.022445060690901863,8.598594188690186,0.7896023808659477,17.59927487373352,1.0360767573514447,0.2558939456939697,0.16149325296689776,16,7
0.005374866936702014,0.03141909420556774,0.023626636914420258,311.56534719467163,0.05405402859157825,3.538119316101074,0.00841277121398323,5.548757314682007,0.9028948284324928,11.77367377281189,0.8252611919756315,0.1839747428894043,0.15882315499555594,17,7
0.00022779540537593173,0.008795266593829806,0.005701653103571845,225.29763555526733,0.04106091484972308,4.428818464279175,0.004525777203634043,4.911619186401367,0.8076541618264448,7.269909143447876,0.7863024424453059,0.14212346076965332,0.11484870591829757,18,7
0.06271505223387733,0.07651926687661297,0.06763381389882377,378.3569095134735,0.07724852533896293,7.0522565841674805,0.15524114642655537,24.683443069458008,0.9746370596888678,44.39727067947388,1.044964594492947,0.14598512649536133,0.2969886103176961,19,7
0.02050038678768237,0.06026461974133961,0.051022341227544746,335.2162654399872,0.015841545886282584,3.8845274448394775,0.016990103026102148,6.489031553268433,0.5548079130611195,17.28818678855896,0.7888726518257667,0.17408084869384766,0.1599580885677545,20,7
0.0003148874318171695,0.004208742232054595,0.0047822211222645974,360.972145318985,0.013959264242514799,4.6272292137146,0.003306157280381325,6.219851970672607,0.4783816034236882,7.8188157081604,0.49184302988021206,0.16209197044372559,0.15253368356366676,21,7
0.011088557156740161,0.07761814898938772,0.050785028758071615,291.52529764175415,0.07621049963060247,6.203609228134155,0.04799697007133893,6.826787233352661,0.7493478454535961,9.018808364868164,0.807065382046327,0.1612551212310791,0.29424731632822415,22,7
0.011692579386877915,0.02348672655604478,0.024696794411482825,228.010272026062,0.01815138386860383,4.6864728927612305,0.004258559180686286,7.432783126831055,0.3308993522892154,5.764743804931641,0.8590206948988479,0.2046670913696289,0.09946931383179222,23,7
0.017724142282062847,0.023049020802072554,0.017195771197289135,267.84830021858215,0.07527105087813883,6.121549844741821,0.013537227316560591,11.430840730667114,0.6631527736114585,6.993995904922485,0.9582763250233306,0.18363523483276367,0.23761611338649336,24,7
0.0002329566229548544,0.00894531380411789,0.00897499377084346,380.57890248298645,0.02165053297754887,4.800356149673462,0.006164396714563462,8.000899076461792,0.5912276160433929,17.507218599319458,0.9765575048940095,0.1661226749420166,0.24343040193171772,25,7
0.017679223995054952,0.026574817896906317,0.028702585294039476,385.3546938896179,0.0604500051176759,7.291584253311157,0.021459627719898716,9.384315252304077,0.7400637802774435,15.557520151138306,0.8510131733687697,0.14930319786071777,0.20263372769085713,26,7
0.03696488295363633,0.04620248498484409,0.02691964384877513,397.5736577510834,0.06683759690519173,3.976172685623169,0.0371809616820742,5.56967830657959,0.7111707672125928,14.571528434753418,0.8316278202405993,0.14357900619506836,0.16672735383377715,27,7
0.00017817620762326436,0.0038938088314580516,0.004746012433016542,342.81342029571533,0.04143452178910731,20.2445707321167,0.004343408520021367,5.467993974685669,0.26657217056056576,16.53789758682251,0.9901515810702574,0.1708087921142578,0.1835625126606531,28,7
0.00018290960040631292,0.00775206782033427,0.0034835255116361856,239.03336238861084,0.016343762848252414,4.113880634307861,0.004064166992982888,6.146504878997803,0.3017133994395329,6.351606369018555,0.9502790801887245,0.17064690589904785,0.10298892707485767,29,7
0.0002813195857667983,0.005005411903966328,0.004642173501532633,417.43790912628174,0.014307436911496524,4.128087043762207,0.0053604062391725705,6.1269309520721436,0.6437603407652127,69.35310173034668,0.9551349053983899,0.24299216270446777,0.2746260263790698,0,8
0.07102529695615578,0.07853965999378605,0.06137534088184345,284.3539249897003,0.05917078518814504,5.864708185195923,0.07924750851587321,16.20556616783142,0.9064478945677902,11.242906332015991,1.3543811391794918,0.2496953010559082,0.3281001859216207,1,8
0.017821965969887433,0.03329043750648606,0.016699219423355713,433.71303820610046,0.03645961144796729,8.56591796875,0.04896288157276718,10.230651140213013,0.7258935495980854,32.18804717063904,1.028114563781127,0.22978448867797852,0.244569628774245,2,8
0.0002891730001777046,0.004530361826507345,0.0054163767167933335,438.7501904964447,0.013527324877692981,3.8698184490203857,0.004835643237387914,6.842233419418335,0.6480073015755664,11.808019638061523,1.0926838656129934,0.2034289836883545,0.1289449213766987,3,8
0.009728817159572484,0.017119403396466178,0.025285261816453786,395.82803678512573,0.13134948730583043,15.339715480804443,0.1039655445911104,16.182547092437744,0.583117621513281,9.176926374435425,0.9696072675603313,0.15860676765441895,0.06564657016779851,4,8
0.012231084110014726,0.005834510016509098,0.009800909299003489,423.97978949546814,0.029583802317053744,6.910053730010986,0.005166888400576798,8.943767070770264,1.125877684613482,16.52578639984131,1.085156155548225,0.17387914657592773,0.31792291646745363,5,8
0.030386068851377658,0.02339337937100421,0.053210127123506076,396.0112614631653,0.02295897319294844,4.33297061920166,0.011929243902602304,6.623013019561768,0.6281124323329002,18.345592498779297,0.9869225748025553,0.21174001693725586,0.2054979809293672,6,8
0.059566521355822986,0.0633702416207516,0.06695956487287963,432.1673502922058,0.09444768333001764,7.120198011398315,0.05060912555332965,13.424593925476074,0.7380749728115973,13.307727575302124,0.9597883163482471,0.18749427795410156,0.18280390831449456,7,8
0.015833210961004835,0.03938092053204646,0.04487876124133408,251.16963028907776,0.06429252560824764,11.228157043457031,0.05726377902990469,6.840299606323242,0.8298446386949262,9.864559650421143,1.0728627065589529,0.20726895332336426,0.09175492776286417,8,8
0.021798400856309602,0.04713347781719146,0.06611074308863196,424.19601249694824,0.03685627316025002,9.523384809494019,0.01562784261975673,9.432518482208252,0.6455332969603151,8.383250713348389,1.1240295140465688,0.20368576049804688,0.1941117807063482,9,8
0.061910748876740265,0.0745921175157933,0.07462261630360567,444.90229964256287,0.14763275742580978,21.955307006835938,0.06104599128104484,9.314246416091919,1.083767999693037,17.91234588623047,1.001965754024931,0.16019701957702637,0.38263973298286164,10,8
0.04138173722269505,0.06806198400355933,0.0315734297499069,283.8690881729126,0.036358265296227016,7.963008403778076,0.03895624064417255,10.46711015701294,0.7482593494787706,11.812372922897339,1.0080154097572882,0.24347281455993652,0.30733365230596366,11,8
0.08038861501637154,0.09059520385436799,0.08946803625844671,248.19679307937622,0.09358714317861203,7.840425729751587,0.13638905805719753,21.295392513275146,1.3358989534529795,21.27938938140869,1.145247495505651,0.27282094955444336,0.3943242970938286,12,8
0.017369805080472867,0.03830683764162569,0.0357326507797476,303.99322724342346,0.04995135327488828,5.844838619232178,0.020503598924953254,17.6804518699646,0.989377660248671,17.177469730377197,1.047119019141512,0.14356470108032227,0.22317851244450812,13,8
0.00036367308713620565,0.002960716945078895,0.0037300648805916074,286.11646699905396,0.03540568346309897,4.372264385223389,0.00767233657384455,7.758449077606201,1.0448668921806639,22.828107595443726,0.9930244932603209,0.18871831893920898,0.16299288043510005,14,8
0.0002558135866739211,0.0031516972908765205,0.007171549059853381,300.27513909339905,0.01962527149431948,3.5415287017822266,0.004867806303235455,5.813249826431274,1.3115010543344592,39.69046187400818,1.037393604913336,0.1918013095855713,0.13574679316929766,15,8
0.0574508841156138,0.07860065193360485,0.08391711140824852,258.9712018966675,0.04151237929695966,9.206337213516235,0.04850527357335974,10.051443576812744,0.8179646297296236,18.33362627029419,0.8376710049825473,0.1983020305633545,0.29343140903346754,16,8
0.04418842844894855,0.02609656880368034,0.05048969655875472,386.8836176395416,0.05515338220845798,8.218313455581665,0.05856484204296784,19.976269960403442,0.36032293274966165,13.088234663009644,0.7084695161088037,0.2189931869506836,0.32303823810681426,17,8
0.015733552051745443,0.025918059645988794,0.010896284581904957,429.8733592033386,0.09969368345962895,10.478933572769165,0.0345625200871568,15.756667375564575,0.8596554983499581,17.93610954284668,1.1056989314621544,0.19611454010009766,0.1360998531222672,18,8
0.03753181043931626,0.038699448331144255,0.04746138199437691,408.2285945415497,0.07449057281399588,14.572710037231445,0.0479007576521563,9.019107341766357,1.0053669132761143,14.60230016708374,1.4474925490536912,0.2425377368927002,0.2606919775818085,19,8
0.012489864497741381,0.053475837406519997,0.026727777065191048,412.17257833480835,0.027478150651722676,14.648744106292725,0.03854282806558838,30.64028787612915,1.0416570054603056,28.4479022026062,1.2581333468526306,0.19324731826782227,0.20697653911908986,20,8
0.0002530346064123015,0.004930471530607067,0.005027741606892337,449.4022305011749,0.015437473821620057,4.543739318847656,0.006336068464234862,10.226988792419434,0.7019951606773164,17.06094765663147,0.9687590057240479,0.2550089359283447,0.42233391465797093,21,8
0.00025035800757872704,0.0057189837924606305,0.004409770426626894,288.97315549850464,0.015278028848082829,5.887754201889038,0.004560743043750201,8.406263828277588,0.8095536787189858,18.12765884399414,0.8929559944971688,0.18468403816223145,0.23019296704430453,22,8
0.022759907770564868,0.041369334146286164,0.03539961009206342,355.0250201225281,0.0324953300294701,5.481430530548096,0.06599942876756344,8.515114545822144,1.0495075890409613,42.75186610221863,0.9808265537754715,0.35873937606811523,0.3778780193295833,23,8
0.00016956362421676475,0.0037052690640467013,0.004368354272911598,407.649409532547,0.028499416686497258,4.058420419692993,0.007371837364117813,6.253725290298462,0.7919574724680499,19.880613327026367,0.9983662379579178,0.21565985679626465,0.22427605874082301,24,8
0.00027662411039534873,0.005334481559146065,0.004185297211492408,423.12446093559265,0.021359362157372143,4.295950889587402,0.00509109841056235,7.751172304153442,0.7779315640612638,14.12405252456665,1.0748232576216954,0.16639447212219238,0.23329486050963225,25,8
0.07586199754834147,0.061099854417223945,0.07326571501786376,404.36261653900146,0.16806422692392797,8.270804643630981,0.1079909168313126,10.267154693603516,1.2390836085460368,33.401365518569946,1.4388600291175107,0.28421735763549805,0.3629292025755208,26,8
0.007313540975761869,0.027137749346350624,0.012918545149120905,276.0380759239197,0.10034505793362931,7.07033109664917,0.015946110117326207,9.192158222198486,0.4335808774668176,10.704318523406982,0.7512207993772265,0.29662346839904785,0.1902529551687764,27,8
0.00035130997690560747,0.010634474462910843,0.019379449061166915,328.220566034317,0.019059288810051766,4.287703037261963,0.0064331677877852295,5.800419092178345,0.7352508725544489,15.631908655166626,1.0567466410458086,0.1498725414276123,0.1623388772696893,28,8
0.02776800247113858,0.043430911546974225,0.06086661638190662,243.68907022476196,0.045099984116127374,8.818022966384888,0.049831903752196836,33.5029821395874,1.239021368634229,32.9402220249176,1.3499641224540366,0.18069100379943848,0.3149242657182158,29,8
0.000371261160349243,0.004467334831280108,0.005725108897395294,462.89088582992554,0.028487865847594558,7.835721254348755,0.010029124641922137,11.580938816070557,0.8238354746807474,37.54317665100098,1.4060548057296265,0.4617438316345215,0.25202867461115186,0,9
0.044084516537864306,0.034226028689662784,0.018864577582139632,409.4257164001465,0.075501937209976,12.693235874176025,0.035372287023986246,13.724199056625366,1.057909078881815,24.662681579589844,1.3679802877322744,0.2283773422241211,0.3212367864474855,1,9
0.047192436570020875,0.06233147994880045,0.07531397399531022,372.2167429924011,0.08059608372386365,10.174096584320068,0.08161363722016826,14.877143621444702,1.176071540471579,33.44233965873718,1.486947908509881,0.3263871669769287,0.49081183465251,2,9
0.00041223311020910743,0.005859634878999185,0.00647039169807612,477.8687357902527,0.04428039640305103,9.57200837135315,0.042576911441545164,12.016006469726562,1.2214947299085728,53.68760919570923,1.3169350533939859,0.20162701606750488,0.34506572187878287,3,9
0.048854413797133296,0.06003159842107991,0.04139988924023613,405.73820638656616,0.05047402034957552,9.467687129974365,0.05258775711723249,12.807727813720703,0.9782611087998593,31.518768072128296,0.7996425410020297,0.2601749897003174,0.22760138738533825,4,9
0.034899152751427,0.057308850775281084,0.04345219212351763,451.17045402526855,0.06870735075582916,8.328323364257812,0.05978016937760999,17.53169274330139,0.8892598315072039,30.84349775314331,1.3886053343668086,0.227158784866333,0.34030112044496774,5,9
0.03216648857940832,0.04388772904245993,0.033628180609970096,423.92760944366455,0.05905526231103375,6.861550807952881,0.0296437277600733,13.27058219909668,1.2580277937476854,30.65198802947998,1.2312254926034665,0.22454261779785156,0.18143214112053327,6,9
0.0003439437193363876,0.0049694452948899105,0.0053525155348947105,485.4659426212311,0.014789545717069804,6.175373077392578,0.006762954125380018,9.882166147232056,0.512397666893539,14.032626867294312,0.8859930397825998,0.35489773750305176,0.19643795839459044,7,9
0.11439294809666764,0.09671923090494275,0.04902538827111326,261.3553891181946,0.0794776597809349,8.061293601989746,0.07167711177017466,21.62577247619629,1.0646968979707465,17.182981252670288,1.3962309156829773,0.17556214332580566,0.46815586029166545,8,9
0.06598577382056324,0.0616405682090128,0.07432795997968245,477.72289395332336,0.05820299335742183,8.390891313552856,0.0928269904571324,16.908271312713623,1.2259887159109992,36.24572491645813,1.2383575121965116,0.24854779243469238,0.4482318989956733,9,9
0.003649338215025512,0.026076621455335985,0.027417020682022626,279.36354804039,0.05216524428148064,5.915404319763184,0.03072171136603511,10.298410415649414,0.9027297594832557,12.814166069030762,1.0885728623487827,0.2022876739501953,0.3047969060911053,10,9
0.02739201228834841,0.0710214630087937,0.06099963165416456,419.5403184890747,0.05662621013600548,8.802327871322632,0.03531581419301114,12.18898344039917,1.1460585220964283,14.593780994415283,1.606260459300564,0.18887639045715332,0.21476601652456323,11,9
0.02430754897747965,0.029975823081264397,0.04370082101192524,452.4251346588135,0.048995620930658665,4.783587455749512,0.01750415679458504,13.104570627212524,0.8508209657432765,31.912121295928955,1.202469949511531,0.3188762664794922,0.46544920709903226,12,9
0.06807615884204773,0.08812803763145537,0.0787813503503633,443.6654086112976,0.1138763083821295,32.60696291923523,0.06617367218180643,17.150654315948486,1.1550016253055355,32.42992329597473,1.3570919437176996,0.2406771183013916,0.3394056968399991,13,9
0.011995561833517687,0.02864416785247062,0.02190394750486498,407.3243737220764,0.07688805147266564,8.313602447509766,0.03671438250630929,9.795974969863892,1.0071954531785288,22.57471537590027,1.176208480038968,0.1898653507232666,0.2564779538418653,14,9
0.02159867552312441,0.023809057147595642,0.04631582183792827,491.10073685646057,0.04964381086106538,13.933130741119385,0.0785495350250467,10.018716812133789,0.8173171862330042,18.90708327293396,1.4204374016229775,0.24349117279052734,0.34834442938583066,15,9
0.07921477657535649,0.07955234911367337,0.08310556843807988,493.97333097457886,0.09752110613598353,14.23437762260437,0.10113642014501949,16.908941984176636,1.2418388479851603,53.463656425476074,1.3196166199889163,0.22088980674743652,0.2731657424033451,16,9
0.1267009048123437,0.10917258487948635,0.10716167945494158,287.52163100242615,0.10516063871252894,13.375801801681519,0.167721946154527,17.949339151382446,1.099386968062562,35.93282198905945,1.1787203552682084,0.24386048316955566,0.39057361084622444,17,9
0.015474410340638506,0.02601213093836014,0.03424276790989251,385.2687363624573,0.042928615371536756,22.98964762687683,0.008964176513103805,9.0350821018219,0.9338777814030317,13.226333141326904,1.1773191290396667,0.3910796642303467,0.3133484219542537,18,9
0.06665440123036633,0.06563365195547846,0.06307026876807244,414.6019549369812,0.05962983609845146,13.35395860671997,0.02909395990671667,17.242100954055786,1.1190914418404538,27.011914491653442,1.1239091612760468,0.2614781856536865,0.33149250843232925,19,9
0.0004373463749609489,0.0047246844326535595,0.0058505442943329695,367.3016166687012,0.023865733246344372,6.984630823135376,0.008385200630183685,8.656492710113525,0.9884779964977382,44.096909046173096,1.2043329345782952,0.32883405685424805,0.1894637627558438,20,9
0.00026709953581678875,0.004503500002240438,0.005277595867999445,483.84771180152893,0.026961925007035047,4.5850934982299805,0.008709738608295497,6.721608877182007,0.8092436886961492,13.58401894569397,1.428983831663868,0.2374708652496338,0.18104801782813246,21,9
0.019970011830807457,0.021190189758517834,0.039028220638708824,463.6393256187439,0.046350380111933445,68.64620876312256,0.044103359995239864,20.943691730499268,1.1336944666425424,11.67159914970398,1.0283848960660824,0.25587940216064453,0.44789325465701746,22,9
0.044067043617500086,0.06824371538916581,0.061834342586224535,307.1073830127716,0.06841988604506381,19.799903631210327,0.04933189655464575,9.949551105499268,1.2163845980578647,26.05695390701294,1.3620815982523298,0.24323463439941406,0.28885488467026954,23,9
0.0434668162228284,0.048599733063122784,0.06426587494403076,487.1754746437073,0.10156581971998584,8.01724648475647,0.05963487756810938,13.466188907623291,0.9372172053395744,44.781853675842285,1.1113341448928433,0.25428247451782227,0.15306447282914737,24,9
0.08226443224236582,0.10739791345533609,0.03909173838737745,417.0267171859741,0.09795049451400548,11.639155626296997,0.046422785751636796,13.610377311706543,1.3423007428907152,10.760064363479614,1.43078918595953,0.37984561920166016,0.343426976279423,25,9
0.058264114696470026,0.06051088546246738,0.06854101507241094,237.89977407455444,0.08828932787738525,6.962301969528198,0.02719313294687537,10.30906629562378,1.122647790302736,24.592450857162476,1.2894943694980188,0.2615842819213867,0.30450048905026084,26,9
0.0420915950779322,0.05363779759748277,0.08511493137454391,390.4254174232483,0.11235478590744993,16.377069234848022,0.10350807002857935,21.55917263031006,1.0300819271202024,18.778292179107666,1.2036120234165142,0.35970401763916016,0.3660311865661467,27,9
0.02034321650911744,0.030937078292700492,0.012466390987577401,412.7636561393738,0.0386096921591907,7.932916641235352,0.07395298036168041,27.18906593322754,1.0841297155523306,17.875268697738647,1.1867596462444425,0.20404744148254395,0.3681101341946259,28,9
0.03255832415078534,0.03853202299010401,0.0411802915394295,356.73474383354187,0.05908508115201787,7.413735628128052,0.04284145444360084,19.395650148391724,0.8681770431760254,11.711692094802856,1.0518426523862459,0.26013731956481934,0.540138730355053,29,9
0.027802166194895072,0.03353028552992985,0.038138657742567535,243.18681693077087,0.07948024815030864,14.55534315109253,0.09302640332182563,28.2212393283844,1.1721267402574547,28.597647666931152,1.5191929852748254,0.33522891998291016,0.24268205542009097,0,10
0.05472620577466135,0.05444946405141959,0.05845783416562193,380.09451627731323,0.09154876375424696,68.40290403366089,0.10965831005386069,25.15659189224243,1.542574321110226,48.40986514091492,1.5333367904338888,0.44026708602905273,0.5429678809315044,1,10
0.04176514278642162,0.036907766533476175,0.05062881592379123,497.4848721027374,0.05695888584156896,11.506582260131836,0.030735298325985917,23.810548782348633,0.962058449921447,51.46446347236633,1.6357154072374747,0.3686537742614746,0.3956531398928781,2,10
0.04952803107103515,0.05987069082052223,0.07044255766332218,555.7783424854279,0.1071847845755269,31.28089427947998,0.06425719965266884,63.45387268066406,1.1975268414473048,17.840855598449707,1.596500917963846,0.3197753429412842,0.407267380441026,3,10
0.09501886012524742,0.09635299261241656,0.05392396770340148,483.4210522174835,0.10707525382070045,13.484821319580078,0.0705025316590419,44.38306760787964,1.4316887505310425,23.83053970336914,1.606094126316711,0.439284086227417,0.44924031571136497,4,10
0.03927736213243832,0.08391239500205722,0.09920653852913702,588.334380865097,0.20039137990914865,20.629478454589844,0.10948024774213465,24.813223838806152,1.3349028954860884,20.469746589660645,1.4864763814580813,0.2901124954223633,0.49988247822999554,5,10
0.04700189325013026,0.05104571225449063,0.034493365198746864,567.7610547542572,0.05344782144794141,6.75818133354187,0.055288667521100544,12.917922973632812,1.3734525895203518,16.877483367919922,1.3702942229926518,0.2180802822113037,0.44441707579040274,6,10
0.005451880135717019,0.025348995216635316,0.011554561152787983,514.3843648433685,0.058070689833116605,33.95898175239563,0.06716376315027119,13.661028385162354,1.2287092444307635,33.78375554084778,1.390100749975502,0.3316192626953125,0.48050015784032213,7,10
0.12811609218836675,0.08785133789262183,0.07792165769360365,393.21053886413574,0.11609830225600644,18.951828241348267,0.11577935779104101,19.593770265579224,1.3633549292492626,22.174154043197632,1.6979347614627671,0.3231546878814697,0.5095474194277297,8,10
0.13107883006768833,0.09967401200204055,0.08664103150890248,524.0110442638397,0.05199611238891798,11.16266655921936,0.1799649480188838,32.664101123809814,1.1727011622634453,27.670406818389893,1.5120752037788796,0.32422733306884766,0.36879506882785573,9,10
0.05437302858600577,0.10717219716552766,0.11054393057016972,385.63647198677063,0.08710414187155216,14.115622520446777,0.0715749151625657,12.404899835586548,1.0720545116726545,20.444118976593018,0.9764227235398939,0.47057557106018066,0.26236649828425684,10,10
0.010017026927424264,0.038031149439587054,0.03537460049830035,406.28361988067627,0.1169630506530285,13.38254189491272,0.11267871813417049,28.098100900650024,1.3507221212086793,45.18174338340759,1.4490929643524675,0.4275326728820801,0.4735445312179081,11,10
0.015920994656806763,0.012708371043243339,0.015660880927812013,494.8306884765625,0.054376914690021795,12.228583812713623,0.04182571600777706,34.246434688568115,1.2110694332216194,48.75948166847229,1.4410819619017448,0.257396936416626,0.4600012439954475,12,10
0.0006333469448856755,0.006136799118016785,0.005145845281093866,518.4548983573914,0.09037565487142696,11.677889347076416,0.04217575618678949,9.920164346694946,1.159752189788527,38.755709409713745,1.3638828529876583,0.3374476432800293,0.5940491589848714,13,10
0.16614588894387658,0.13591009952023259,0.09957902608116839,560.1313850879669,0.08853267145589312,13.28466010093689,0.14529634937947328,16.25889492034912,1.1539570120850595,19.24851107597351,1.1742998418425106,0.33440470695495605,0.5080163077147183,14,10
0.056249234713785415,0.04212431447571416,0.09006541940743049,396.3665978908539,0.191492908784119,24.177569150924683,0.11346180682130111,24.433265924453735,0.7966483084895423,29.325512170791626,1.6679999912671124,0.3499147891998291,0.2865872777079587,15,10
0.12367015991564585,0.1071865969074085,0.0943031910709663,325.3005599975586,0.0847973068783161,13.315873384475708,0.06111373185954112,18.682052850723267,1.431236313617004,21.88791561126709,1.4391240503500824,0.42130184173583984,0.5006751729919444,16,10
0.005022490741419414,0.016040039724020967,0.017636510425793384,427.04663252830505,0.05996265886613485,9.368526697158813,0.04791066874553571,18.34449529647827,1.2509484024268225,39.00132346153259,1.4457489932050478,0.3843197822570801,0.40689333878930833,17,10
0.07766341720910261,0.08035518513458927,0.05377211070612848,480.57640743255615,0.11243070047485086,13.63757586479187,0.22442601802912127,38.346272468566895,0.9782712581658736,20.062999486923218,1.1701489780331558,0.3450582027435303,0.40726662260365376,18,10
0.02676311507570851,0.052460787946325756,0.06037370255385154,606.0998406410217,0.07779400524192988,20.149794340133667,0.048709584747042095,56.06664037704468,0.7780623012856077,25.223237991333008,1.3154922836362015,0.3342165946960449,0.42524240458096685,19,10
0.016036033540064797,0.022495418775558038,0.0394704206847518,619.8108868598938,0.030126490817799334,9.579919338226318,0.023701475349868502,13.198597431182861,1.4352037870008771,41.41447687149048,1.3116553298694396,0.29559922218322754,0.4333371430412288,20,10
0.08976620105765373,0.07095643058315228,0.0546554212674247,631.2882990837097,0.08603789008060016,16.241482257843018,0.06849836104399133,32.66806650161743,1.1204103782637844,16.28864097595215,1.2588519466188495,0.34769582748413086,0.5061694706854477,21,10
0.039519815900537124,0.058583031650166484,0.037727769733601105,634.3402473926544,0.06619058344030834,11.694220542907715,0.08132349240022699,12.674598455429077,0.8940430294730058,21.771939039230347,1.5567035416540045,0.31397032737731934,0.4199414864922364,22,10
0.01763591585266356,0.028015241481454508,0.016872449348068273,623.8550908565521,0.06077972276149183,8.047541379928589,0.029511024730870583,12.357837677001953,1.5689170245060913,64.79313588142395,1.0858154556065005,0.23661327362060547,0.31422721372818996,23,10
0.0848521794908829,0.09075386347603132,0.05742880673600916,479.9869575500488,0.1114432477243763,10.238471508026123,0.044074268817685155,9.66483211517334,0.9192476867170234,17.24653196334839,1.3185402595167128,0.33461904525756836,0.3241580373372352,24,10
0.06911564595328344,0.07162324504184933,0.06723307127327045,608.8754966259003,0.06895560161510436,11.919516324996948,0.12730523239761465,23.719295740127563,1.4458871704792415,29.733698844909668,1.5924682847866898,0.2503221035003662,0.6793464866926879,25,10
0.11418017173844389,0.11653381073841197,0.10179422748925646,405.0342171192169,0.07113387510656906,13.089253425598145,0.14049223089457924,15.256648302078247,1.3184521072166773,82.70298862457275,1.4435332550022693,0.2347242832183838,0.45479510729471145,26,10
0.07736876554339746,0.07895287992055514,0.07016667267517732,344.206805229187,0.1782618875381155,18.286563634872437,0.10502849041340387,71.72584700584412,1.416230513600633,28.716184377670288,1.6016187595690188,0.19179558753967285,0.6903780805055904,27,10
0.02523211033003518,0.03158390871861747,0.01954866403162804,339.4638674259186,0.09631949843550065,10.470078706741333,0.0306725787918511,30.02195692062378,0.9589154095543865,23.525107383728027,1.2564854193703463,0.30730724334716797,0.3309412146794396,28,10
0.029676354121171845,0.041620721685690004,0.038173399155769124,420.78616523742676,0.07943482752816793,7.659642934799194,0.07687560574552568,18.261264085769653,1.0306405164106347,36.17793416976929,1.629034833668753,0.2835855484008789,0.4765935682745425,29,10
