Amari LBFGSB,Dilations error LBFGSB,Shifts error LBFGSB,Time LBFGSB,Amari MVICAD,Time MVICAD,Amari MVICAD ext,Time MVICAD ext,Amari permica,random_state,W_scale
0.1367798180458196,0.018190092581771164,0.018256474351699654,222.10853552818298,0.006046901956321218,2.3154213428497314,0.0022520534862003204,3.373210906982422,0.06554722453162577,0,0.25
0.1775360210891404,0.051201706328943046,0.03541869210047385,229.1564919948578,0.004050690423880443,2.8188858032226562,0.002166356530728786,3.6396212577819824,0.04286247711037518,1,0.25
0.07216590176415387,0.01005160529418644,0.009930613179332621,222.1816155910492,0.01432788101493741,1.6572625637054443,0.002147780082265187,3.091191291809082,0.03691370390170072,2,0.25
0.15877084859893603,0.03649788425491314,0.044964607730135754,223.27089715003967,0.006011476674428904,2.0429651737213135,0.00324388431000475,3.468902826309204,0.059781366153668934,3,0.25
0.14992850813185218,0.044158371845285774,0.06701075935800778,300.061137676239,0.011912522006889862,3.402251958847046,0.0038755928306224057,4.5085976123809814,0.05702796189872814,4,0.25
0.16020633072958707,0.03394773549663002,0.06108704946316007,305.9948205947876,0.02751240950048618,3.2050364017486572,0.007925204802949495,4.190663576126099,0.041340149616579516,5,0.25
0.09913739374655088,0.047571585980819224,0.05464606567230386,288.8085079193115,0.0049976017616224794,4.287383794784546,0.0016448477206561286,5.238046407699585,0.06522783634480148,6,0.25
0.19643003181687696,0.06319504555399806,0.05285229571968257,288.32799196243286,0.02127762973459209,4.844656705856323,0.010703993802279137,6.5624940395355225,0.07146032371322115,7,0.25
0.1288727390381253,0.06673248290934693,0.042867320217531125,340.1879954338074,0.016276876510282815,2.7992541790008545,0.004875502286903111,4.372039556503296,0.06916052990173754,8,0.25
0.09137547943695123,0.05044374412589267,0.04036950072809255,338.12456917762756,0.015211719621770323,2.913501501083374,0.0038867038202528527,4.189115047454834,0.06963247519128468,9,0.25
0.15707656182958085,0.07850963896791059,0.06281931583483508,380.69515585899353,0.09229359796368405,3.0876901149749756,0.055814189358359786,4.416234016418457,0.04455332801154122,10,0.25
0.07601511563182117,0.021959302176572583,0.025145190535769243,380.0481176376343,0.017903485941017795,3.1799659729003906,0.08180907730521558,7.338184595108032,0.01630695003664428,11,0.25
0.19882401440014258,0.04388796332144319,0.0189553851880754,326.79143047332764,0.008337463649353295,4.3394081592559814,0.002174452004127139,5.878941297531128,0.11204454504574143,12,0.25
0.21201876100048547,0.0570512748310619,0.07833502557315793,330.27049708366394,0.028727417469092797,3.2278382778167725,0.016170244462861607,4.731006622314453,0.11165410489136433,13,0.25
0.14357348882224258,0.0158823199087071,0.021169331361106686,341.49366784095764,0.007978853507605802,3.7345993518829346,0.0028111856713673175,4.894181966781616,0.051495554456833556,14,0.25
0.13651723699626966,0.06332289807636866,0.06255447143616073,340.8870735168457,0.03337753356122398,3.2524306774139404,0.008751222154893119,4.003244876861572,0.07496322418964266,15,0.25
0.09316214466995232,0.01124226398395951,0.010222498747345411,344.63847398757935,0.009730542584721322,3.9005191326141357,0.002649522358045471,5.357014179229736,0.03735178038240937,16,0.25
0.1531012076072666,0.08620563579133127,0.09742038616470303,348.1444923877716,0.03149087402529037,3.9479000568389893,0.01694775888971123,7.56781792640686,0.064836348140031,17,0.25
0.10554433052865753,0.06967727598988689,0.044515181242184065,385.80568408966064,0.011468212909703963,4.092813968658447,0.0019430362755084012,7.451066732406616,0.060368638930664534,18,0.25
0.11343196186170168,0.050913570683316485,0.07285110306676686,389.75189566612244,0.0049264974134301575,4.078937768936157,0.0015054132151315147,5.804666996002197,0.118376316115878,19,0.25
0.10779778435770467,0.023794782710970585,0.025874301563450674,319.7765488624573,0.0106130277770027,3.3204188346862793,0.0017334649863633069,4.5093302726745605,0.06293065609411898,20,0.25
0.0515808138804134,0.013566103073217288,0.009672038586807588,316.3713948726654,0.013479621294975524,3.4539058208465576,0.0024156095447434136,4.7057695388793945,0.03322474781225153,21,0.25
0.09732759768306494,0.01576819542509812,0.014883281869376264,350.1273384094238,0.013288929683921643,3.506864547729492,0.002853537986984829,4.593634366989136,0.05463646073276046,22,0.25
0.1367510134927416,0.0349430715420753,0.06572384935213113,348.7543122768402,0.015112596549489926,3.650899648666382,0.0028157855431345394,6.000157117843628,0.036825431510591894,23,0.25
0.14001242220296606,0.045008948020532784,0.03681351944723814,352.9156346321106,0.0037168152872222504,3.6216249465942383,0.003347743653365436,4.561523675918579,0.02276041987963641,24,0.25
0.11696932571873075,0.026900942061958588,0.033289319924262956,350.44014048576355,0.004521024320243336,3.7724764347076416,0.0022335756517024596,4.959995985031128,0.021972185238150383,25,0.25
0.1604137232115424,0.017998362954960472,0.019095256856286696,412.82481122016907,0.024951271734706855,4.134178638458252,0.0034262197772654086,5.261145830154419,0.0477300135423273,26,0.25
0.09763784585171507,0.03763330048794982,0.053339916107522416,417.74437379837036,0.011757537362384917,2.9594151973724365,0.002856403119483213,4.688787221908569,0.15215593540175867,27,0.25
0.1351068010740984,0.012874247874803721,0.022460522642642297,332.4926941394806,0.019048106877170505,2.1878044605255127,0.003370665618942506,3.969900608062744,0.04076835003450343,28,0.25
0.1499816843610248,0.07657358066269529,0.042825852029061556,337.3208725452423,0.008407411806255243,3.8122780323028564,0.0024430498106451505,5.030145883560181,0.06295481531073845,29,0.25
0.11131261238964998,0.015381373339314637,0.01216703418545201,352.5366790294647,0.006046901956321218,3.5990021228790283,0.0022520534862003204,4.93760085105896,0.06554722453162577,0,0.5
0.14027391063973033,0.02433825173728738,0.04126035403501098,353.9839241504669,0.004050690423880443,3.7062458992004395,0.002166356530728786,5.13301944732666,0.04286247711037518,1,0.5
0.0497944217844591,0.006763060018591416,0.009219302183629229,339.7598738670349,0.01432788101493741,2.661647319793701,0.002147780082265187,4.552740812301636,0.03691370390170072,2,0.5
0.12466573112551378,0.030838498117462344,0.03881779106893448,346.0664396286011,0.006011476674428904,2.7952728271484375,0.00324388431000475,4.464985132217407,0.059781366153668934,3,0.5
0.09471015458713503,0.013444181050847428,0.01593562497763714,379.8264009952545,0.011912522006889862,3.290321111679077,0.0038755928306224057,4.654432773590088,0.05702796189872814,4,0.5
0.10537675348718603,0.03297429281066597,0.047690115025655386,377.70635771751404,0.02751240950048618,3.2796943187713623,0.007925204802949495,4.260221242904663,0.041340149616579516,5,0.5
0.07731773683452711,0.08603296297777066,0.07254635395098555,355.7780191898346,0.0049976017616224794,3.416499376296997,0.0016448477206561286,4.719702959060669,0.06522783634480148,6,0.5
0.13327092831945384,0.01974622921590931,0.025443397918583948,348.07721161842346,0.02127762973459209,3.941868543624878,0.010703993802279137,5.639279127120972,0.07146032371322115,7,0.5
0.08790406534334402,0.09446599524130553,0.05494153864223551,325.6783010959625,0.016276876510282815,2.2047007083892822,0.004875502286903111,3.955972909927368,0.06916052990173754,8,0.5
0.0633876922134781,0.009836282830254292,0.006611472382559837,322.5101799964905,0.015211719621770323,2.564012289047241,0.0038867038202528527,3.3545098304748535,0.06963247519128468,9,0.5
0.11146198443322894,0.06530571762159615,0.06286369899552327,297.86895728111267,0.09229359796368405,2.760420322418213,0.055814189358359786,3.922581672668457,0.04455332801154122,10,0.5
0.05596185976946503,0.07093503966362796,0.0730684607944087,297.5080568790436,0.017903485941017795,2.5609846115112305,0.08180907730521558,6.295066833496094,0.01630695003664428,11,0.5
0.12872488184733735,0.023588159354767217,0.02787048136878531,303.6202042102814,0.008337463649353295,4.016823053359985,0.002174452004127139,5.827390432357788,0.11204454504574143,12,0.5
0.19090487021740904,0.03298397873292877,0.05272649356988932,311.3840126991272,0.028727417469092797,3.1990973949432373,0.016170244462861607,4.700193643569946,0.11165410489136433,13,0.5
0.10945258940773772,0.05256609813935244,0.07423957485184296,314.5368535518646,0.007978853507605802,3.2990775108337402,0.0028111856713673175,4.531933069229126,0.051495554456833556,14,0.5
0.11440419207183838,0.05697150649541696,0.06903484802989897,312.82010793685913,0.03337753356122398,2.7362735271453857,0.008751222154893119,3.502366304397583,0.07496322418964266,15,0.5
0.0606076225460235,0.013178996345540695,0.01605812989345246,296.16571521759033,0.009730542584721322,3.333711862564087,0.002649522358045471,4.607864141464233,0.03735178038240937,16,0.5
0.08446232187921174,0.053577945883846206,0.08401106469523195,295.6154980659485,0.03149087402529037,3.5034801959991455,0.01694775888971123,6.894202709197998,0.064836348140031,17,0.5
0.04957502128342819,0.03272651461724778,0.01810325722505071,288.01715660095215,0.011468212909703963,2.9553062915802,0.0019430362755084012,5.565233469009399,0.060368638930664534,18,0.5
0.10520683675705353,0.06573906689767933,0.06489593809765197,287.4637830257416,0.0049264974134301575,3.265925168991089,0.0015054132151315147,4.573206424713135,0.118376316115878,19,0.5
0.10611659820316884,0.0855645606580584,0.07882789436937579,308.5653123855591,0.0106130277770027,3.016672372817993,0.0017334649863633069,4.163696765899658,0.06293065609411898,20,0.5
0.05208493053298631,0.01350355940671931,0.01012403225041064,302.93519496917725,0.013479621294975524,3.1006765365600586,0.0024156095447434136,4.675914287567139,0.03322474781225153,21,0.5
0.07268311813355183,0.012113680968748026,0.011914911437881672,305.7680113315582,0.013288929683921643,2.754974603652954,0.002853537986984829,3.855625629425049,0.05463646073276046,22,0.5
0.1090845916641916,0.017175874303814283,0.02236826882443266,306.2973954677582,0.015112596549489926,2.950873851776123,0.0028157855431345394,5.3676228523254395,0.036825431510591894,23,0.5
0.09139065247039849,0.013009382481517387,0.021544424823975263,301.9192111492157,0.0037168152872222504,3.2231225967407227,0.003347743653365436,4.064131498336792,0.02276041987963641,24,0.5
0.08448779244564956,0.017317956264714825,0.0192491132865326,302.77449655532837,0.004521024320243336,3.5151941776275635,0.0022335756517024596,4.686255693435669,0.021972185238150383,25,0.5
0.14210941824410234,0.016700810385049128,0.021214644844310713,298.2833845615387,0.024951271734706855,3.418222188949585,0.0034262197772654086,4.5327417850494385,0.0477300135423273,26,0.5
0.03237513897831576,0.017271883914429777,0.02174143300536434,300.53418469429016,0.011757537362384917,2.51672625541687,0.002856403119483213,3.915843963623047,0.15215593540175867,27,0.5
0.10690624226584271,0.017425330989010758,0.027107321738806207,295.0174515247345,0.019048106877170505,2.874006509780884,0.003370665618942506,4.867662191390991,0.04076835003450343,28,0.5
0.13105001253246296,0.03627385945993991,0.0349388943522796,310.6851327419281,0.008407411806255243,4.7620627880096436,0.0024430498106451505,6.5498316287994385,0.06295481531073845,29,0.5
0.08532146923323812,0.02131612771641186,0.02264758503808917,346.21340703964233,0.006046901956321218,3.8612072467803955,0.0022520534862003204,5.373672008514404,0.06554722453162577,0,1.0
0.10722580746241477,0.01704534479927382,0.036323154595263425,349.48712515830994,0.004050690423880443,3.8284401893615723,0.002166356530728786,5.448909044265747,0.04286247711037518,1,1.0
0.041638526586292725,0.05972273823411047,0.03728473237461961,451.51298999786377,0.01432788101493741,2.7442030906677246,0.002147780082265187,4.524996280670166,0.03691370390170072,2,1.0
0.08389000720549845,0.020979999025013303,0.02424173639925564,425.3499813079834,0.006011476674428904,3.2142255306243896,0.00324388431000475,4.812452077865601,0.059781366153668934,3,1.0
0.05972877766757967,0.011441260367590553,0.011499954593861666,429.3580026626587,0.011912522006889862,3.0815796852111816,0.0038755928306224057,4.327465295791626,0.05702796189872814,4,1.0
0.08306654602134814,0.06933786898038426,0.10090542605218551,422.1959557533264,0.02751240950048618,3.196977138519287,0.007925204802949495,4.2214515209198,0.041340149616579516,5,1.0
0.038970379103453676,0.034502788052686896,0.043827566415373706,445.3655228614807,0.0049976017616224794,4.921255350112915,0.0016448477206561286,6.378876447677612,0.06522783634480148,6,1.0
0.08629751910440225,0.01657856133822606,0.023606104149886748,453.6518337726593,0.02127762973459209,6.0361151695251465,0.010703993802279137,8.144156455993652,0.07146032371322115,7,1.0
0.06377350818173144,0.030102483852769684,0.03057517974378248,462.7739906311035,0.016276876510282815,3.1378865242004395,0.004875502286903111,5.311614274978638,0.06916052990173754,8,1.0
0.033981514677106375,0.00872060553019078,0.004849434195013213,477.9710533618927,0.015211719621770323,3.255819797515869,0.0038867038202528527,4.7401442527771,0.06963247519128468,9,1.0
0.06399864064923308,0.0512519570790317,0.06965665999452049,457.31749057769775,0.09229359796368405,3.625871181488037,0.055814189358359786,4.99253511428833,0.04455332801154122,10,1.0
0.007531808474657928,0.03389138796338608,0.034340381256420124,447.92251992225647,0.017903485941017795,3.3577077388763428,0.08180907730521558,8.092901945114136,0.01630695003664428,11,1.0
0.10129230861001366,0.011486482798541742,0.011613005952082905,453.23675322532654,0.008337463649353295,4.689453363418579,0.002174452004127139,6.449557542800903,0.11204454504574143,12,1.0
0.14164139435298978,0.025017733326537544,0.03886635680765795,447.4311547279358,0.028727417469092797,3.6287314891815186,0.016170244462861607,5.222103118896484,0.11165410489136433,13,1.0
0.09374310451847949,0.02900823378889382,0.0361579132889067,453.6484661102295,0.007978853507605802,4.359637260437012,0.0028111856713673175,5.999646425247192,0.051495554456833556,14,1.0
0.039281096629791554,0.05027554298885611,0.06758513871604807,450.4372749328613,0.03337753356122398,3.5999879837036133,0.008751222154893119,4.312762975692749,0.07496322418964266,15,1.0
0.052239090961833545,0.008799729754604569,0.007688821539557308,446.79201889038086,0.009730542584721322,4.047047138214111,0.002649522358045471,5.770103693008423,0.03735178038240937,16,1.0
0.05395236258458802,0.049588310167465295,0.08186402959219642,448.8694314956665,0.03149087402529037,4.435653448104858,0.01694775888971123,8.450809478759766,0.064836348140031,17,1.0
0.032398253977856915,0.03304431174227952,0.01810015978301941,461.08918499946594,0.011468212909703963,4.304423093795776,0.0019430362755084012,7.612425088882446,0.060368638930664534,18,1.0
0.05225816250349487,0.03642372431934139,0.04384839550772205,464.5170841217041,0.0049264974134301575,4.34785795211792,0.0015054132151315147,6.278774976730347,0.118376316115878,19,1.0
0.03986585497862894,0.011737063189857339,0.014093585715207226,491.64022397994995,0.0106130277770027,3.9776625633239746,0.0017334649863633069,5.50657844543457,0.06293065609411898,20,1.0
0.03234641885253956,0.0121172240513138,0.009079818500818853,492.6085727214813,0.013479621294975524,4.298055410385132,0.0024156095447434136,5.694293260574341,0.03322474781225153,21,1.0
0.04791577507445336,0.012180974847292622,0.009151103086291315,451.1972930431366,0.013288929683921643,3.936450242996216,0.002853537986984829,5.1711132526397705,0.05463646073276046,22,1.0
0.08027001655810813,0.01386185367537915,0.018213875912278236,455.38420057296753,0.015112596549489926,3.664433002471924,0.0028157855431345394,6.556248188018799,0.036825431510591894,23,1.0
0.0994887945743168,0.016704483609482547,0.053510086751677795,446.04028129577637,0.0037168152872222504,3.9208621978759766,0.003347743653365436,4.9696204662323,0.02276041987963641,24,1.0
0.0649091800868227,0.011928912302090495,0.011421959400002122,444.2055079936981,0.004521024320243336,4.334423065185547,0.0022335756517024596,5.743503093719482,0.021972185238150383,25,1.0
0.11403058170928049,0.012014827101980706,0.00897315148891232,457.9520893096924,0.024951271734706855,4.679080486297607,0.0034262197772654086,5.303232908248901,0.0477300135423273,26,1.0
0.018356598011307932,0.014695871937293896,0.020484992103544375,457.3410704135895,0.011757537362384917,3.0260403156280518,0.002856403119483213,4.538566589355469,0.15215593540175867,27,1.0
0.08420024556001307,0.04255849148467344,0.03576295034409959,446.3057999610901,0.019048106877170505,2.72525954246521,0.003370665618942506,4.919610500335693,0.04076835003450343,28,1.0
0.0880616695864857,0.04163478123668777,0.035032051200568556,457.35338521003723,0.008407411806255243,5.057445526123047,0.0024430498106451505,7.055399417877197,0.06295481531073845,29,1.0
0.05937658144241169,0.015826640078424586,0.013256817085367953,467.25379157066345,0.006046901956321218,3.9749045372009277,0.0022520534862003204,5.442008018493652,0.06554722453162577,0,2.0
0.09536879911592452,0.015360053011721888,0.023486424872208457,470.8501007556915,0.004050690423880443,3.9200799465179443,0.002166356530728786,5.555241107940674,0.04286247711037518,1,2.0
0.018834998012356243,0.007660953645601927,0.007114077074306041,489.85129475593567,0.01432788101493741,2.6924986839294434,0.002147780082265187,4.5654332637786865,0.03691370390170072,2,2.0
0.05256470022428653,0.019609947937630948,0.022555549899498692,481.71058464050293,0.006011476674428904,2.8849806785583496,0.00324388431000475,4.609771490097046,0.059781366153668934,3,2.0
0.038402044202163844,0.008334046931698395,0.008103514224358515,449.4241006374359,0.011912522006889862,3.4002556800842285,0.0038755928306224057,4.634918689727783,0.05702796189872814,4,2.0
0.08753120162026448,0.07268556222773168,0.10341104722614455,436.94647574424744,0.02751240950048618,3.6734442710876465,0.007925204802949495,4.421743631362915,0.041340149616579516,5,2.0
0.028841912321260942,0.03188238552550402,0.04046746964379209,435.1597807407379,0.0049976017616224794,5.3107874393463135,0.0016448477206561286,6.545889854431152,0.06522783634480148,6,2.0
0.050352293958433214,0.02730069158182342,0.04090631319490515,435.9201908111572,0.02127762973459209,5.906489849090576,0.010703993802279137,7.843010902404785,0.07146032371322115,7,2.0
0.041955425495120116,0.061621037354147354,0.06192265567320028,473.3771867752075,0.016276876510282815,2.993987798690796,0.004875502286903111,4.945719242095947,0.06916052990173754,8,2.0
0.015092001184506054,0.008920796815937023,0.0049204042960554065,481.06551480293274,0.015211719621770323,3.3719065189361572,0.0038867038202528527,4.601608753204346,0.06963247519128468,9,2.0
0.04730784494895337,0.08195642747431167,0.07679167370754218,466.7188265323639,0.09229359796368405,3.750701904296875,0.055814189358359786,4.756796836853027,0.04455332801154122,10,2.0
0.0068196064130182895,0.018818542512975246,0.017810601029009186,463.2120273113251,0.017903485941017795,3.583362579345703,0.08180907730521558,7.846855878829956,0.01630695003664428,11,2.0
0.05359073920300914,0.010228958615082178,0.009265766769804788,452.9584536552429,0.008337463649353295,5.157036066055298,0.002174452004127139,7.152112722396851,0.11204454504574143,12,2.0
0.07864508233762554,0.03444363393940856,0.05608574872639715,463.51319646835327,0.028727417469092797,3.999800682067871,0.016170244462861607,5.543773174285889,0.11165410489136433,13,2.0
0.07477185907115676,0.03553255011609585,0.047768316247206816,469.08785009384155,0.007978853507605802,4.015517711639404,0.0028111856713673175,5.457711696624756,0.051495554456833556,14,2.0
0.036866550105338965,0.06079664060840261,0.03277071249993279,460.1244640350342,0.03337753356122398,3.437736988067627,0.008751222154893119,4.150247812271118,0.07496322418964266,15,2.0
0.04396893087352838,0.00853705533330177,0.006076963358770174,462.5130887031555,0.009730542584721322,4.509289026260376,0.002649522358045471,5.9063074588775635,0.03735178038240937,16,2.0
0.016650833334383042,0.019682305560206653,0.04003412628809521,462.25255608558655,0.03149087402529037,4.8121044635772705,0.01694775888971123,8.700491666793823,0.064836348140031,17,2.0
0.02710644296627889,0.03252794630834379,0.015841016135468837,463.53663992881775,0.011468212909703963,3.934481620788574,0.0019430362755084012,7.170356035232544,0.060368638930664534,18,2.0
0.04523540451955653,0.044926781012128124,0.04678153651020926,461.90167236328125,0.0049264974134301575,4.157803535461426,0.0015054132151315147,5.720167398452759,0.118376316115878,19,2.0
0.025448476880977327,0.006265584345520913,0.007842076900141569,447.9061965942383,0.0106130277770027,4.004768371582031,0.0017334649863633069,5.294899940490723,0.06293065609411898,20,2.0
0.0241630597787636,0.011449789953908694,0.008630824724990369,451.8771677017212,0.013479621294975524,4.20001482963562,0.0024156095447434136,5.572188377380371,0.03322474781225153,21,2.0
0.02540806324737554,0.010326589840373357,0.00837442723327223,439.0226490497589,0.013288929683921643,3.897578239440918,0.002853537986984829,5.151646614074707,0.05463646073276046,22,2.0
0.05958114049801799,0.013872073016364759,0.0167173534855028,440.83504605293274,0.015112596549489926,4.198474407196045,0.0028157855431345394,7.732113599777222,0.036825431510591894,23,2.0
0.06655368440328584,0.008007233964528054,0.012157867154652124,481.8760769367218,0.0037168152872222504,4.436433792114258,0.003347743653365436,5.540204286575317,0.02276041987963641,24,2.0
0.05225057704222695,0.011588391125609165,0.00934537108198038,477.858101606369,0.004521024320243336,4.741383075714111,0.0022335756517024596,6.24837064743042,0.021972185238150383,25,2.0
0.07508812561451408,0.009825951124331204,0.005692648879025533,479.728547334671,0.024951271734706855,3.924997091293335,0.0034262197772654086,5.460981845855713,0.0477300135423273,26,2.0
0.017573163804470642,0.04346521227286628,0.05618743563850145,487.5092694759369,0.011757537362384917,3.084883689880371,0.002856403119483213,4.699700355529785,0.15215593540175867,27,2.0
0.08025170821275035,0.04227577820003253,0.03658079039264193,444.3134741783142,0.019048106877170505,2.9474809169769287,0.003370665618942506,5.143872261047363,0.04076835003450343,28,2.0
0.06956463647446211,0.02915258501551329,0.02698624080259531,443.42570662498474,0.008407411806255243,5.174397945404053,0.0024430498106451505,7.292523384094238,0.06295481531073845,29,2.0
0.04369446663888449,0.01594074931672088,0.014566121940805404,444.92185401916504,0.006046901956321218,3.8641676902770996,0.0022520534862003204,5.24892258644104,0.06554722453162577,0,4.0
0.0505655211195857,0.012327058580704068,0.012852186057875848,446.1448018550873,0.004050690423880443,4.0842859745025635,0.002166356530728786,5.775765419006348,0.04286247711037518,1,4.0
0.005398533344317649,0.007663432443255758,0.0077925504512542446,450.1596267223358,0.01432788101493741,2.7332117557525635,0.002147780082265187,4.542086601257324,0.03691370390170072,2,4.0
0.019230136907572467,0.018281006640151566,0.019485335525379482,442.84761929512024,0.006011476674428904,3.1400718688964844,0.00324388431000475,4.862678289413452,0.059781366153668934,3,4.0
0.027572740199618723,0.009898022160601786,0.011598557610706065,450.36265206336975,0.011912522006889862,3.858699083328247,0.0038755928306224057,4.906030654907227,0.05702796189872814,4,4.0
0.044084672561296424,0.045412165299424184,0.08425754198463808,454.55875873565674,0.02751240950048618,3.635315179824829,0.007925204802949495,4.686540365219116,0.041340149616579516,5,4.0
0.017396030036990685,0.034036463591419396,0.043222842279352955,469.7910919189453,0.0049976017616224794,5.418612718582153,0.0016448477206561286,6.680615186691284,0.06522783634480148,6,4.0
0.019860868075731026,0.014590801313078581,0.024978199053792796,467.47086572647095,0.02127762973459209,5.952981472015381,0.010703993802279137,8.18078064918518,0.07146032371322115,7,4.0
0.04835984503740938,0.010566151199144152,0.011639303741106112,463.00162863731384,0.016276876510282815,3.1035990715026855,0.004875502286903111,4.991504907608032,0.06916052990173754,8,4.0
0.00329190868817224,0.00889385980291677,0.0031360285709213305,467.0741972923279,0.015211719621770323,4.004297971725464,0.0038867038202528527,5.397808790206909,0.06963247519128468,9,4.0
0.023855521037051564,0.05589726508586244,0.052263911088711514,438.63976287841797,0.09229359796368405,2.645148754119873,0.055814189358359786,3.6346607208251953,0.04455332801154122,10,4.0
0.0029191195709850825,0.018229641677267407,0.018810130369679014,428.8340570926666,0.017903485941017795,2.619365930557251,0.08180907730521558,6.17334246635437,0.01630695003664428,11,4.0
0.03273546333366386,0.010062604057832587,0.01016534613339481,401.6899399757385,0.008337463649353295,3.838568687438965,0.002174452004127139,5.153655290603638,0.11204454504574143,12,4.0
0.07772297585948011,0.03624076251166051,0.048783779651862764,397.76164722442627,0.028727417469092797,2.873953104019165,0.016170244462861607,4.388679504394531,0.11165410489136433,13,4.0
0.049950553522386074,0.032470157980703226,0.04185581481679748,303.95554208755493,0.007978853507605802,3.3472604751586914,0.0028111856713673175,4.6143271923065186,0.051495554456833556,14,4.0
0.0072263388684638465,0.044613574178247566,0.03876538385857058,303.03095054626465,0.03337753356122398,3.1614906787872314,0.008751222154893119,3.583254337310791,0.07496322418964266,15,4.0
0.04759874118647184,0.008740313312963908,0.006810559032626962,301.21607422828674,0.009730542584721322,3.193122625350952,0.002649522358045471,4.457799911499023,0.03735178038240937,16,4.0
0.0025378368550819453,0.02755099380248498,0.03376522145535026,305.06345891952515,0.03149087402529037,3.743312120437622,0.01694775888971123,7.125255107879639,0.064836348140031,17,4.0
0.025469080673968213,0.031930367845796316,0.014752532333739916,321.4290015697479,0.011468212909703963,3.6682612895965576,0.0019430362755084012,6.437364339828491,0.060368638930664534,18,4.0
0.006658614070473315,0.01180352813947751,0.011177923234813305,316.70934867858887,0.0049264974134301575,3.749561071395874,0.0015054132151315147,5.197139501571655,0.118376316115878,19,4.0
0.019932580153958122,0.0059033364160828135,0.010542604802618366,316.17830896377563,0.0106130277770027,2.8122310638427734,0.0017334649863633069,3.909466505050659,0.06293065609411898,20,4.0
0.014317017137465037,0.009794288081245358,0.008008859970118633,307.53329730033875,0.013479621294975524,3.215012550354004,0.0024156095447434136,4.483695983886719,0.03322474781225153,21,4.0
0.013849909612800188,0.00888384649494835,0.005184316351807744,299.1901595592499,0.013288929683921643,2.950287103652954,0.002853537986984829,3.891294240951538,0.05463646073276046,22,4.0
0.02612848539323423,0.008909229977875395,0.008787717328045935,299.5008690357208,0.015112596549489926,2.917968988418579,0.0028157855431345394,5.435385227203369,0.036825431510591894,23,4.0
0.062238937471289904,0.011116232732381316,0.01721589904901464,304.7192041873932,0.0037168152872222504,2.849421262741089,0.003347743653365436,3.7301626205444336,0.02276041987963641,24,4.0
0.03919566879298966,0.011797876006428983,0.010198908600552267,306.48195004463196,0.004521024320243336,3.548543930053711,0.0022335756517024596,4.723236083984375,0.021972185238150383,25,4.0
0.05155176337998439,0.009182890900482415,0.004989712193848051,304.3457932472229,0.024951271734706855,3.5716733932495117,0.0034262197772654086,4.512905120849609,0.0477300135423273,26,4.0
0.0011653938259858897,0.013523962485948343,0.01923959326770454,307.1290855407715,0.011757537362384917,2.6317694187164307,0.002856403119483213,4.102770566940308,0.15215593540175867,27,4.0
0.04511888426360553,0.04277134862848261,0.03718336966045263,310.4078378677368,0.019048106877170505,2.167785167694092,0.003370665618942506,3.887575149536133,0.04076835003450343,28,4.0
0.04709134913859191,0.041637423791275455,0.03873471809184707,313.18141627311707,0.008407411806255243,3.683586835861206,0.0024430498106451505,5.286407470703125,0.06295481531073845,29,4.0
0.013324375021566354,0.009551908276687317,0.005367413459514129,302.1211302280426,0.006046901956321218,3.0074710845947266,0.0022520534862003204,4.064354419708252,0.06554722453162577,0,8.0
0.006108065553094468,0.008219493705069114,0.009952495825740258,301.3205826282501,0.004050690423880443,2.9172098636627197,0.002166356530728786,4.498950242996216,0.04286247711037518,1,8.0
0.0007800770680782376,0.006995067130141264,0.017346416534460594,296.3624746799469,0.01432788101493741,1.9899866580963135,0.002147780082265187,3.532864809036255,0.03691370390170072,2,8.0
0.006109824974114398,0.007747244004005367,0.004126370825374704,292.68490624427795,0.006011476674428904,2.460691452026367,0.00324388431000475,4.065840005874634,0.059781366153668934,3,8.0
0.022506589698693676,0.008263126459833642,0.009113467181761087,310.54254388809204,0.011912522006889862,2.833554744720459,0.0038755928306224057,3.9286651611328125,0.05702796189872814,4,8.0
0.028942154389379034,0.04509513774923724,0.07827199749938268,307.8379096984863,0.02751240950048618,2.783254384994507,0.007925204802949495,3.689810276031494,0.041340149616579516,5,8.0
0.0034744524887530747,0.014147637950312335,0.018156333886984406,313.9077949523926,0.0049976017616224794,3.261505365371704,0.0016448477206561286,4.498034238815308,0.06522783634480148,6,8.0
0.00962071947080867,0.018807377858046825,0.03695126319610306,315.65425205230713,0.02127762973459209,4.825296878814697,0.010703993802279137,6.176630258560181,0.07146032371322115,7,8.0
0.030407233883206493,0.024955324798172845,0.021896286909143345,294.61475896835327,0.016276876510282815,2.3594260215759277,0.004875502286903111,3.9618520736694336,0.06916052990173754,8,8.0
0.0002518048450837296,0.009147545535315223,0.006180577812364358,295.86263155937195,0.015211719621770323,2.644261598587036,0.0038867038202528527,4.247316360473633,0.06963247519128468,9,8.0
0.02387139209826076,0.05656036795469273,0.05133039496373857,296.09163212776184,0.09229359796368405,2.468942880630493,0.055814189358359786,3.5794031620025635,0.04455332801154122,10,8.0
0.0026872165829903505,0.034969281579945485,0.03204645924926523,299.91657185554504,0.017903485941017795,2.575613260269165,0.08180907730521558,6.250673532485962,0.01630695003664428,11,8.0
0.013947691981431623,0.009035154325548014,0.00422344648605974,304.1473641395569,0.008337463649353295,4.080063819885254,0.002174452004127139,5.517799615859985,0.11204454504574143,12,8.0
0.053009858491283104,0.015786985198810166,0.02184168050056951,305.21266174316406,0.028727417469092797,3.0588791370391846,0.016170244462861607,4.498800992965698,0.11165410489136433,13,8.0
0.028112203881374503,0.009498402485375977,0.009191637116001003,310.3231990337372,0.007978853507605802,3.3960025310516357,0.0028111856713673175,4.539331912994385,0.051495554456833556,14,8.0
0.006124829571929424,0.04327213325139214,0.031861049229200196,306.7509732246399,0.03337753356122398,3.0459065437316895,0.008751222154893119,3.72294545173645,0.07496322418964266,15,8.0
0.03868306640202784,0.008321565640963433,0.005560932633176055,309.2748956680298,0.009730542584721322,3.250633955001831,0.002649522358045471,4.310576915740967,0.03735178038240937,16,8.0
0.001569926315736192,0.03136350513421166,0.0439833118575427,319.09732246398926,0.03149087402529037,3.2885923385620117,0.01694775888971123,6.53663444519043,0.064836348140031,17,8.0
0.03944456998550356,0.05819382420595129,0.026101175157519956,299.22433042526245,0.011468212909703963,3.1502020359039307,0.0019430362755084012,5.767277479171753,0.060368638930664534,18,8.0
0.00046150212060262145,0.009658768136400769,0.007981591827607229,297.1238522529602,0.0049264974134301575,3.5911080837249756,0.0015054132151315147,5.11774754524231,0.118376316115878,19,8.0
0.01067381458952229,0.006486071494207293,0.009818798454280757,296.42309498786926,0.0106130277770027,3.586320400238037,0.0017334649863633069,4.599783420562744,0.06293065609411898,20,8.0
0.003225742703136829,0.011740785035878387,0.007580251904187311,297.4518027305603,0.013479621294975524,3.453014850616455,0.0024156095447434136,4.701023817062378,0.03322474781225153,21,8.0
0.0023218065781686055,0.008563231040946135,0.005310080974736748,305.9073815345764,0.013288929683921643,2.9733376502990723,0.002853537986984829,4.035123586654663,0.05463646073276046,22,8.0
0.005974240728633734,0.011285263714430291,0.012758973161406385,310.30969309806824,0.015112596549489926,3.0966057777404785,0.0028157855431345394,5.483248710632324,0.036825431510591894,23,8.0
0.04962272791219431,0.005968106823371544,0.010407402384277753,299.8840010166168,0.0037168152872222504,3.2063398361206055,0.003347743653365436,3.9853851795196533,0.02276041987963641,24,8.0
0.03143433789528543,0.011012718472950702,0.009441522453602113,299.052934885025,0.004521024320243336,3.357623815536499,0.0022335756517024596,4.621105194091797,0.021972185238150383,25,8.0
0.023505773102271223,0.008045159237364024,0.0034762877525371318,296.74154472351074,0.024951271734706855,3.1881401538848877,0.0034262197772654086,4.203955173492432,0.0477300135423273,26,8.0
0.0004412754652836482,0.020009548247178426,0.02829122760195877,292.0950655937195,0.011757537362384917,2.614773750305176,0.002856403119483213,3.9874391555786133,0.15215593540175867,27,8.0
0.026353272627065515,0.03822219612625115,0.022782934940246732,300.20042395591736,0.019048106877170505,2.3037219047546387,0.003370665618942506,4.08442234992981,0.04076835003450343,28,8.0
0.023484106860349196,0.01951434220018216,0.013182052115466754,298.36245250701904,0.008407411806255243,3.6582536697387695,0.0024430498106451505,5.22200083732605,0.06295481531073845,29,8.0
0.004362891320804229,0.009070860870500823,0.004145390787353457,298.0215151309967,0.006046901956321218,2.866854190826416,0.0022520534862003204,4.00626277923584,0.06554722453162577,0,16.0
0.0012616426073242602,0.008272473350092681,0.010499227900670658,299.3604292869568,0.004050690423880443,3.105497360229492,0.002166356530728786,4.485011577606201,0.04286247711037518,1,16.0
0.0001394181516504611,0.006867156808654711,0.0056436036713889805,306.1408414840698,0.01432788101493741,2.1125569343566895,0.002147780082265187,3.6347267627716064,0.03691370390170072,2,16.0
0.0015163594455845743,0.006756682084566768,0.002991328384825182,299.7477562427521,0.006011476674428904,2.5347862243652344,0.00324388431000475,4.056168079376221,0.059781366153668934,3,16.0
0.0022585465077345646,0.008962037591670908,0.00879288465627701,301.9839859008789,0.011912522006889862,2.430144786834717,0.0038755928306224057,3.592622756958008,0.05702796189872814,4,16.0
0.01817601958713531,0.04903962932062269,0.07752508583728292,297.6313009262085,0.02751240950048618,2.4884021282196045,0.007925204802949495,3.390894889831543,0.041340149616579516,5,16.0
0.0010340029524960668,0.0163816860077446,0.018511132773176425,289.80319595336914,0.0049976017616224794,3.9053878784179688,0.0016448477206561286,4.928030490875244,0.06522783634480148,6,16.0
0.009016071949598223,0.019607291944709015,0.022151548127099296,284.4511306285858,0.02127762973459209,4.564200401306152,0.010703993802279137,6.37272310256958,0.07146032371322115,7,16.0
0.028070595011409783,0.011464020693359033,0.011875895337933621,297.146137714386,0.016276876510282815,2.3390822410583496,0.004875502286903111,3.991720199584961,0.06916052990173754,8,16.0
0.00011359833285692788,0.008624978518124217,0.0049089846511334015,301.03411054611206,0.015211719621770323,2.7017805576324463,0.0038867038202528527,3.892650842666626,0.06963247519128468,9,16.0
0.022678494278984017,0.057533495970033724,0.05187055189479066,308.91013741493225,0.09229359796368405,2.638486385345459,0.055814189358359786,3.814049005508423,0.04455332801154122,10,16.0
0.007835029088675765,0.014822528211127147,0.039147300082865,322.1816053390503,0.017903485941017795,2.450195550918579,0.08180907730521558,6.118279933929443,0.01630695003664428,11,16.0
0.0033009742323791393,0.009351609939928469,0.005545508384752048,304.88787150382996,0.008337463649353295,3.434643507003784,0.002174452004127139,4.940050840377808,0.11204454504574143,12,16.0
0.05290688081246438,0.029206565816657218,0.03677673414478213,302.7135536670685,0.028727417469092797,2.6994524002075195,0.016170244462861607,4.067850589752197,0.11165410489136433,13,16.0
0.005000728062986872,0.01462250342324392,0.017493453203132718,283.91677713394165,0.007978853507605802,3.5445921421051025,0.0028111856713673175,4.633439302444458,0.051495554456833556,14,16.0
0.008903483441202918,0.04458687600176248,0.03526169702135726,295.3854446411133,0.03337753356122398,2.9726150035858154,0.008751222154893119,3.5581116676330566,0.07496322418964266,15,16.0
0.006477165626939436,0.0079868354592426,0.0046101251400915404,292.96853971481323,0.009730542584721322,3.0597052574157715,0.002649522358045471,4.284358263015747,0.03735178038240937,16,16.0
0.005362876565128109,0.043373213543818345,0.0283848743899618,297.87329030036926,0.03149087402529037,3.539018392562866,0.01694775888971123,6.906972408294678,0.064836348140031,17,16.0
0.026401316468906522,0.03856418996052612,0.040456545451683396,306.11388659477234,0.011468212909703963,3.6368682384490967,0.0019430362755084012,6.582003355026245,0.060368638930664534,18,16.0
0.00014126811387300763,0.009650148601029116,0.0074393324719936515,311.7340199947357,0.0049264974134301575,3.590822219848633,0.0015054132151315147,5.05412745475769,0.118376316115878,19,16.0
0.0009377819530123222,0.004733680843835995,0.004715105849176947,317.1830675601959,0.0106130277770027,2.9907727241516113,0.0017334649863633069,4.410969495773315,0.06293065609411898,20,16.0
0.00047449576707204517,0.011653338128419248,0.007875344334567323,315.6161222457886,0.013479621294975524,3.2393503189086914,0.0024156095447434136,4.538306713104248,0.03322474781225153,21,16.0
0.0002513064570084023,0.008548489852928966,0.005083413158159582,307.6229441165924,0.013288929683921643,2.9588205814361572,0.002853537986984829,4.0615551471710205,0.05463646073276046,22,16.0
0.0007279924648738521,0.006331266709407552,0.006918212686297001,300.0096688270569,0.015112596549489926,2.980022430419922,0.0028157855431345394,5.33620023727417,0.036825431510591894,23,16.0
0.006951232083581416,0.005445952331015862,0.007755891380545042,294.4382231235504,0.0037168152872222504,2.8299310207366943,0.003347743653365436,3.7145183086395264,0.02276041987963641,24,16.0
0.029803411749174717,0.01074101005398111,0.009756753505685396,305.42318892478943,0.004521024320243336,3.40859317779541,0.0022335756517024596,4.744177579879761,0.021972185238150383,25,16.0
0.004979643747049088,0.007440077275079719,0.0048825099554507785,304.2717499732971,0.024951271734706855,3.7004687786102295,0.0034262197772654086,4.802713632583618,0.0477300135423273,26,16.0
0.00015789282232598457,0.005814670948972065,0.006821252862487408,317.02944111824036,0.011757537362384917,2.648668050765991,0.002856403119483213,4.043948650360107,0.15215593540175867,27,16.0
0.03288572360941432,0.043736179488605094,0.02320132937210826,305.6417248249054,0.019048106877170505,2.205014705657959,0.003370665618942506,3.9367475509643555,0.04076835003450343,28,16.0
0.006042532416298228,0.015922336638142926,0.011348162872110545,309.83497285842896,0.008407411806255243,3.9266300201416016,0.0024430498106451505,5.54550313949585,0.06295481531073845,29,16.0
0.00043473845108066956,0.008868275398695325,0.005602210590020647,313.75476574897766,0.006046901956321218,3.294924020767212,0.0022520534862003204,4.508647918701172,0.06554722453162577,0,32.0
0.0002540898117912182,0.0075519802616891415,0.0063263422734910315,312.7720937728882,0.004050690423880443,3.114490032196045,0.002166356530728786,4.523834705352783,0.04286247711037518,1,32.0
9.886714476409432e-05,0.006110222249494548,0.00404201665114597,320.0183515548706,0.01432788101493741,1.8183860778808594,0.002147780082265187,3.372762441635132,0.03691370390170072,2,32.0
0.00018414725559656064,0.007853127525333887,0.004580167207494287,298.1098155975342,0.006011476674428904,2.259687900543213,0.00324388431000475,3.715566635131836,0.059781366153668934,3,32.0
0.00039909896305160956,0.006552317963375422,0.005428751166712815,288.46658754348755,0.011912522006889862,2.9918575286865234,0.0038755928306224057,4.154232025146484,0.05702796189872814,4,32.0
0.017349827160115492,0.03753968202714458,0.08414433080340004,282.79269528388977,0.02751240950048618,2.7432358264923096,0.007925204802949495,3.687861680984497,0.041340149616579516,5,32.0
0.00019297849291932456,0.009823789475851975,0.010847455523058148,292.0723624229431,0.0049976017616224794,3.5101492404937744,0.0016448477206561286,4.949967861175537,0.06522783634480148,6,32.0
0.008689771528507714,0.018162316219093037,0.02450792963892908,293.6505172252655,0.02127762973459209,4.767523765563965,0.010703993802279137,6.569504737854004,0.07146032371322115,7,32.0
0.0282426851223693,0.011344307095211512,0.012790646666226414,312.7198255062103,0.016276876510282815,2.5134148597717285,0.004875502286903111,4.1579954624176025,0.06916052990173754,8,32.0
0.00011025945738739828,0.008269812976124325,0.005535892308722421,312.26100730895996,0.015211719621770323,2.6600329875946045,0.0038867038202528527,3.8146474361419678,0.06963247519128468,9,32.0
0.024599491350219597,0.05373040109591181,0.048570323551658835,320.4504544734955,0.09229359796368405,2.573801040649414,0.055814189358359786,3.71745228767395,0.04455332801154122,10,32.0
0.007850201992092154,0.01105325733356489,0.03857311685788991,327.5724449157715,0.017903485941017795,2.4573047161102295,0.08180907730521558,5.740333795547485,0.01630695003664428,11,32.0
0.00022727848569076945,0.00862699723421307,0.005493627940429855,296.0141851902008,0.008337463649353295,4.0002875328063965,0.002174452004127139,5.4790966510772705,0.11204454504574143,12,32.0
0.035539455658830876,0.012871306893899925,0.017183610155785938,294.2674331665039,0.028727417469092797,2.973507881164551,0.016170244462861607,4.5308613777160645,0.11165410489136433,13,32.0
0.0007378118357639329,0.013616423182996905,0.016745869577424043,288.23780393600464,0.007978853507605802,3.212911367416382,0.0028111856713673175,4.471100330352783,0.051495554456833556,14,32.0
0.005156835401906168,0.014277500532903824,0.038949708791626195,249.30722618103027,0.03337753356122398,2.7946462631225586,0.008751222154893119,3.6147165298461914,0.07496322418964266,15,32.0
0.00022037393691726193,0.00661497884026553,0.003936588494169292,305.48480319976807,0.009730542584721322,3.59431791305542,0.002649522358045471,4.816531658172607,0.03735178038240937,16,32.0
0.005243589131189649,0.03874958470895406,0.02460641428725257,316.70761275291443,0.03149087402529037,3.610147476196289,0.01694775888971123,7.0537636280059814,0.064836348140031,17,32.0
0.007147480630937885,0.022541591847693887,0.03158295173060617,308.09593963623047,0.011468212909703963,3.0120444297790527,0.0019430362755084012,5.891066551208496,0.060368638930664534,18,32.0
0.00011610717534349833,0.009655381410313746,0.00729108175456844,314.6301393508911,0.0049264974134301575,3.070352554321289,0.0015054132151315147,4.491473913192749,0.118376316115878,19,32.0
0.00013014982244676122,0.0046124573762678,0.0075675992087009345,294.91136503219604,0.0106130277770027,3.3176159858703613,0.0017334649863633069,4.626801490783691,0.06293065609411898,20,32.0
0.00011785366086191739,0.007093133322261309,0.00580739573152908,297.17512035369873,0.013479621294975524,3.3385417461395264,0.0024156095447434136,4.7653114795684814,0.03322474781225153,21,32.0
0.00011483583718257863,0.007134221387544191,0.0066812615747067275,291.6249203681946,0.013288929683921643,2.9257678985595703,0.002853537986984829,3.988016128540039,0.05463646073276046,22,32.0
0.00013401590514107388,0.006491354317732263,0.006554235050043985,296.5175974369049,0.015112596549489926,3.0384864807128906,0.0028157855431345394,5.558488607406616,0.036825431510591894,23,32.0
0.001030866469843452,0.0052334616684971726,0.007336796798400272,310.90184473991394,0.0037168152872222504,3.354130268096924,0.003347743653365436,4.433923959732056,0.02276041987963641,24,32.0
0.026614518437026675,0.009908543621909889,0.006611523790673397,314.07611322402954,0.004521024320243336,3.4629926681518555,0.0022335756517024596,4.738407611846924,0.021972185238150383,25,32.0
0.0007098505848127077,0.0057476885406272426,0.004909922107765228,316.4453127384186,0.024951271734706855,3.371375799179077,0.0034262197772654086,4.580630779266357,0.0477300135423273,26,32.0
0.00018264955891756474,0.013863350844124272,0.01721189990282317,363.83053851127625,0.011757537362384917,2.660341262817383,0.002856403119483213,3.9936232566833496,0.15215593540175867,27,32.0
0.00940710961519223,0.025823564520098135,0.03586599519592078,304.13900351524353,0.019048106877170505,2.3775312900543213,0.003370665618942506,4.214939832687378,0.04076835003450343,28,32.0
0.0004209248692280832,0.015235426893990933,0.010494788025266282,296.1648590564728,0.008407411806255243,3.6592302322387695,0.0024430498106451505,5.350884675979614,0.06295481531073845,29,32.0
9.197558987363186e-05,0.007317166525465728,0.004890706224168725,296.33941555023193,0.006046901956321218,2.8221282958984375,0.0022520534862003204,4.002215385437012,0.06554722453162577,0,64.0
9.161996183345566e-05,0.0065034452698571775,0.003160520337025181,299.29478907585144,0.004050690423880443,3.1037375926971436,0.002166356530728786,4.5076494216918945,0.04286247711037518,1,64.0
9.878443164685001e-05,0.0045297235519407945,0.004755175800857867,249.98731994628906,0.01432788101493741,2.288090944290161,0.002147780082265187,3.922964334487915,0.03691370390170072,2,64.0
8.719550493927475e-05,0.00736083429453652,0.005386961883527928,301.1733467578888,0.006011476674428904,2.441175699234009,0.00324388431000475,4.252321720123291,0.059781366153668934,3,64.0
0.0001011885545633695,0.002840116096129579,0.003593989029121046,303.87870025634766,0.011912522006889862,2.650991916656494,0.0038755928306224057,3.812725067138672,0.05702796189872814,4,64.0
0.015564994996968007,0.03993240470864181,0.07333376946752188,315.84548258781433,0.02751240950048618,2.8049042224884033,0.007925204802949495,3.682528257369995,0.041340149616579516,5,64.0
0.00015099933313211133,0.009337103724940565,0.010494368031399505,317.2521858215332,0.0049976017616224794,3.499519109725952,0.0016448477206561286,4.698318958282471,0.06522783634480148,6,64.0
0.00837845542360761,0.017345183874583503,0.023985693176090644,315.7642729282379,0.02127762973459209,4.990794897079468,0.010703993802279137,6.963501691818237,0.07146032371322115,7,64.0
0.027320029939371864,0.00792058002565791,0.009127533787517638,316.4139847755432,0.016276876510282815,2.3788957595825195,0.004875502286903111,4.019300937652588,0.06916052990173754,8,64.0
0.00010994284777470441,0.005262849204584894,0.006045492544069776,332.56930208206177,0.015211719621770323,2.7268364429473877,0.0038867038202528527,4.02988076210022,0.06963247519128468,9,64.0
0.02345872923634277,0.054910820770645456,0.049575714060493235,342.4257655143738,0.09229359796368405,2.4849443435668945,0.055814189358359786,3.767171859741211,0.04455332801154122,10,64.0
0.007445622594376493,0.012807595617876198,0.0352378134921006,174.57957077026367,0.017903485941017795,2.58738374710083,0.08180907730521558,6.5969860553741455,0.01630695003664428,11,64.0
8.515657525146825e-05,0.007075812981826441,0.005284888975359198,298.9074561595917,0.008337463649353295,3.872628927230835,0.002174452004127139,5.455853223800659,0.11204454504574143,12,64.0
0.005867539557390637,0.01025298942255687,0.013639646158678263,308.9442934989929,0.028727417469092797,3.224463701248169,0.016170244462861607,4.626237869262695,0.11165410489136433,13,64.0
0.00016455553035962247,0.013054170481419316,0.01441645328875313,316.1613521575928,0.007978853507605802,3.5818064212799072,0.0028111856713673175,4.811699151992798,0.051495554456833556,14,64.0
0.005729417562946144,0.014055091480321904,0.03525564992406704,299.70947670936584,0.03337753356122398,3.0038905143737793,0.008751222154893119,3.723966360092163,0.07496322418964266,15,64.0
0.0001132061189635336,0.004560369135707889,0.003059969540218207,331.86190843582153,0.009730542584721322,3.125079870223999,0.002649522358045471,4.641600131988525,0.03735178038240937,16,64.0
0.0055681407375379795,0.03125708292047414,0.022049317165156127,267.470739364624,0.03149087402529037,3.6036980152130127,0.01694775888971123,6.919252157211304,0.064836348140031,17,64.0
0.014232828126186833,0.028336012564888692,0.022886233629046515,300.189954996109,0.011468212909703963,2.9310712814331055,0.0019430362755084012,5.659927845001221,0.060368638930664534,18,64.0
0.00011232858599165007,0.006090752177813732,0.005871292781473587,312.1970682144165,0.0049264974134301575,3.5185039043426514,0.0015054132151315147,4.999919414520264,0.118376316115878,19,64.0
0.00012379830914010625,0.004216291360654063,0.0060419843463759,305.32909870147705,0.0106130277770027,3.6167893409729004,0.0017334649863633069,4.650439977645874,0.06293065609411898,20,64.0
0.00011362602394645815,0.0072627860366726174,0.00451433351872171,336.02569007873535,0.013479621294975524,3.4583921432495117,0.0024156095447434136,4.7055981159210205,0.03322474781225153,21,64.0
0.00010753528383452115,0.006150042907752118,0.006219330686376163,327.0947115421295,0.013288929683921643,3.0645837783813477,0.002853537986984829,4.008332967758179,0.05463646073276046,22,64.0
9.427486400814588e-05,0.005611750154213419,0.0060575860106542034,348.21072912216187,0.015112596549489926,3.052917003631592,0.0028157855431345394,5.551568508148193,0.036825431510591894,23,64.0
0.00018037443118638086,0.004856817479765514,0.00687342991419668,316.58260130882263,0.0037168152872222504,3.3038551807403564,0.003347743653365436,4.278056859970093,0.02276041987963641,24,64.0
0.012796869225611116,0.008098342843479971,0.005925030004692692,298.8988320827484,0.004521024320243336,3.638606548309326,0.0022335756517024596,4.720716714859009,0.021972185238150383,25,64.0
0.00019442310812137542,0.006374326166524824,0.0030895972590331867,304.99723982810974,0.024951271734706855,3.7315845489501953,0.0034262197772654086,4.763915300369263,0.0477300135423273,26,64.0
0.0002931616264374326,0.02045406339895588,0.02606744834112725,273.34432077407837,0.011757537362384917,2.8358449935913086,0.002856403119483213,4.24297833442688,0.15215593540175867,27,64.0
0.008743404351507474,0.021851882125903995,0.03377497284780287,312.9766478538513,0.019048106877170505,2.2382965087890625,0.003370665618942506,3.8634111881256104,0.04076835003450343,28,64.0
0.0002956428825571011,0.015061779538216297,0.010266661019083925,293.6837832927704,0.008407411806255243,3.8907110691070557,0.0024430498106451505,5.426828145980835,0.06295481531073845,29,64.0
8.879099245871603e-05,0.007504752418794221,0.0032686184095198608,302.4638121128082,0.006046901956321218,3.1842896938323975,0.0022520534862003204,4.497764348983765,0.06554722453162577,0,128.0
8.620390605563966e-05,0.0066487859649345,0.003709579746642053,310.96802520751953,0.004050690423880443,3.299635171890259,0.002166356530728786,4.717567205429077,0.04286247711037518,1,128.0
9.911631655227904e-05,0.0033244366015549253,0.00349532558614539,212.01878261566162,0.01432788101493741,2.2128686904907227,0.002147780082265187,3.8398191928863525,0.03691370390170072,2,128.0
8.915575384998097e-05,0.006020781850901367,0.004057516163969647,326.4891097545624,0.006011476674428904,2.403920888900757,0.00324388431000475,3.9097726345062256,0.059781366153668934,3,128.0
9.28007080637494e-05,0.0028935640648022165,0.003945680802767072,279.20681834220886,0.011912522006889862,2.4640066623687744,0.0038755928306224057,3.4616029262542725,0.05702796189872814,4,128.0
0.015535520375866188,0.03924406777005587,0.07679567311483923,313.4576783180237,0.02751240950048618,2.771867036819458,0.007925204802949495,3.601747751235962,0.041340149616579516,5,128.0
8.540906711967945e-05,0.0034139830738302733,0.003171770523633352,313.4976739883423,0.0049976017616224794,3.5989043712615967,0.0016448477206561286,4.664694547653198,0.06522783634480148,6,128.0
0.0043728178653353895,0.027510950293709698,0.03723585566258876,318.4834644794464,0.02127762973459209,4.934356927871704,0.010703993802279137,6.741816282272339,0.07146032371322115,7,128.0
0.027204328951965357,0.00725317537712411,0.009966329054159846,165.8624029159546,0.016276876510282815,2.1747288703918457,0.004875502286903111,3.8285717964172363,0.06916052990173754,8,128.0
0.000112353497594615,0.004355636596781283,0.005854221292838801,287.22128462791443,0.015211719621770323,2.568934202194214,0.0038867038202528527,3.8858261108398438,0.06963247519128468,9,128.0
0.024060439791391313,0.05648776543181319,0.042198924088316374,208.67086052894592,0.09229359796368405,2.7423081398010254,0.055814189358359786,3.7791635990142822,0.04455332801154122,10,128.0
0.0028369100620689335,0.012529135504404829,0.016813980478251955,256.1795527935028,0.017903485941017795,2.3947582244873047,0.08180907730521558,6.125053405761719,0.01630695003664428,11,128.0
8.45573095899632e-05,0.007447316026058388,0.006401805408975129,330.3278913497925,0.008337463649353295,3.7735610008239746,0.002174452004127139,5.172701358795166,0.11204454504574143,12,128.0
0.0029182116127077686,0.01678761809513041,0.01907855524066951,303.47808742523193,0.028727417469092797,2.8996589183807373,0.016170244462861607,4.384095191955566,0.11165410489136433,13,128.0
0.00014884426886694338,0.011575635976021008,0.014935228408361215,303.7288405895233,0.007978853507605802,3.512103796005249,0.0028111856713673175,4.3955676555633545,0.051495554456833556,14,128.0
0.005580620460973513,0.015586069378235017,0.03484399683320076,248.4849808216095,0.03337753356122398,2.9627268314361572,0.008751222154893119,3.5411694049835205,0.07496322418964266,15,128.0
7.806652117303913e-05,0.005156084550803568,0.0028184087084460363,296.61613154411316,0.009730542584721322,3.382157325744629,0.002649522358045471,4.5320820808410645,0.03735178038240937,16,128.0
0.0062292088328832085,0.025428276709224144,0.02268267339164485,169.3127670288086,0.03149087402529037,3.438345193862915,0.01694775888971123,6.790469169616699,0.064836348140031,17,128.0
0.013869062500163315,0.025313327125694167,0.026015443161862547,323.61871790885925,0.011468212909703963,3.3033246994018555,0.0019430362755084012,6.249946117401123,0.060368638930664534,18,128.0
0.000113086225700485,0.0050840103831771176,0.003897498822614867,345.9796781539917,0.0049264974134301575,3.570979356765747,0.0015054132151315147,4.956867218017578,0.118376316115878,19,128.0
0.00011932975925516678,0.00355470991529808,0.004866886908216421,353.2507827281952,0.0106130277770027,3.5348784923553467,0.0017334649863633069,4.702879190444946,0.06293065609411898,20,128.0
0.00011207620007180228,0.005801277705137631,0.004296380283823682,252.1367151737213,0.013479621294975524,3.6633944511413574,0.0024156095447434136,4.674038410186768,0.03322474781225153,21,128.0
0.00010795296076990146,0.005160620877104351,0.005350702847506395,235.90731167793274,0.013288929683921643,2.978687286376953,0.002853537986984829,4.037379741668701,0.05463646073276046,22,128.0
9.834261068883965e-05,0.0040054325370751445,0.0038295391998840423,333.0091392993927,0.015112596549489926,3.250492572784424,0.0028157855431345394,5.767880916595459,0.036825431510591894,23,128.0
0.00011496379264957612,0.0022438919728813823,0.005985950009462329,303.2086880207062,0.0037168152872222504,3.2217342853546143,0.003347743653365436,4.007787227630615,0.02276041987963641,24,128.0
0.00026622516720610446,0.008198549610422852,0.0038594772157746426,312.54889488220215,0.004521024320243336,3.432051181793213,0.0022335756517024596,4.4150731563568115,0.021972185238150383,25,128.0
0.00018574412019385368,0.005434257713120391,0.00667135675522543,309.9836823940277,0.024951271734706855,3.512960433959961,0.0034262197772654086,4.600117921829224,0.0477300135423273,26,128.0
0.00028682642273116345,0.019979921052117496,0.0250375004914471,245.7504711151123,0.011757537362384917,2.82810115814209,0.002856403119483213,4.15580153465271,0.15215593540175867,27,128.0
0.009783004368203556,0.022088853393677867,0.0321099757947634,329.1418716907501,0.019048106877170505,2.354968786239624,0.003370665618942506,4.116011142730713,0.04076835003450343,28,128.0
0.00022858916461768736,0.014479417096870586,0.009596255663095484,317.5318260192871,0.008407411806255243,3.654810667037964,0.0024430498106451505,5.111896991729736,0.06295481531073845,29,128.0
8.94728201232864e-05,0.005693565905090292,0.003442966378715616,314.03762674331665,0.006046901956321218,2.874260663986206,0.0022520534862003204,4.005457878112793,0.06554722453162577,0,256.0
8.366023770418841e-05,0.0035358088081457683,0.004843388903637117,310.07466197013855,0.004050690423880443,3.003589630126953,0.002166356530728786,4.392655611038208,0.04286247711037518,1,256.0
0.00010194831568698382,0.0034915366285089887,0.004419160132014054,147.59176993370056,0.01432788101493741,2.10256290435791,0.002147780082265187,3.7227015495300293,0.03691370390170072,2,256.0
8.459275622502592e-05,0.004750794481978957,0.0043579272960810635,242.45632028579712,0.006011476674428904,2.70387864112854,0.00324388431000475,4.434726715087891,0.059781366153668934,3,256.0
9.388112145211958e-05,0.0027104674109897074,0.005367620177636634,199.22023105621338,0.011912522006889862,2.7263808250427246,0.0038755928306224057,3.8202881813049316,0.05702796189872814,4,256.0
0.015140696431408801,0.04030549069497444,0.07229808474894442,276.05624771118164,0.02751240950048618,2.8754541873931885,0.007925204802949495,3.7060890197753906,0.041340149616579516,5,256.0
8.322944045437985e-05,0.0036691887351383732,0.004103558251424387,164.51111602783203,0.0049976017616224794,3.5842459201812744,0.0016448477206561286,4.568400621414185,0.06522783634480148,6,256.0
0.006355894328159588,0.03458840521166011,0.033778375701954626,249.66467785835266,0.02127762973459209,4.088918447494507,0.010703993802279137,5.705711364746094,0.07146032371322115,7,256.0
0.010762847575240573,0.014114433888404393,0.016286354929488826,192.10891008377075,0.016276876510282815,2.3814382553100586,0.004875502286903111,4.005770921707153,0.06916052990173754,8,256.0
0.00011237018210075832,0.004059135173204771,0.0061956242379832,168.59800124168396,0.015211719621770323,2.6241557598114014,0.0038867038202528527,3.924994707107544,0.06963247519128468,9,256.0
0.024948516977362133,0.05903701416259307,0.037932208464552496,135.16379308700562,0.09229359796368405,2.4154627323150635,0.055814189358359786,3.5021228790283203,0.04455332801154122,10,256.0
0.002837988545308283,0.013091770089616093,0.01690175185614438,150.16784358024597,0.017903485941017795,2.4952545166015625,0.08180907730521558,6.28327751159668,0.01630695003664428,11,256.0
8.259191880430005e-05,0.004511471580035247,0.004573160719886989,318.09115171432495,0.008337463649353295,4.187986850738525,0.002174452004127139,5.7730138301849365,0.11204454504574143,12,256.0
0.002091837552998262,0.018399285307113232,0.01722749195707623,299.85595512390137,0.028727417469092797,3.1330296993255615,0.016170244462861607,4.516424894332886,0.11165410489136433,13,256.0
0.00014936486382012063,0.012217537523224076,0.01597756222974821,321.31264066696167,0.007978853507605802,3.3990187644958496,0.0028111856713673175,4.493119716644287,0.051495554456833556,14,256.0
0.005517538343786266,0.012787864834643746,0.03589533947255229,201.97367453575134,0.03337753356122398,3.0300686359405518,0.008751222154893119,3.6970701217651367,0.07496322418964266,15,256.0
7.887247270079944e-05,0.004676698963001167,0.0038222184943950254,329.5846359729767,0.009730542584721322,2.974151849746704,0.002649522358045471,4.141757488250732,0.03735178038240937,16,256.0
0.005797343146306118,0.019196581537216283,0.037836944171510976,169.73528051376343,0.03149087402529037,3.6273460388183594,0.01694775888971123,6.935252904891968,0.064836348140031,17,256.0
0.013649433502052047,0.0330810637316725,0.023084232796380694,294.75526094436646,0.011468212909703963,3.288512706756592,0.0019430362755084012,5.881083726882935,0.060368638930664534,18,256.0
0.00010992855379157618,0.003301882948302994,0.0033963887296907013,215.95843601226807,0.0049264974134301575,3.533677339553833,0.0015054132151315147,4.998781681060791,0.118376316115878,19,256.0
0.00012219949638058613,0.00319064971357057,0.006070741696222884,221.03137850761414,0.0106130277770027,3.199517011642456,0.0017334649863633069,4.384914875030518,0.06293065609411898,20,256.0
0.00011151679111198742,0.005362744397924537,0.005715173307591811,228.62624859809875,0.013479621294975524,3.144059181213379,0.0024156095447434136,4.417536020278931,0.03322474781225153,21,256.0
0.00010907894049529299,0.00466357580400154,0.006666859450217245,168.52476620674133,0.013288929683921643,2.902975082397461,0.002853537986984829,3.8975934982299805,0.05463646073276046,22,256.0
0.00010232174393052017,0.004669223568439058,0.006564836101741622,375.31451535224915,0.015112596549489926,3.19783353805542,0.0028157855431345394,5.815577745437622,0.036825431510591894,23,256.0
0.00011570392963322626,0.006410436395760932,0.010181221435736288,330.0251362323761,0.0037168152872222504,2.859851121902466,0.003347743653365436,3.868568181991577,0.02276041987963641,24,256.0
0.00032027321696865847,0.006357312084652582,0.004926904901687192,307.05805492401123,0.004521024320243336,3.3598461151123047,0.0022335756517024596,4.389533519744873,0.021972185238150383,25,256.0
0.00017529626353772308,0.005293293516328097,0.005205203067013528,224.90023016929626,0.024951271734706855,3.3977978229522705,0.0034262197772654086,4.466785669326782,0.0477300135423273,26,256.0
0.0002854782521627941,0.01980596658285396,0.023900078032527593,131.09350085258484,0.011757537362384917,2.833712577819824,0.002856403119483213,4.198139429092407,0.15215593540175867,27,256.0
0.010342916335589017,0.024842211359000367,0.02756518364313836,291.6279137134552,0.019048106877170505,2.2389512062072754,0.003370665618942506,4.0598304271698,0.04076835003450343,28,256.0
0.00010687294093350008,0.0073554406292411475,0.0030111403922384026,314.05324125289917,0.008407411806255243,3.578362226486206,0.0024430498106451505,5.039872884750366,0.06295481531073845,29,256.0
8.907949910609058e-05,0.0052786253565669395,0.0035014505691098406,286.2440514564514,0.006046901956321218,2.8922886848449707,0.0022520534862003204,4.035603046417236,0.06554722453162577,0,512.0
8.362406768845919e-05,0.0025859908156602974,0.003982603194833782,268.83016991615295,0.004050690423880443,2.9398603439331055,0.002166356530728786,4.468783617019653,0.04286247711037518,1,512.0
9.962004206380381e-05,0.003277608728750563,0.0038445287688333284,128.10044169425964,0.01432788101493741,1.906008243560791,0.002147780082265187,3.401522159576416,0.03691370390170072,2,512.0
8.820738820624954e-05,0.004017636916422509,0.005152970875176046,197.74494290351868,0.006011476674428904,2.6918208599090576,0.00324388431000475,4.34874701499939,0.059781366153668934,3,512.0
9.274059916516863e-05,0.0030659072984741266,0.005325482133757036,328.6096532344818,0.011912522006889862,2.8472554683685303,0.0038755928306224057,3.9044029712677,0.05702796189872814,4,512.0
0.015874537598523072,0.04927244146558363,0.06067396325557405,309.0137085914612,0.02751240950048618,2.9502785205841064,0.007925204802949495,3.73614239692688,0.041340149616579516,5,512.0
0.00028230324106641945,0.005621876176639775,0.004451138708709874,197.28825283050537,0.0049976017616224794,4.099646329879761,0.0016448477206561286,5.396255731582642,0.06522783634480148,6,512.0
0.0019925568688172616,0.028988326683276392,0.02764640436173619,331.3452808856964,0.02127762973459209,4.115541458129883,0.010703993802279137,5.760274648666382,0.07146032371322115,7,512.0
0.00545011021268184,0.021207370499446262,0.01315969846884528,179.53352761268616,0.016276876510282815,2.504894495010376,0.004875502286903111,4.173336029052734,0.06916052990173754,8,512.0
0.00011152157287694032,0.0040343444932289425,0.006406413861872273,142.50937128067017,0.015211719621770323,3.025160312652588,0.0038867038202528527,4.083525657653809,0.06963247519128468,9,512.0
0.025224617612834573,0.05842164403945577,0.039856403329523296,190.3396635055542,0.09229359796368405,2.2687270641326904,0.055814189358359786,3.3695712089538574,0.04455332801154122,10,512.0
0.0028427046682011166,0.012393511044079614,0.016701617105219252,191.1756443977356,0.017903485941017795,2.78035306930542,0.08180907730521558,6.784384250640869,0.01630695003664428,11,512.0
8.103136654032063e-05,0.003984356593479719,0.004576492269337416,231.71135330200195,0.008337463649353295,3.703704357147217,0.002174452004127139,5.204371213912964,0.11204454504574143,12,512.0
0.016211079326677962,0.025470335011545123,0.03767921617679773,296.05609011650085,0.028727417469092797,3.0096819400787354,0.016170244462861607,4.368985176086426,0.11165410489136433,13,512.0
0.00015118363267417666,0.01215939861940841,0.015502914578597062,315.2294719219208,0.007978853507605802,3.490182876586914,0.0028111856713673175,4.767897129058838,0.051495554456833556,14,512.0
0.012206100187118344,0.0068053029112793515,0.012270802360341735,210.4934184551239,0.03337753356122398,3.001305103302002,0.008751222154893119,3.807072877883911,0.07496322418964266,15,512.0
7.964625173975559e-05,0.005059908303130127,0.0035579618156747627,214.99341773986816,0.009730542584721322,3.0219779014587402,0.002649522358045471,4.306795597076416,0.03735178038240937,16,512.0
0.006148861924562539,0.024773469249900336,0.0223623247692477,186.67166686058044,0.03149087402529037,3.765901803970337,0.01694775888971123,6.978820085525513,0.064836348140031,17,512.0
0.013476012248215399,0.03339839047815302,0.017493746666000808,313.94505763053894,0.011468212909703963,3.3627121448516846,0.0019430362755084012,6.2624876499176025,0.060368638930664534,18,512.0
0.00010933366560644143,0.0036913184580091587,0.004120137860270669,147.84186220169067,0.0049264974134301575,3.6079695224761963,0.0015054132151315147,5.1490702629089355,0.118376316115878,19,512.0
0.0001227427108110657,0.004111079579240471,0.005709293961468957,265.7289831638336,0.0106130277770027,3.255544424057007,0.0017334649863633069,4.417386531829834,0.06293065609411898,20,512.0
0.00011044252952232102,0.004820785379261538,0.004740052857750932,222.03802180290222,0.013479621294975524,3.5051865577697754,0.0024156095447434136,4.56828236579895,0.03322474781225153,21,512.0
0.00011021093217197019,0.004945980776814914,0.0054306143994642805,212.03830671310425,0.013288929683921643,2.76509952545166,0.002853537986984829,3.7820394039154053,0.05463646073276046,22,512.0
9.854006270065608e-05,0.0034920944244676024,0.005305631070993585,189.60259652137756,0.015112596549489926,2.7621266841888428,0.0028157855431345394,5.085196495056152,0.036825431510591894,23,512.0
0.0001128528983805177,0.004797270546147345,0.006396584593623741,285.88015937805176,0.0037168152872222504,3.3954453468322754,0.003347743653365436,4.30058741569519,0.02276041987963641,24,512.0
0.00013922119266944092,0.008483042014808593,0.005297704281795395,287.07968163490295,0.004521024320243336,3.6788887977600098,0.0022335756517024596,4.875323295593262,0.021972185238150383,25,512.0
0.00017493838655498583,0.005644009070944814,0.005847802739971499,325.6613435745239,0.024951271734706855,3.4512789249420166,0.0034262197772654086,4.668797254562378,0.0477300135423273,26,512.0
0.00028422970953159596,0.020068442769089492,0.024674300412476584,185.28543663024902,0.011757537362384917,2.901740074157715,0.002856403119483213,4.286910533905029,0.15215593540175867,27,512.0
0.010103629542388831,0.024740268096448786,0.025883966521385617,237.1536328792572,0.019048106877170505,2.572273015975952,0.003370665618942506,4.240992546081543,0.04076835003450343,28,512.0
0.0001078011688095759,0.007227036975619319,0.002430581111955619,338.2969524860382,0.008407411806255243,4.0355048179626465,0.0024430498106451505,5.427495002746582,0.06295481531073845,29,512.0
8.880186165679982e-05,0.0047041163392347145,0.002874194809369909,298.6388113498688,0.006046901956321218,2.990734577178955,0.0022520534862003204,4.635934829711914,0.06554722453162577,0,1024.0
8.452790721104275e-05,0.0016403128949620705,0.004305358314459669,292.7497498989105,0.004050690423880443,3.1286582946777344,0.002166356530728786,4.110692262649536,0.04286247711037518,1,1024.0
0.00010056960887671052,0.0035265718978113457,0.003925557259538025,150.81576085090637,0.01432788101493741,1.9737436771392822,0.002147780082265187,3.3795857429504395,0.03691370390170072,2,1024.0
8.692866169885292e-05,0.0038013656929909347,0.0036280495245457904,223.8285014629364,0.006011476674428904,2.625485420227051,0.00324388431000475,4.187264680862427,0.059781366153668934,3,1024.0
9.27797643199635e-05,0.0028058833387830883,0.00418056995970401,283.16879200935364,0.011912522006889862,2.94569993019104,0.0038755928306224057,3.925715446472168,0.05702796189872814,4,1024.0
0.012832089168296257,0.04964997197541766,0.06212900192305905,288.7423460483551,0.02751240950048618,2.6322288513183594,0.007925204802949495,3.5489227771759033,0.041340149616579516,5,1024.0
8.478306768260556e-05,0.003901268617396205,0.003632999776920435,165.6617076396942,0.0049976017616224794,3.766606569290161,0.0016448477206561286,4.971110105514526,0.06522783634480148,6,1024.0
0.003267952185410712,0.022378271162669508,0.030500453322217114,276.4472279548645,0.02127762973459209,4.49179482460022,0.010703993802279137,6.27693247795105,0.07146032371322115,7,1024.0
0.0021123228183303347,0.027231148066583746,0.01750580732067047,230.23277235031128,0.016276876510282815,2.428835153579712,0.004875502286903111,4.146115064620972,0.06916052990173754,8,1024.0
0.00011141803718033971,0.0043320984557600715,0.006729560222077532,154.48133826255798,0.015211719621770323,3.031282901763916,0.0038867038202528527,4.179652690887451,0.06963247519128468,9,1024.0
0.024728276275396394,0.06047950614449289,0.037348512524504954,253.23050928115845,0.09229359796368405,2.6780612468719482,0.055814189358359786,3.868232488632202,0.04455332801154122,10,1024.0
0.0028308410065093397,0.01212932268615604,0.01719866341935288,196.9379153251648,0.017903485941017795,2.501706600189209,0.08180907730521558,6.486089468002319,0.01630695003664428,11,1024.0
8.093640661650749e-05,0.004033709248521156,0.003813382398895563,285.81916308403015,0.008337463649353295,3.561899423599243,0.002174452004127139,5.302444696426392,0.11204454504574143,12,1024.0
0.016749972082239346,0.022343469264244957,0.04444983713655293,301.64729022979736,0.028727417469092797,2.648756504058838,0.016170244462861607,4.030393123626709,0.11165410489136433,13,1024.0
0.00014539078750219314,0.01141351401669561,0.01518761380899035,300.4662835597992,0.007978853507605802,3.5769248008728027,0.0028111856713673175,4.78542160987854,0.051495554456833556,14,1024.0
0.005542496981955818,0.013811631970443754,0.0343533551691185,298.61396408081055,0.03337753356122398,3.0718460083007812,0.008751222154893119,3.796921491622925,0.07496322418964266,15,1024.0
8.145817515330168e-05,0.005451537555511017,0.0033947175554552163,291.85206842422485,0.009730542584721322,3.4244329929351807,0.002649522358045471,4.774975299835205,0.03735178038240937,16,1024.0
0.0061922643564490355,0.02265721424950816,0.023254152603439673,290.93865609169006,0.03149087402529037,3.8229777812957764,0.01694775888971123,7.641744136810303,0.064836348140031,17,1024.0
0.015276061707212536,0.0264989953008896,0.030519853544313004,336.5120701789856,0.011468212909703963,3.256167411804199,0.0019430362755084012,6.023321628570557,0.060368638930664534,18,1024.0
0.00011147507959317514,0.0038579223471484083,0.0034733426135430396,231.62141180038452,0.0049264974134301575,3.4740169048309326,0.0015054132151315147,5.0210936069488525,0.118376316115878,19,1024.0
0.00012352412350354001,0.0033285725407694675,0.006019263768855355,216.06959533691406,0.0106130277770027,3.101698160171509,0.0017334649863633069,4.4280006885528564,0.06293065609411898,20,1024.0
0.00011154384903811598,0.004010080949688062,0.004272231297168817,183.80944871902466,0.013479621294975524,3.4540152549743652,0.0024156095447434136,4.622620582580566,0.03322474781225153,21,1024.0
0.00010883246833299999,0.005200655881921499,0.006291359388612892,160.96791672706604,0.013288929683921643,2.954810857772827,0.002853537986984829,4.090014457702637,0.05463646073276046,22,1024.0
0.0001002615636795645,0.003298549200016412,0.005835269692947607,234.04143118858337,0.015112596549489926,3.0008959770202637,0.0028157855431345394,5.324873208999634,0.036825431510591894,23,1024.0
0.00011284321485474094,0.005120215113643356,0.006596586143260376,281.004154920578,0.0037168152872222504,3.0923171043395996,0.003347743653365436,4.115415573120117,0.02276041987963641,24,1024.0
0.0003071034395484418,0.009508712982012328,0.005746824174699037,298.688679933548,0.004521024320243336,3.290832042694092,0.0022335756517024596,4.501237630844116,0.021972185238150383,25,1024.0
0.00018120658261005395,0.006066361065373647,0.004164600697380818,185.11390256881714,0.024951271734706855,3.6573550701141357,0.0034262197772654086,4.635354042053223,0.0477300135423273,26,1024.0
0.00027677146379783134,0.019814817852085397,0.023668552204693646,209.87638592720032,0.011757537362384917,2.7780303955078125,0.002856403119483213,4.161459922790527,0.15215593540175867,27,1024.0
0.02732685283849771,0.05575103334596188,0.038861940540220366,330.01771235466003,0.019048106877170505,2.526987314224243,0.003370665618942506,4.167283773422241,0.04076835003450343,28,1024.0
0.00010784459289631789,0.006157248226078176,0.0022860183629727815,333.137980222702,0.008407411806255243,3.9923782348632812,0.0024430498106451505,5.312018871307373,0.06295481531073845,29,1024.0
8.861947219947375e-05,0.005075446667386618,0.004610868580542598,310.33565640449524,0.006046901956321218,3.1462759971618652,0.0022520534862003204,4.246494293212891,0.06554722453162577,0,2048.0
8.339446180130494e-05,0.0021109421114589464,0.0041513886506393686,329.23808455467224,0.004050690423880443,3.200634717941284,0.002166356530728786,4.300364971160889,0.04286247711037518,1,2048.0
9.98244815129845e-05,0.003826947685227209,0.004338521394157968,288.3773274421692,0.01432788101493741,2.0433881282806396,0.002147780082265187,3.724156379699707,0.03691370390170072,2,2048.0
8.760311184887959e-05,0.003609913027271752,0.0034583542652022055,237.47548747062683,0.006011476674428904,2.4723689556121826,0.00324388431000475,3.9466755390167236,0.059781366153668934,3,2048.0
9.185036654463462e-05,0.0025733307679053842,0.00407597101603631,221.67054677009583,0.011912522006889862,2.6884384155273438,0.0038755928306224057,3.8943586349487305,0.05702796189872814,4,2048.0
0.012147831715643554,0.05221273418703629,0.06312725541573219,292.7200012207031,0.02751240950048618,2.9068076610565186,0.007925204802949495,3.945235013961792,0.041340149616579516,5,2048.0
8.476934487940735e-05,0.00402583486125307,0.003600328083127734,256.37369203567505,0.0049976017616224794,3.7790911197662354,0.0016448477206561286,4.920582056045532,0.06522783634480148,6,2048.0
0.003100622020029893,0.02423634514117545,0.03033352624691518,310.38435196876526,0.02127762973459209,4.443458795547485,0.010703993802279137,5.991353511810303,0.07146032371322115,7,2048.0
0.0029826472508102443,0.026057627113657018,0.01461761990268632,313.52008748054504,0.016276876510282815,2.47847843170166,0.004875502286903111,4.1295366287231445,0.06916052990173754,8,2048.0
0.0001117164937290993,0.004167282470701243,0.00647691663613705,210.10653948783875,0.015211719621770323,2.6042563915252686,0.0038867038202528527,3.697730779647827,0.06963247519128468,9,2048.0
0.024831277385398604,0.06145663219736705,0.03510767539791435,311.38872241973877,0.09229359796368405,2.6357133388519287,0.055814189358359786,3.6288909912109375,0.04455332801154122,10,2048.0
0.002834626016937547,0.012375003932857016,0.01636757308378131,311.69474363327026,0.017903485941017795,2.1858153343200684,0.08180907730521558,5.949111223220825,0.01630695003664428,11,2048.0
8.388812405938362e-05,0.0039375650992375544,0.004417475532079429,266.71175479888916,0.008337463649353295,3.437889337539673,0.002174452004127139,4.716598749160767,0.11204454504574143,12,2048.0
0.01645823362458471,0.025582681299141142,0.04042195761439564,288.6275806427002,0.028727417469092797,2.949230194091797,0.016170244462861607,4.298877716064453,0.11165410489136433,13,2048.0
0.0001513994685881648,0.01214461127727505,0.015443296797063405,271.8834054470062,0.007978853507605802,3.499110460281372,0.0028111856713673175,4.665637254714966,0.051495554456833556,14,2048.0
0.01012894178562115,0.005401789284848206,0.018500408647813313,279.8892345428467,0.03337753356122398,3.0517513751983643,0.008751222154893119,3.84067702293396,0.07496322418964266,15,2048.0
8.177589601823465e-05,0.0033626759302953515,0.0031100701341576723,283.1623890399933,0.009730542584721322,3.3146181106567383,0.002649522358045471,4.376688241958618,0.03735178038240937,16,2048.0
0.0061416746039065955,0.02332446899408457,0.02362873825493865,289.9621994495392,0.03149087402529037,3.768141984939575,0.01694775888971123,7.097210168838501,0.064836348140031,17,2048.0
0.018100626138850932,0.011119435347223403,0.02183780081291796,312.6325488090515,0.011468212909703963,3.2282798290252686,0.0019430362755084012,6.046454191207886,0.060368638930664534,18,2048.0
0.00011190808024536202,0.003451107883906852,0.004156165551536094,210.28289532661438,0.0049264974134301575,3.5316920280456543,0.0015054132151315147,5.151229619979858,0.118376316115878,19,2048.0
0.00012126384132411292,0.003065052688231651,0.005516595111641317,318.8827257156372,0.0106130277770027,2.8891594409942627,0.0017334649863633069,4.111459493637085,0.06293065609411898,20,2048.0
0.00011012608621335351,0.004067480717780709,0.0043456105842347,263.66125202178955,0.013479621294975524,3.0414700508117676,0.0024156095447434136,4.269888162612915,0.03322474781225153,21,2048.0
0.0001091558785261215,0.005036288989549371,0.006644356558246866,267.8373146057129,0.013288929683921643,3.094496011734009,0.002853537986984829,4.192924499511719,0.05463646073276046,22,2048.0
9.819454213047417e-05,0.003864322389892818,0.006100440921425414,305.49978375434875,0.015112596549489926,2.9109151363372803,0.0028157855431345394,5.346076250076294,0.036825431510591894,23,2048.0
0.00011179455109016524,0.003888498895095891,0.006730865763671493,276.5282611846924,0.0037168152872222504,3.1273303031921387,0.003347743653365436,3.861692190170288,0.02276041987963641,24,2048.0
0.006628698785124313,0.007998178308713442,0.005906237602497794,307.1626646518707,0.004521024320243336,3.559614419937134,0.0022335756517024596,4.693260908126831,0.021972185238150383,25,2048.0
0.0001782900685489541,0.006238940015837527,0.0057093073739626285,285.4113748073578,0.024951271734706855,3.3076415061950684,0.0034262197772654086,4.376727104187012,0.0477300135423273,26,2048.0
0.0002838158844453931,0.019464705874972427,0.023930363639445354,258.86642503738403,0.011757537362384917,2.6597747802734375,0.002856403119483213,3.959172010421753,0.15215593540175867,27,2048.0
0.010351436379300409,0.026944888774800422,0.025185906869647865,276.33524322509766,0.019048106877170505,2.221705913543701,0.003370665618942506,4.016427278518677,0.04076835003450343,28,2048.0
0.00010751963225902993,0.005780049382504328,0.00265485482050467,303.65362429618835,0.008407411806255243,3.702192544937134,0.0024430498106451505,5.256838321685791,0.06295481531073845,29,2048.0
