Amari LBFGSB,Dilations error LBFGSB,Shifts error LBFGSB,Time LBFGSB,Amari MVICAD,Time MVICAD,Amari MVICAD ext,Time MVICAD ext,Amari MVICA,Time MVICA,Amari GroupICA,Time GroupICA,Amari permica,random_state,noise_data
7.079724181441687e-05,0.01712230382890748,0.006531494321836883,52.311623096466064,0.004915556097420353,0.7647926807403564,0.0013756729393757494,1.115217924118042,0.07422638386087438,0.3480987548828125,0.44853149312415486,0.03718280792236328,0.02705106832599914,0,0.001
1.2327389570621072e-05,0.012906209562257112,0.008247767257962148,45.56749391555786,0.011507165789052887,0.447634220123291,0.001300462751361153,1.003237247467041,0.14175570924501327,0.28692150115966797,0.3229007540084496,0.04154801368713379,0.0320373981479921,1,0.001
0.00017984880978296017,0.01436922663598228,0.005792281691088948,51.986817598342896,0.0018261145732437162,0.955761194229126,0.0011829852334253638,1.2837448120117188,0.04798671383076183,0.430678129196167,0.26812702890190476,0.04230189323425293,0.010104763966798625,2,0.001
4.546509092803556e-05,0.010561024964519028,0.0048834186066369365,45.62189865112305,0.010180612172291766,0.6279122829437256,0.0033818073750912017,0.9743771553039551,0.07143184509750702,0.3766899108886719,0.26552021485820243,0.043051958084106445,0.014576310432618223,3,0.001
1.561615754467708e-05,0.01830073009700186,0.006306365502369902,52.09405708312988,0.005779319426242553,0.6922729015350342,0.002171095137079678,0.9154541492462158,0.104085858292374,0.4230771064758301,0.48270783784168436,0.05790090560913086,0.01108932812478877,4,0.001
9.795564172287995e-06,0.009104433877029165,0.006080238317138068,52.33305478096008,0.0019775782871167325,1.0205490589141846,0.001005625769257919,1.381291151046753,0.02290821211003801,0.5556049346923828,0.23457342345296475,0.035224199295043945,0.023490032196570955,5,0.001
2.238726470011147e-05,0.01074995448654447,0.008135581561990488,52.702757596969604,0.002624508219391153,1.045382022857666,0.0006005841035880755,1.6969687938690186,0.06853957556564863,0.3931400775909424,0.2980799187579601,0.03768205642700195,0.01797014347608648,6,0.001
2.322098768213395e-05,0.011713588475566687,0.014880133496925059,46.00820016860962,0.005552294806280219,0.5370042324066162,0.00163239355218144,1.1905667781829834,0.215567269076664,0.4605555534362793,0.3909408605099497,0.052420616149902344,0.01842405367322193,7,0.001
0.0030276471524601704,0.009021615456530204,0.009639930691557825,17.98973059654236,0.012761864269562962,0.8025412559509277,0.0011451465233896915,1.0877141952514648,0.09505206906081747,0.3345003128051758,0.39435262117629133,0.03489041328430176,0.09418729401520513,8,0.001
2.6810843172397902e-05,0.014009460769931436,0.004155892722754807,43.67739415168762,0.0036421040185311048,0.5633907318115234,0.0011065125952225937,0.9210913181304932,0.26102331388400074,0.637965202331543,0.3579370181915623,0.04702043533325195,0.0122118498754914,9,0.001
3.0500606702206966e-05,0.007634254427447917,0.008590033961818047,50.621227979660034,0.0005727332292077002,1.064429521560669,0.00042343028043796417,1.47991943359375,0.02872197141040985,0.2652103900909424,0.2550077952755343,0.036515235900878906,0.013975605700442078,10,0.001
4.5778243627288734e-05,0.007499391739234648,0.0068108994785568994,51.95434594154358,0.0022229921266936348,0.9006593227386475,0.0011821462908503683,1.5889439582824707,0.011754493216583641,0.6499934196472168,0.04268904311103579,0.03053760528564453,0.01772272751549641,11,0.001
0.07896702107548764,0.01142813344957266,0.010983556503350629,51.57032346725464,0.006403543660552831,0.8819031715393066,0.0006104906024934298,1.214296579360962,0.036750830562837275,0.2577056884765625,0.11124901670110228,0.040726661682128906,0.016193505203217537,12,0.001
0.00012796790294002195,0.011903212173150202,0.007567056492610021,51.35408353805542,0.001345761718761529,0.8530030250549316,0.001837760136297913,1.1515910625457764,0.0199685962252677,0.3347952365875244,0.05001078666245028,0.047579050064086914,0.025308841998915775,13,0.001
9.425615119590763e-05,0.003991229543795397,0.006130906632939854,53.0787034034729,0.012099535464207004,0.6423506736755371,0.003373372587439475,0.8683698177337646,0.08200798339600537,0.32198262214660645,0.23822814719442773,0.044667959213256836,0.07675910361388408,14,0.001
0.0006323807036930548,0.01019109477229252,0.0060189075413603025,51.43026280403137,0.0019269807035913263,0.7957005500793457,0.0008077069707333351,1.0650713443756104,0.013175074819888976,0.44290924072265625,0.12683282114353928,0.03666114807128906,0.010836975555417249,15,0.001
0.0006566064829275428,0.02443016595394726,0.029063079541474253,44.52208399772644,0.0011812356532088896,0.9075255393981934,0.0011400804991917497,1.1663215160369873,0.05325195255730832,0.4101839065551758,0.29310397181177383,0.0423583984375,0.030771759354214327,16,0.001
4.5352891076240934e-05,0.012887284924532267,0.009021239778923561,44.75161004066467,0.0011457399149758778,0.7066729068756104,0.00117370652233569,0.9689440727233887,0.033976202382814916,0.549340009689331,0.22111603741531746,0.04011654853820801,0.021450617710730167,17,0.001
3.0460274286029747e-05,0.01264748193459851,0.0103447348926336,51.38707494735718,0.0011347102156454476,0.7820761203765869,0.0012008172035357831,1.0694527626037598,0.07790152798082782,0.5754735469818115,0.32639078791028825,0.04314565658569336,0.024899199727598912,18,0.001
2.197269583876782e-05,0.009240013909447805,0.0074644213151655375,50.35454344749451,0.0038187976718324934,0.7054972648620605,0.0015689533511717684,0.9658424854278564,0.030371100960897728,0.29286670684814453,0.33212033477778224,0.04290914535522461,0.01133810289573262,19,0.001
0.0005755139254064308,0.010161478909544908,0.002254218636615075,52.12104821205139,0.0019290034509334164,0.8210568428039551,0.0009051691579852047,1.1230714321136475,0.15909379950810515,0.31363487243652344,0.41888887858240514,0.03078603744506836,0.010437049986412386,20,0.001
0.00018298920978006004,0.01178160089584912,0.007025015916253869,51.83920121192932,0.0023374454524790257,0.7223091125488281,0.0009346242787872253,1.5353622436523438,0.04317815625496667,0.5494203567504883,0.38228933318072683,0.04771304130554199,0.011785307254679292,21,0.001
0.041454637977505315,0.009548882587156686,0.003936157740814202,51.423091888427734,0.0025191363782552565,0.9951505661010742,0.0008209051687022573,1.351078748703003,0.021930276776273416,0.42758846282958984,0.2028098872700342,0.09699487686157227,0.021977205535136886,22,0.001
3.6792701162583855e-05,0.0059323020796387144,0.002305160840945087,51.59187293052673,0.001400145236678744,1.720125675201416,0.0014191724412115395,2.4938342571258545,0.011849153153636802,0.44378662109375,0.23585060664713353,0.044454336166381836,0.015280460139336944,23,0.001
1.810356937706666e-05,0.01363208065226571,0.007657655595098503,44.36136436462402,0.00560424012138021,0.7910537719726562,0.000793777356588395,1.0940022468566895,0.07374485785541868,0.3446338176727295,0.24955870179280995,0.054228782653808594,0.005560201015013215,24,0.001
5.966026032053021e-05,0.005380071928203556,0.014801605047970842,44.517847537994385,0.017487055002414015,0.635767936706543,0.0014461311319053556,1.0202631950378418,0.10152428926005333,0.6712286472320557,0.15325604945058302,0.0546412467956543,0.04283889929883568,25,0.001
0.005278028868119018,0.015427989905980155,0.0043596537152591945,50.108490228652954,0.005437257566208439,1.2532496452331543,0.0011855383672652784,1.742248773574829,0.0646705951397451,0.37195801734924316,0.1496095558862559,0.03926491737365723,0.02132208232256033,26,0.001
5.422215871093705e-05,0.0067598639605374565,0.005387499096576569,50.448349714279175,0.010461621763406388,0.889838457107544,0.0013684575417032348,1.233139991760254,0.1640426533509228,0.41167306900024414,0.3985607375330852,0.04173731803894043,0.07962999930309143,27,0.001
1.0537032461802968e-05,0.00895093505915187,0.005194752763407303,43.22453784942627,0.0017422019685422972,0.9686076641082764,0.0017422019685422972,1.32853102684021,0.03495920060208017,0.4884798526763916,0.03849466160767829,0.03688478469848633,0.020331345462063027,28,0.001
8.557610984831025e-06,0.008927925534163083,0.009367315653454167,31.68406319618225,0.0025273478525593618,0.8008537292480469,0.0007411952217096415,1.0991721153259277,0.034610567809617514,0.3733980655670166,0.12987894428241112,0.049247026443481445,0.01761641650597961,29,0.001
2.6859410109070227e-05,0.015988003630709447,0.0027860994247801956,50.05715727806091,0.004943011946223597,0.7459230422973633,0.001381877828312894,1.1120061874389648,0.07436601747971097,0.3546779155731201,0.45022298106336534,0.037245750427246094,0.027187928020155065,0,0.0021544346900318843
1.5805722788882665e-05,0.012931367681363071,0.009537375024006114,50.18957567214966,0.011438106286077443,0.4660329818725586,0.0013213178257230301,1.028400182723999,0.14176829866339707,0.29033327102661133,0.3229509780116018,0.042833566665649414,0.032097969400913896,1,0.0021544346900318843
0.0003263069410008645,0.014415092934449683,0.003239270167093609,50.107911586761475,0.0018152904991921646,0.9273831844329834,0.0011757728954776261,1.2924754619598389,0.04790743071299934,0.44129252433776855,0.2660324298867743,0.03190803527832031,0.010097194418686816,2,0.0021544346900318843
5.9122464590188885e-05,0.010504673173277308,0.004074765622957696,44.5916531085968,0.010210503118959213,0.6378679275512695,0.003376579046643443,0.9856622219085693,0.07185990822914914,0.37694668769836426,0.26628473455353296,0.05407094955444336,0.014640278688054079,3,0.0021544346900318843
1.9448796933999963e-05,0.018346586116376132,0.00600228792389606,44.49614763259888,0.005782972330168482,0.7205605506896973,0.0022089163411262843,0.9732303619384766,0.10511943937408474,0.49704623222351074,0.4859588666652298,0.07277560234069824,0.011063229250499554,4,0.0021544346900318843
3.0117844193674102e-05,0.009041606722520641,0.0060465934866177845,44.773210287094116,0.002041805016067403,1.02423095703125,0.0010251865051157827,1.4071803092956543,0.02283571582969408,0.555772066116333,0.2335752748639126,0.04141426086425781,0.02349729394880953,5,0.0021544346900318843
2.83192194824311e-05,0.010918954907182036,0.009661184044268882,51.03277659416199,0.0025902841562528795,1.1374645233154297,0.0006033096104306246,1.804739236831665,0.06887954485913762,0.4355309009552002,0.2992027738732236,0.04967546463012695,0.018000417024862013,6,0.0021544346900318843
2.5216167270743677e-05,0.011766855834521492,0.017453789818777966,50.476362466812134,0.005529316527519379,0.5286252498626709,0.001632243365117529,1.098853349685669,0.21520326802990378,0.44597887992858887,0.3869691223461145,0.04513859748840332,0.01836331828940673,7,0.0021544346900318843
4.4638072843183886e-05,0.006937259424777468,0.009082080934657122,51.08844327926636,0.012701092079223888,0.7907884120941162,0.001152210844063391,1.1101467609405518,0.09473164605518505,0.33868980407714844,0.394368673275704,0.043503522872924805,0.0945842334247189,8,0.0021544346900318843
1.8970662031936314e-05,0.014208805090003404,0.006076232990988068,51.00839591026306,0.0036871229663303653,0.5515077114105225,0.0011175556502067622,0.9129354953765869,0.260823023256357,0.637775182723999,0.3582700045436951,0.06628680229187012,0.012163419174339015,9,0.0021544346900318843
3.67896071072978e-05,0.007944568106942848,0.010547285440091949,50.89740610122681,0.0005741869501379189,0.9678518772125244,0.00042781611405107904,1.3591070175170898,0.02850830879713139,0.23850488662719727,0.25332403250907876,0.0340728759765625,0.013980305719730152,10,0.0021544346900318843
3.846705220291735e-05,0.007429291408534678,0.0062000094586403855,44.26001477241516,0.0022539870397897473,0.850520133972168,0.0012519801534379555,1.5362110137939453,0.011759447538004737,0.611335039138794,0.0425293431135947,0.03258228302001953,0.017706247060208923,11,0.0021544346900318843
0.054242243395857793,0.02204689825002989,0.03360983268639155,50.246705770492554,0.006013240455587021,0.8838517665863037,0.000622227835439304,1.249741792678833,0.03679294301360814,0.26685619354248047,0.11148529559655222,0.03986191749572754,0.01618628518455715,12,0.0021544346900318843
0.00024966403579062364,0.011992817583714259,0.006415433479680813,44.15197801589966,0.0013491519805072386,0.8544361591339111,0.0018216790244012164,1.1638433933258057,0.02006729856893794,0.3365516662597656,0.0499998443459978,0.05048489570617676,0.025550962736897276,13,0.0021544346900318843
9.041192704307329e-05,0.0038816915671807746,0.0029693092558132203,51.08132028579712,0.012063654370127174,0.6783640384674072,0.0033350373158107295,0.913071870803833,0.0820988041130879,0.3544933795928955,0.23854828391129534,0.05979132652282715,0.07690044970208532,14,0.0021544346900318843
0.0008094591793626668,0.010164361621692476,0.006265007547177606,51.221205949783325,0.0019400248105229776,0.8306331634521484,0.0008151902348261389,1.110661506652832,0.013202931542085277,0.46321964263916016,0.126659143317216,0.05490589141845703,0.010873585057870165,15,0.0021544346900318843
0.0011014616904940543,0.005788285697791314,0.008676398903257054,50.97631311416626,0.0011783196842380344,0.9054951667785645,0.0011514238446575546,1.1761634349822998,0.05342203641908596,0.40383291244506836,0.29360917172257484,0.03789329528808594,0.030828373496160983,16,0.0021544346900318843
4.746190531586721e-05,0.012832506704417757,0.007446020927435856,51.27382850646973,0.0011353009100521544,0.6978271007537842,0.0011640565532398783,0.9524960517883301,0.033824999611161144,0.5611820220947266,0.22009160348764678,0.041060686111450195,0.021523276608187477,17,0.0021544346900318843
2.914812491254063e-05,0.012823627349571343,0.011510414181342122,51.65005922317505,0.0011354191479363118,0.6939160823822021,0.0012029709605454316,0.9609196186065674,0.0782848834952399,0.5335314273834229,0.32637414203230614,0.03937053680419922,0.02448302850533476,18,0.0021544346900318843
2.4206880527910535e-05,0.00929812622894269,0.012068118576600999,44.39908814430237,0.003799702855185265,0.6599657535552979,0.001563479041764171,0.9196634292602539,0.030304947024615263,0.29668545722961426,0.332537967699293,0.03563499450683594,0.011398076345174816,19,0.0021544346900318843
0.00998665332006062,0.010526742328062581,0.0022481542895762363,50.95783090591431,0.0019340715759172365,0.8492143154144287,0.0009206426076456756,1.2233693599700928,0.15844291131222002,0.34123945236206055,0.4221752309025405,0.03308844566345215,0.010488635339598748,20,0.0021544346900318843
6.917306143275534e-05,0.011479381720920905,0.006314796693033048,43.70279836654663,0.0022922370441969286,0.7045445442199707,0.0009233342771925926,1.507692813873291,0.04274846511421218,0.5458781719207764,0.3807649047231917,0.03843212127685547,0.01184496515718172,21,0.0021544346900318843
0.050192624183227216,0.009147955924220567,0.004884931065266021,50.557049036026,0.0025132301887411668,1.0946707725524902,0.0008117836772783141,1.4753704071044922,0.022009286217288444,0.48257017135620117,0.20150651004108627,0.038848876953125,0.021992467695964676,22,0.0021544346900318843
8.564588614692336e-05,0.0058083231700302084,0.002976693909540625,51.07088327407837,0.001409981030660242,1.7435097694396973,0.0014266372685384147,2.427305221557617,0.011803745457227977,0.4275057315826416,0.23576710171476806,0.04243636131286621,0.015302068160589774,23,0.0021544346900318843
2.6489908313709342e-05,0.013537377343591069,0.004866600858741342,51.50189232826233,0.005584721740870228,0.8042182922363281,0.0007858614730863467,1.1298432350158691,0.07451369153102586,0.3567044734954834,0.251848692021704,0.046991825103759766,0.00564069742594003,24,0.0021544346900318843
0.00011766152229453948,0.0055599068306134624,0.016442240067682874,50.74248695373535,0.017400145427515674,0.6530096530914307,0.001435355574889208,1.0242531299591064,0.10137257027319665,0.6712689399719238,0.15368908427179795,0.037906646728515625,0.04265011700435712,25,0.0021544346900318843
0.0006335581801794425,0.013958508994118131,0.0076543101750600525,51.764092683792114,0.005457048161904702,1.1756272315979004,0.0011820322977699638,1.6311845779418945,0.06449940379294485,0.3550078868865967,0.148768379342994,0.03324556350708008,0.021393401043957653,26,0.0021544346900318843
6.362877756164546e-05,0.006752676760303593,0.0048139415823141305,44.29743480682373,0.010467233935280974,0.8562915325164795,0.0013626362887016205,1.1746366024017334,0.16422309731975343,0.40555238723754883,0.39503439249334915,0.043454885482788086,0.07948639048418843,27,0.0021544346900318843
1.0918790269628016e-05,0.008691375379878342,0.005426784131178632,44.21856069564819,0.0016547143234056632,0.9763951301574707,0.0016547143234056632,1.326601505279541,0.03489155682684952,0.4819052219390869,0.038614295375000524,0.03815150260925293,0.02039380486747408,28,0.0021544346900318843
1.0577712741444146e-05,0.008876560070520009,0.009756472641463924,38.213181018829346,0.0025346283610893005,0.7441432476043701,0.0007431632981859115,1.0128779411315918,0.034708424708252784,0.34287381172180176,0.1297092576276194,0.03561806678771973,0.01762740039657073,29,0.0021544346900318843
0.0001454752340737183,0.01700786347110963,0.005055105023834229,50.045647621154785,0.005011448170052819,0.7131867408752441,0.0013982364855732899,1.0692596435546875,0.0751650010576354,0.38089609146118164,0.4540206296581076,0.03727388381958008,0.02760314972428209,0,0.004641588833612777
3.385215926137164e-05,0.012194637017929348,0.0036250703810634683,44.46355891227722,0.011224236879739027,0.4659397602081299,0.0015731690361985517,0.9500992298126221,0.14157497139419825,0.2936713695526123,0.32403796805420815,0.050374507904052734,0.03207969262777849,1,0.004641588833612777
7.659005360632538e-05,0.014894150112178976,0.002250709243783829,50.558640003204346,0.0014329404522931263,0.8513686656951904,0.0011588311030842273,1.2024352550506592,0.04770562127396301,0.45245909690856934,0.2620817928763818,0.03246021270751953,0.010147414927046,2,0.004641588833612777
0.0002097783343392834,0.010597574624231143,0.009650631450386377,50.461660623550415,0.010255264486117622,0.6158859729766846,0.0033630512045699813,0.9893648624420166,0.07280199574023741,0.3928394317626953,0.2675293178435017,0.037175655364990234,0.014860981660239045,3,0.004641588833612777
2.6492600941903827e-05,0.018857357493038643,0.008050220512082205,40.143959045410156,0.005775097907312484,0.7000768184661865,0.0021354911827088747,0.9704074859619141,0.10727600454615698,0.47493696212768555,0.49838785703383814,0.039980173110961914,0.011029825543570874,4,0.004641588833612777
3.6203703266372375e-05,0.009005861303081156,0.0060277994417934945,50.47497820854187,0.00211087396577628,0.9999558925628662,0.0015852639158693504,1.3506972789764404,0.022681704522332653,0.5556418895721436,0.2287995989453871,0.04047989845275879,0.023493052018998845,5,0.004641588833612777
4.6587055153871995e-05,0.010754475399897571,0.007745180444462216,51.28479552268982,0.002557292383269005,1.0109953880310059,0.000612355919158743,1.5753967761993408,0.06923330557040841,0.4194791316986084,0.30237324282153466,0.04005932807922363,0.018055654321165574,6,0.004641588833612777
3.8397765479136754e-05,0.012110810029826021,0.012557526360274237,35.47127294540405,0.005449388694549769,0.46076273918151855,0.0016233276218082866,0.9989545345306396,0.21431435566275564,0.42041873931884766,0.3774080264790924,0.04077601432800293,0.018323136156315808,7,0.004641588833612777
7.090368115055443e-05,0.006987316192435215,0.010410333869662898,49.9648015499115,0.012595556272788837,0.8065423965454102,0.0011727620557186048,1.120877742767334,0.09392886733583702,0.3575174808502197,0.3950290952052652,0.039101362228393555,0.09576114535026947,8,0.004641588833612777
2.0873787640522203e-05,0.013906486863797814,0.00365776823185268,44.45403265953064,0.0037848442939778515,0.5328068733215332,0.0011421032788095106,0.8764815330505371,0.2605976621993572,0.632887601852417,0.3597492705194362,0.06127452850341797,0.01209263309265812,9,0.004641588833612777
7.029424078902983e-05,0.008040930019389058,0.008471591729914369,50.46710205078125,0.000566327523241017,0.9409332275390625,0.0004413535684012186,1.2825376987457275,0.028012390189335223,0.2567911148071289,0.2502912105712643,0.06337141990661621,0.014135293106433364,10,0.004641588833612777
5.8358787577013804e-05,0.007633409830582671,0.0069585105845497795,50.781025648117065,0.002317599702912957,0.834674596786499,0.0012999872019327544,1.3933374881744385,0.011723936227519025,0.6250338554382324,0.04215558506830835,0.033992767333984375,0.01774689943418122,11,0.004641588833612777
0.049116292210565723,0.02195856628820536,0.03258900824353454,50.95853543281555,0.0060775333465327,0.815354585647583,0.0006489989070248781,1.1466386318206787,0.03682466222058915,0.2586090564727783,0.11195909165560465,0.03530001640319824,0.016190107461869774,12,0.004641588833612777
0.0004244741612503618,0.01200427902429988,0.006365175692720496,44.79371953010559,0.0013678349614500392,0.8053810596466064,0.0017962108859568876,1.1126883029937744,0.020277083386164883,0.3503706455230713,0.05020446212714837,0.05848050117492676,0.02620166849944444,13,0.004641588833612777
0.000104187480425888,0.003952139962902379,0.008133939151045889,45.33036947250366,0.011996162729594997,0.5820937156677246,0.0033187897823873614,0.8067872524261475,0.0823948790573232,0.33185839653015137,0.24168423372138176,0.048201560974121094,0.0772262655068623,14,0.004641588833612777
0.0003524183102092164,0.009831066791830049,0.0075838988037136516,50.489356994628906,0.001971948144871442,0.7289388179779053,0.0008349914553215099,0.9995169639587402,0.013263987075992531,0.44010019302368164,0.1263170493646349,0.03542351722717285,0.010988000680639912,15,0.004641588833612777
0.002035184996487449,0.005947938732814754,0.008320221276728695,44.72561860084534,0.0011063740733108821,0.8509001731872559,0.0010746897835461678,1.0960280895233154,0.0539228542383145,0.404726505279541,0.2967678297265499,0.04351997375488281,0.031109755662103427,16,0.004641588833612777
4.5692964781096636e-05,0.012823918334540914,0.006748870831229405,49.1345157623291,0.0012128069230695167,0.716902494430542,0.0011482911047996814,0.9601061344146729,0.033606581609337084,0.5995166301727295,0.21865973262213875,0.04986214637756348,0.021742200711214115,17,0.004641588833612777
4.8309106376668665e-05,0.012484712697200114,0.00899514093037132,50.14832592010498,0.0011354492548248866,0.6985893249511719,0.001191347166546941,0.9505560398101807,0.07947467117007168,0.5438048839569092,0.3264624536807322,0.03764510154724121,0.02340162792946266,18,0.004641588833612777
3.2187180185953386e-05,0.009076700303888133,0.009853817957331572,42.03658056259155,0.0037117383659513114,0.6269073486328125,0.0015441211881568697,0.8749279975891113,0.030037404400805868,0.2709312438964844,0.333547348752927,0.03774619102478027,0.01155320696740391,19,0.004641588833612777
0.0005306868803845418,0.010226043320428306,0.0038650628714545663,51.195093631744385,0.0019311836704479558,0.7358269691467285,0.000970234267014125,1.0601139068603516,0.15699859780581504,0.31660008430480957,0.43049891007784263,0.03002786636352539,0.010689805903242557,20,0.004641588833612777
0.00029098197525827534,0.011555072689420449,0.006012181688138973,50.55231809616089,0.002183143167107571,0.7211804389953613,0.0009037758878466696,1.3886744976043701,0.04175165558004297,0.5229823589324951,0.3776858098418296,0.0330052375793457,0.012056390303577724,21,0.004641588833612777
0.017210576676117154,0.008409131729028818,0.006728638179915815,50.12079977989197,0.0025018627982576888,0.9768929481506348,0.0007924465583548498,1.301825761795044,0.022192382391202175,0.43405699729919434,0.1992706909127755,0.03567695617675781,0.021871496209999463,22,0.004641588833612777
6.457627941146201e-05,0.005954442618910368,0.0035686360569068738,51.020684480667114,0.0014321448227083847,1.4666085243225098,0.001442951693495842,2.1850810050964355,0.011606974049928514,0.4626739025115967,0.2394616641940795,0.04801464080810547,0.015395145646105385,23,0.004641588833612777
2.9349297636382937e-05,0.013726002811091249,0.005941020218409671,44.68090081214905,0.0055416621759111885,0.754265308380127,0.0007698516996804238,1.0508615970611572,0.07619737945305013,0.3465850353240967,0.25600256247679615,0.03637433052062988,0.005873695059429178,24,0.004641588833612777
7.278086935676627e-05,0.0054304858384396585,0.012761359825003848,50.41571807861328,0.016861210965811953,0.663304328918457,0.0014118967112722203,1.07047700881958,0.10089157431860277,0.7386877536773682,0.15621791328722295,0.04026222229003906,0.04200726631247469,25,0.004641588833612777
0.007814202304974663,0.01415830593920709,0.009004948204950911,44.58900308609009,0.005530642640996815,1.0700297355651855,0.001174423694659425,1.505373239517212,0.06400297365110262,0.36335015296936035,0.14657256025781745,0.03646039962768555,0.02155095842006546,26,0.004641588833612777
7.457104694978956e-05,0.006819589931968828,0.006355448870271382,49.96134686470032,0.01047759219879115,0.857811689376831,0.0013280065037165909,1.1232471466064453,0.1646722423581761,0.41608190536499023,0.3822733798960557,0.056926727294921875,0.07912678698562878,27,0.004641588833612777
1.8876783851810388e-05,0.008648954246735603,0.007272150323017224,49.44196081161499,0.0015434344325747195,0.9058349132537842,0.0015354608865122854,1.272507905960083,0.03472904239975129,0.5440530776977539,0.03888669434056925,0.03586935997009277,0.020646624876837646,28,0.004641588833612777
2.0794149989759407e-05,0.008852330541320825,0.008738004951653642,40.72859287261963,0.002549475314429491,0.7228116989135742,0.0007518108898791972,1.0095465183258057,0.034992517365945504,0.35772228240966797,0.12943550913480614,0.04595541954040527,0.017821931517053653,29,0.004641588833612777
0.00022429071869171463,0.017369098352245902,0.004200082874603448,40.105154275894165,0.005078089110246142,0.5974664688110352,0.0014656312692620393,0.8370747566223145,0.07814360304265183,0.3833732604980469,0.4552426026242352,0.03514242172241211,0.028754958920413215,0,0.01
8.738211223396536e-05,0.012540323736395761,0.00995509417952439,46.05147051811218,0.010534390840823424,0.4516918659210205,0.0015909517767347613,0.7852017879486084,0.14019801660169268,0.30896949768066406,0.33159603562780315,0.04617047309875488,0.031155152908546875,1,0.01
0.00023198833171519758,0.013347836610985198,0.007860949576485567,44.89742302894592,0.0014130513927408086,0.6392209529876709,0.0011319403051659681,0.9037556648254395,0.04723120915438511,0.458071231842041,0.25689058595162095,0.032184600830078125,0.01044278704285644,2,0.01
7.688599236236697e-05,0.01103496842057116,0.008127094950643515,44.28557777404785,0.010252245558157522,0.5193493366241455,0.00340341681842821,0.8050863742828369,0.07467303588967698,0.392653226852417,0.2688332812830668,0.031644344329833984,0.015611016581928872,3,0.01
5.7657656364155464e-05,0.018674186897077078,0.009683686314013203,41.312344551086426,0.005417572681100954,0.5780627727508545,0.0019691202606939204,0.8426363468170166,0.10997622096654329,0.46550798416137695,0.5531822370441518,0.0346372127532959,0.011054880729812163,4,0.01
0.00011059917659786607,0.005685064922256533,0.004794108140674786,49.550596714019775,0.002123338126856907,0.8572890758514404,0.0016821194749770875,1.148625135421753,0.022375198196317007,0.5639662742614746,0.21362235169914928,0.03736400604248047,0.023370468620018747,5,0.01
0.00012357825010900214,0.011245944189844941,0.006433029780607805,44.77656650543213,0.002543692242654708,0.7854924201965332,0.0006415458083067908,1.1552305221557617,0.07011189801667138,0.41985011100769043,0.31293180943991683,0.04201960563659668,0.018098440317440338,6,0.01
9.775419255650953e-05,0.011835833947594961,0.010075662249102462,34.060710191726685,0.0051028631905777255,0.4737401008605957,0.0014300133103450313,0.879612922668457,0.21269441259623906,0.4726710319519043,0.35491419694029347,0.04209136962890625,0.01848129337022656,7,0.01
0.00016539954863435588,0.005413248665090956,0.006774970211944483,50.43853235244751,0.012541678190167035,0.6376707553863525,0.0014933804898418666,0.8702645301818848,0.09213433434127208,0.2998988628387451,0.3996326854650898,0.035127878189086914,0.0992898915462555,8,0.01
6.189468099095929e-05,0.014458331524636107,0.005201726592360043,51.19998240470886,0.0041022165397906745,0.5269014835357666,0.0011968574639314555,0.811140775680542,0.26126386759828424,0.6721196174621582,0.3673462239264657,0.0703897476196289,0.012074586714833,9,0.01
8.340495269911024e-05,0.008379429958560329,0.013842280250506345,44.69415616989136,0.0005985359180456174,0.6599941253662109,0.0004651134575383095,0.9428329467773438,0.02683937326649132,0.21885371208190918,0.24669632986940435,0.04731106758117676,0.01492909208285019,10,0.01
0.00017587429578813651,0.007389444770823743,0.0055634704283478555,50.45452117919922,0.0021092024332567405,0.7334747314453125,0.001339569125645686,1.1529767513275146,0.01147731863205499,0.6070845127105713,0.04145017087925751,0.044370174407958984,0.017991283425006947,11,0.01
0.07211628968172004,0.023836205200717348,0.036733075099790624,45.04100179672241,0.006231436568330176,0.6448996067047119,0.0008756037942838487,0.9302926063537598,0.03669599459632557,0.2672710418701172,0.11310682060448121,0.049574851989746094,0.016153641427487177,12,0.01
0.0002592592479040719,0.012801552846364838,0.006733558518315576,49.847670555114746,0.0014478822195302646,0.6935989856719971,0.0018799473842440553,0.9369184970855713,0.020826895570590195,0.35326552391052246,0.05161497827811723,0.03875470161437988,0.027917697826399322,13,0.01
0.0001993992935095538,0.004332612893312001,0.004516159117634917,35.35202932357788,0.011691161027420856,0.546741247177124,0.003212060922298909,0.7071189880371094,0.08403593231024334,0.3572990894317627,0.2533569308992466,0.04725170135498047,0.07754453412136311,14,0.01
0.0005158799004104208,0.010339106135575538,0.008199813803391515,50.20796990394592,0.0016747112877893693,0.6703159809112549,0.0007281347245674973,0.8662374019622803,0.013458951883721908,0.45400166511535645,0.12590015462771956,0.03386116027832031,0.01135180639992445,15,0.01
0.000465572011387024,0.005436055572663564,0.006593166335366465,50.251874923706055,0.0011090794575929542,0.7119383811950684,0.001109159462504398,0.946638822555542,0.05547519361945473,0.41422009468078613,0.2931777988773502,0.04181385040283203,0.032152314886655174,16,0.01
0.0001131912573213878,0.013061584160725174,0.012302254995039848,51.055466651916504,0.0009553435946644928,0.595466136932373,0.0011675553042429065,0.7851254940032959,0.03360981167917966,0.5573222637176514,0.21942913761844118,0.03858637809753418,0.022233358250625203,17,0.01
0.00011390762464561868,0.009266916922273497,0.011040580035026644,38.39352059364319,0.0011374730077799693,0.5817904472351074,0.0013263557670807114,0.7683680057525635,0.08377182443885768,0.5246493816375732,0.3273851050121894,0.034561872482299805,0.021239037144874753,18,0.01
6.14954466844712e-05,0.008955717385861709,0.012505205887078747,38.690046072006226,0.0035370806510032216,0.5850274562835693,0.0015315200646125015,0.7758820056915283,0.029188027014358776,0.2571103572845459,0.33697848227678906,0.03544807434082031,0.011906667745473443,19,0.01
7.330411472702785e-05,0.010621484670903906,0.006115230578721199,44.774819135665894,0.0018954032391175508,0.6049802303314209,0.0010260785984417338,0.8457465171813965,0.15366844078276343,0.29897642135620117,0.4309358237720584,0.030893325805664062,0.011404912460905529,20,0.01
0.0003534819088253149,0.01096922938411531,0.006432213885938102,50.395737648010254,0.0017952588193334302,0.6160154342651367,0.0008742015799045582,1.0860536098480225,0.03930363413347836,0.4183335304260254,0.3720550412022975,0.040520668029785156,0.01277253873546778,21,0.01
0.05101698712816742,0.009593110968125628,0.005307433690028977,50.46035695075989,0.002492820346341418,0.8435094356536865,0.0007185179945220352,1.1076061725616455,0.022663918713925885,0.455355167388916,0.19611101012759877,0.040369272232055664,0.021001773425567954,22,0.01
0.00016961225030152072,0.005667124774428345,0.003990550411681058,50.70848035812378,0.001335020700701654,0.9955213069915771,0.0013360656226378313,1.4175589084625244,0.010958635964883565,0.4383971691131592,0.3145921811706229,0.03640389442443848,0.015609471340382583,23,0.01
6.542969098900138e-05,0.013765770777429005,0.0039276025467638,51.526620388031006,0.005508020038805461,0.7174241542816162,0.0007329935094106955,0.9249460697174072,0.07994348909437961,0.3603653907775879,0.25985113077213395,0.04605221748352051,0.006541279033485945,24,0.01
0.00015215131621824826,0.005875501672180258,0.016935378179877728,44.80688261985779,0.015957885544604977,0.5395221710205078,0.001357197197302429,0.8319950103759766,0.09912209940584556,0.6743245124816895,0.16403437965408663,0.03291749954223633,0.03992045189268752,25,0.01
0.0005584355321044325,0.014367091431161001,0.0035065585286316314,50.185516595840454,0.005643968545036919,0.8682239055633545,0.0011745626663016112,1.1860339641571045,0.062462621304272936,0.3594081401824951,0.14310161620718886,0.05961918830871582,0.021804504825076076,26,0.01
0.00014386801377218965,0.007065739856881207,0.0070126656550745506,51.1004593372345,0.010398682369305213,0.7091443538665771,0.00134654293938307,0.9233837127685547,0.1660170943295176,0.40259599685668945,0.3544244534957698,0.039764404296875,0.07832739472815996,27,0.01
5.308352886502407e-05,0.007452094076006688,0.004037853631297354,35.53296947479248,0.001771522661286647,0.8020672798156738,0.0018819336954697102,1.0788469314575195,0.034335166030756224,0.5080389976501465,0.039603965540123916,0.04685807228088379,0.02175562170279642,28,0.01
6.813242787424565e-05,0.008502028095137396,0.00988429881562984,27.18788433074951,0.002642661445563821,0.6033163070678711,0.0007863005588118735,0.8178603649139404,0.0359953501397133,0.3498802185058594,0.12935450519493988,0.03999924659729004,0.018857031237206633,29,0.01
0.0013189204108972213,0.03704572337051607,0.029898577636244712,38.93403720855713,0.005184585649060939,0.362973690032959,0.0014323831184234563,0.4845314025878906,0.09365945068851696,0.41904234886169434,0.44501352577342795,0.04104113578796387,0.030585245164741464,0,0.021544346900318832
0.0007722890933976823,0.028867296770308956,0.03344147044215058,33.04934048652649,0.008849193108239633,0.3645286560058594,0.0017078295208135274,0.48673534393310547,0.13572267227684814,0.3219759464263916,0.29677628514069193,0.04722118377685547,0.02580776623946207,1,0.021544346900318832
0.00023899780090750334,0.009143032373956512,0.006861449645554757,45.47750902175903,0.0012587894409187652,0.4437282085418701,0.001033045311247401,0.5559594631195068,0.04642338600195859,0.4505290985107422,0.2680121294020562,0.030454158782958984,0.01104107168312362,2,0.021544346900318832
0.006133677775059717,0.059668208774685726,0.0951332848034342,48.75200128555298,0.009728453338048459,0.3963632583618164,0.0033971901902778213,0.5762102603912354,0.07870716047318274,0.490950345993042,0.26904042506460635,0.07290101051330566,0.017475841018498466,3,0.021544346900318832
0.0002740178628586406,0.03644062982887793,0.03118603650650786,30.722039699554443,0.004643352547564472,0.4268503189086914,0.0015630680376368463,0.542313814163208,0.12066738004115204,0.4540901184082031,0.4948342968977776,0.0374448299407959,0.011215613131870323,4,0.021544346900318832
0.00038709134622127994,0.006650527257437192,0.014112108029950884,50.34663510322571,0.00225396477150838,0.5264480113983154,0.0016640878902540364,0.6813654899597168,0.02201141689127629,0.5193769931793213,0.23730425326428098,0.034807682037353516,0.02236265554813629,5,0.021544346900318832
0.0003705898761462878,0.009980902020392613,0.010101756147104382,36.335222005844116,0.0024835119821927506,0.4759492874145508,0.0006524890119520732,0.6183187961578369,0.07283786667954485,0.39865756034851074,0.3514090755619507,0.036078453063964844,0.017582151224948224,6,0.021544346900318832
0.00025526469095380475,0.01870132191546441,0.012050517147033531,30.20003843307495,0.004972156328066956,0.426055908203125,0.0014552826334203405,0.5264787673950195,0.2188337111260374,0.5752301216125488,0.33922088400311223,0.08278870582580566,0.01856002986014831,7,0.021544346900318832
0.0005090350614320431,0.015179883230237341,0.019037156031787756,51.190061807632446,0.01213200359171786,0.3932619094848633,0.0015614197826639162,0.520240068435669,0.0901925128645107,0.41815185546875,0.4100842778896764,0.03161740303039551,0.10609055659332538,8,0.021544346900318832
0.00024738286716334085,0.013478983859498713,0.009979026528733892,43.31981134414673,0.004383336725822503,0.403789758682251,0.0012755066705696669,0.566356897354126,0.26872367159917226,0.6286747455596924,0.41866668867839385,0.054097890853881836,0.01241012409391003,9,0.021544346900318832
0.00027709733267586854,0.005169489682698221,0.008762504809683738,43.64871549606323,0.0007346159954240151,0.4172520637512207,0.0005775620319238284,0.5681018829345703,0.025149775801592295,0.23398089408874512,0.2510929814911913,0.042578697204589844,0.01712184303052108,10,0.021544346900318832
0.00038269753309716487,0.010850232826312655,0.011751506136239709,45.28331518173218,0.0026043636164891693,0.4375894069671631,0.001786366345740446,0.6412162780761719,0.01078089195261828,0.5931015014648438,0.04479088851847442,0.04540395736694336,0.017499332414303244,11,0.021544346900318832
0.07284986356684095,0.03682176816866261,0.058026642125147215,50.5990936756134,0.006511143357319608,0.45695972442626953,0.0008852218999355916,0.5949475765228271,0.036364025258283014,0.2980165481567383,0.12080996791137469,0.03486824035644531,0.014885633266610469,12,0.021544346900318832
0.000518804133780774,0.013821055027600605,0.006912536415349799,50.22643756866455,0.0012816435862730588,0.5345010757446289,0.0014378040159735389,0.7148287296295166,0.022745361220977416,0.31670475006103516,0.05874622083358576,0.03250885009765625,0.030721463904493134,13,0.021544346900318832
0.0004957608077351387,0.007338399350385938,0.008688187282364253,31.398699283599854,0.011821027612871678,0.4342319965362549,0.0030319072389148735,0.6023988723754883,0.09413890962747021,0.41971588134765625,0.2954858824864456,0.03747224807739258,0.07864842105284091,14,0.021544346900318832
0.00037709207041953797,0.010444735726071297,0.00916236405799258,50.768665075302124,0.00169196482978482,0.41315126419067383,0.0009148900007031873,0.5674853324890137,0.014718570479009974,0.4178769588470459,0.1289513400232247,0.038581132888793945,0.012350826595286798,15,0.021544346900318832
0.0026657840005088673,0.03630870214818653,0.03820202455520379,51.299177408218384,0.0010365976344009523,0.4647493362426758,0.0013894354153176783,0.5973546504974365,0.061901744621343055,0.36747241020202637,0.28515976635143403,0.036043405532836914,0.034282332055632234,16,0.021544346900318832
0.0002799162534575572,0.013807967156610316,0.014883872485191964,51.20097470283508,0.0008571759293301747,0.3932509422302246,0.000710209811758733,0.5050709247589111,0.03710644078248282,0.5549428462982178,0.22234412491015262,0.05551600456237793,0.02310742601109763,17,0.021544346900318832
0.00039105606659008976,0.008509503272714684,0.008485106823077088,30.76723313331604,0.0013394477516770029,0.3872396945953369,0.00104386201823643,0.5171961784362793,0.10085521148249485,0.550786018371582,0.35732260695351653,0.04732942581176758,0.019654901655351505,18,0.021544346900318832
0.00019293750967238992,0.011598571986098823,0.008763868137791815,30.110103607177734,0.0029886226236371643,0.39382123947143555,0.0016945657965883915,0.5337467193603516,0.027943765403711723,0.22202610969543457,0.34855824880159114,0.02748894691467285,0.012247043225771059,19,0.021544346900318832
0.00029625490817331013,0.013209413665305843,0.006801955823810931,45.659642457962036,0.0019444479180461328,0.42031168937683105,0.001030176332396741,0.5511324405670166,0.14578132691205611,0.2952535152435303,0.4006692085530757,0.02855539321899414,0.01293100656478587,20,0.021544346900318832
0.0015964627401367244,0.01146822027784582,0.012058340300388009,51.877811431884766,0.0014481677052693726,0.4220292568206787,0.0008448162105943421,0.589235782623291,0.037199162418555295,0.23322057723999023,0.36753158791317786,0.06024003028869629,0.01482066605115237,21,0.021544346900318832
0.025057526517046513,0.04563840550372997,0.04666847436332653,51.804192781448364,0.003829115889416545,0.5446114540100098,0.0007890607760251411,0.7010190486907959,0.024919463144561827,0.46364712715148926,0.19725994734069946,0.03380775451660156,0.01784620803025153,22,0.021544346900318832
0.0005528355717240381,0.004639732318549683,0.0040142204926696505,51.754674434661865,0.0016339798744005706,0.5305643081665039,0.0014767131177068073,0.6998636722564697,0.009447910325238514,0.41083812713623047,0.2885436457087248,0.03786969184875488,0.01484196333971625,23,0.021544346900318832
0.0002457050863481284,0.015522482827313737,0.006053151985691885,45.43219780921936,0.005880085446739398,0.41254401206970215,0.0007244941753906293,0.5481994152069092,0.08833521404332537,0.33341288566589355,0.26712009149934185,0.039361000061035156,0.007865754087980218,24,0.021544346900318832
0.0005325941026119347,0.006534969983099022,0.02050189303739891,44.37496089935303,0.01388046592593179,0.40471935272216797,0.0013011396934688702,0.5628983974456787,0.09515726036295453,0.6855425834655762,0.19010509678699486,0.03400421142578125,0.03630024398224712,25,0.021544346900318832
0.002628030053169383,0.009108445472044598,0.008230747568250795,50.684576988220215,0.006083227394808599,0.48106956481933594,0.001044899296057992,0.6573183536529541,0.0585144044400784,0.3425881862640381,0.23032151817100344,0.03408312797546387,0.021338746393687318,26,0.021544346900318832
0.00035966717510651505,0.005360104913466864,0.005169993852478202,45.159940242767334,0.011965259671552257,0.47979187965393066,0.0017655619163599555,0.6201717853546143,0.1716132708534251,0.42162442207336426,0.32640551280899666,0.0639505386352539,0.07783024659232837,27,0.021544346900318832
0.0001736292036994917,0.007899729139170149,0.0103346329192865,31.93999195098877,0.0020322986565443736,0.49944543838500977,0.0020322986565443736,0.6763629913330078,0.033783343274274256,0.45794129371643066,0.04284807879332198,0.03567004203796387,0.025040347331435585,28,0.021544346900318832
0.00020855572410388343,0.008713176039160537,0.008927379657183472,27.159229516983032,0.00275266736852761,0.422269344329834,0.0010200512543961187,0.5496945381164551,0.04049415344777448,0.34371399879455566,0.13322716978110952,0.04167318344116211,0.022485116775956725,29,0.021544346900318832
0.002183483819810387,0.11760010815617367,0.1283698275148321,47.56545567512512,0.006507069331361389,0.3355064392089844,0.0018126532408513064,0.3879671096801758,0.1370200393588561,0.44710803031921387,0.31457415864165206,0.037598609924316406,0.042257018477105106,0,0.046415888336127774
0.0015128030218212111,0.04628865714130036,0.05543786528182248,29.72258973121643,0.014096267340983886,0.26149797439575195,0.002201713161073693,0.364041805267334,0.12169742498557774,0.32694220542907715,0.35455422215501686,0.05758523941040039,0.0165556438745485,1,0.046415888336127774
0.002894957335006317,0.06959966740988015,0.07330236898248234,50.37014555931091,0.002621272633165117,0.259596586227417,0.0014750866805480101,0.3398315906524658,0.047945047917276,0.34040117263793945,0.2641560079671325,0.041889190673828125,0.01338351461340007,2,0.046415888336127774
0.0020091236493924225,0.014810561516815568,0.014732135040468662,50.90208292007446,0.009162158050135153,0.27941465377807617,0.0024653068637597343,0.35045695304870605,0.09100540786364855,0.7170209884643555,0.3271379697589459,0.027327537536621094,0.02173681429125476,3,0.046415888336127774
0.0007314065959321677,0.02554740331388222,0.0257299086645433,39.78260135650635,0.0033176185224378153,0.26134181022644043,0.001176522182572744,0.4392695426940918,0.16616400260573705,0.4412374496459961,0.6056045421663112,0.034391164779663086,0.010442469922180462,4,0.046415888336127774
0.0013023500931943635,0.01766973662784895,0.03919958107054839,29.19201159477234,0.0045977762063597865,0.2709236145019531,0.0018641302332363051,0.3411684036254883,0.020744946999297038,0.42852139472961426,0.2799509511547344,0.03615403175354004,0.017595969400368176,5,0.046415888336127774
0.001340806444233067,0.033809985187983956,0.056756357852701576,31.563138484954834,0.0032917799900504586,0.27025675773620605,0.0009446735604176895,0.3410954475402832,0.08022131422066273,0.38242006301879883,0.4125370792285435,0.028940916061401367,0.01647052786104748,6,0.046415888336127774
0.0006121881060963416,0.07954009332606947,0.10399066884456855,30.953951597213745,0.006851436728293425,0.32145166397094727,0.0012828766142065331,0.3708682060241699,0.22703440885274856,0.7859187126159668,0.36886764995632737,0.03892993927001953,0.019231904218671717,7,0.046415888336127774
0.001785896373243482,0.04602833557492148,0.07217590931296172,36.244752407073975,0.01262782268309361,0.2989480495452881,0.0018434106469623253,0.35257887840270996,0.08664246952165881,0.3829004764556885,0.40484263985683694,0.06604361534118652,0.1170452875311635,8,0.046415888336127774
0.0009055692842273217,0.011087337154220212,0.01431898005654801,30.788300275802612,0.004172554964410876,0.25934696197509766,0.0020411155881561176,0.3238184452056885,0.2907458292105224,0.5498077869415283,0.4065170161679717,0.03465533256530762,0.015985675347505723,9,0.046415888336127774
0.0009236081660580836,0.02358647793248506,0.029973701350984285,50.38081169128418,0.0016369265742308754,0.2888321876525879,0.0015573049440200661,0.3511769771575928,0.029344938733392084,0.26127099990844727,0.30248103839508694,0.03529930114746094,0.023330663704230988,10,0.046415888336127774
0.001960295890716609,0.11144513607333414,0.14011686312150234,52.419580698013306,0.0036903180513292075,0.2838900089263916,0.001944142497849325,0.34864282608032227,0.011222817374613251,0.5819411277770996,0.1842802901842855,0.03855752944946289,0.016862635639995408,11,0.046415888336127774
0.08049519288468046,0.052920154881878796,0.09389873026646395,52.31863760948181,0.008493552810730255,0.296555757522583,0.000906001675152209,0.3437314033508301,0.04160465821158365,0.2998521327972412,0.2005899256269919,0.0335536003112793,0.009797831326490682,12,0.046415888336127774
0.0018657832484454038,0.06211167903111496,0.08209136796470712,52.44969701766968,0.0017145598853185306,0.5086970329284668,0.0010331779552256912,0.6082077026367188,0.02760786640628595,0.2907907962799072,0.10907452996435996,0.03010249137878418,0.027588694076202173,13,0.046415888336127774
0.0010594636249431503,0.030138005166998234,0.04580504912213632,22.950026988983154,0.010522268111674988,0.34121227264404297,0.0028994509364313878,0.4336128234863281,0.14609518606095323,0.4856541156768799,0.2909667357200641,0.04078173637390137,0.11168189004848808,14,0.046415888336127774
0.003912725297210673,0.02046073522573364,0.030997778112949896,52.50508117675781,0.002752702930474723,0.34572482109069824,0.0016020308742700662,0.44671154022216797,0.021123628431838348,0.38092827796936035,0.17259685630956614,0.05012083053588867,0.01725194832260783,15,0.046415888336127774
0.0031672485548588517,0.061172939556679955,0.0775106239531682,45.06036067008972,0.0016132135926646863,0.31562066078186035,0.002336606742942841,0.4008817672729492,0.08393899201280006,0.33704233169555664,0.2875798646225123,0.03100872039794922,0.03708874375049441,16,0.046415888336127774
0.0006152512482213194,0.02308135070628161,0.034240880601732394,39.46993374824524,0.0005679497366827787,0.28443408012390137,0.0015701305469385455,0.39969372749328613,0.045094941929428416,0.40270400047302246,0.5910148647968413,0.044118642807006836,0.02882159370498232,17,0.046415888336127774
0.0015249853372920176,0.031233172367718876,0.035151984196678164,34.887192487716675,0.004285891868711126,0.31225109100341797,0.0021660934641719145,0.4014856815338135,0.11735122662789044,0.4633028507232666,0.3545523095447519,0.028839588165283203,0.022050810236414038,18,0.046415888336127774
0.0005730061940305861,0.02586476958366856,0.03456483466779044,31.758604764938354,0.0028601692378115978,0.3314845561981201,0.002485076376029357,0.34810614585876465,0.03259779241891721,0.1899433135986328,0.3382891026737682,0.03626227378845215,0.012258936665338172,19,0.046415888336127774
0.0006963573654795348,0.02819503386765403,0.030827172201060123,51.89726972579956,0.002365513328575471,0.30978822708129883,0.002301331866773378,0.34615087509155273,0.12398480726525014,0.21320056915283203,0.3768971251147649,0.030249357223510742,0.013975887295249961,20,0.046415888336127774
0.0023272007153005334,0.04925552287398126,0.06219373623950637,52.637805700302124,0.0008773848272685275,0.2731173038482666,0.0019186603958127953,0.33905577659606934,0.2743271453549201,0.9411571025848389,0.4231143915183139,0.03092360496520996,0.022579913929265127,21,0.046415888336127774
0.04187574198120651,0.08911408525060732,0.10746361692471845,52.01894950866699,0.0037799564983113246,0.30996036529541016,0.0011307747568769363,0.3599224090576172,0.035918274273700077,0.46056675910949707,0.20425760103014948,0.03457450866699219,0.014939176459843736,22,0.046415888336127774
0.04811498844447447,0.027630180533957174,0.03205659408825592,54.33448910713196,0.0032316220757774737,0.3248758316040039,0.0033343344794398632,0.3819847106933594,0.011492768483263987,0.21424412727355957,0.17283169732287001,0.04274749755859375,0.013287619531479384,23,0.046415888336127774
0.0011243613589986341,0.025723346410366155,0.033514394750290964,52.12148952484131,0.008704789505111488,0.2610969543457031,0.0010904593670668355,0.3221149444580078,0.10764799373517489,0.30905795097351074,0.2953966220908059,0.03325510025024414,0.010329172497770442,24,0.046415888336127774
0.0015567544731906874,0.031862327423228365,0.04832993347490317,35.06385350227356,0.013359469072085673,0.3116934299468994,0.0016389450307263242,0.43468475341796875,0.0954106370629753,0.5839822292327881,0.33747704165344705,0.024783849716186523,0.04257672368593035,25,0.046415888336127774
0.0036791690594195773,0.04133740551238389,0.04335214527635167,44.840275287628174,0.006809457141064268,0.28905320167541504,0.002162810489154787,0.38016462326049805,0.05526391372021673,0.3311464786529541,0.3657733881024556,0.03736615180969238,0.018958209378680913,26,0.046415888336127774
0.0023388021433008,0.04884777544410254,0.06410651996873229,40.56648516654968,0.01097123460048563,0.28011131286621094,0.0017436223089341452,0.43363142013549805,0.19882480618651271,0.3802354335784912,0.3969493537761307,0.038507938385009766,0.08342883870833526,27,0.046415888336127774
0.0006651094549358601,0.01437714280886165,0.020318251388940257,27.967546224594116,0.002956972167199131,0.291003942489624,0.0032270765505186374,0.3884305953979492,0.03688487634745809,0.3481292724609375,0.07021623654018162,0.03930068016052246,0.033350146157102724,28,0.046415888336127774
0.0006981360000242632,0.04349083387847864,0.05841013553621115,24.185521602630615,0.0030161125470987184,0.2972886562347412,0.001599821577628635,0.3318672180175781,0.061362543221275156,0.34546923637390137,0.24298848599186465,0.05142521858215332,0.028122993347592377,29,0.046415888336127774
0.4023096916549541,0.16756852326225635,0.20189780730428672,50.71516394615173,0.007490870750745682,0.4215660095214844,0.004528520545446583,0.483365535736084,0.19843735898929818,0.299358606338501,0.4417866955829143,0.02981877326965332,0.2846244447722215,0,0.1
0.009925896017401844,0.17790836336703802,0.21101744166882866,40.14964437484741,0.004833861245403444,0.2854769229888916,0.006894469437472244,0.29638171195983887,0.07160164723380873,0.17739462852478027,0.4745033041989203,0.023639678955078125,0.08026873073761631,1,0.1
0.0456713467735619,0.17763091571015288,0.20569742755630438,45.95420479774475,0.009652413143654132,0.26827526092529297,0.007828518872862688,0.2781493663787842,0.05609591021166127,0.1460433006286621,0.4802894137380789,0.08617162704467773,0.02204527667366317,2,0.1
0.004429724314939087,0.1449159477945434,0.15105184624413687,41.04094386100769,0.020167510698000275,0.242720365524292,0.0015490980701771276,0.3366997241973877,0.17624963987324838,0.17465543746948242,0.577685907079639,0.0395050048828125,0.1462554934564193,3,0.1
0.5486599767348168,0.1787433417342381,0.264818782012189,42.084912061691284,0.30795578492157893,0.39841771125793457,0.06391432335772937,0.6342654228210449,0.5320255277564724,0.21451020240783691,0.39167410934054453,0.027275562286376953,0.19555371823970105,4,0.1
0.25823515034633476,0.22468082924612215,0.19112309319262177,50.866734743118286,0.009938340184020334,0.32480382919311523,0.0073681519446161595,0.4065132141113281,0.019407293772139768,0.466519832611084,0.4150695429766965,0.027039527893066406,0.11048790741359873,5,0.1
0.006078995350258006,0.0807090016496697,0.13354762687488692,38.579766511917114,0.006647244954154127,0.2545294761657715,0.006051153192921517,0.3199138641357422,0.06695030637449627,0.31114935874938965,0.37925903551477996,0.039483070373535156,0.10203849895228281,6,0.1
0.05372506533715873,0.2792370975470412,0.2659142039561099,41.334179401397705,0.013071793787775779,0.5254166126251221,0.06756340017724517,0.4879605770111084,0.546041292445164,0.3800652027130127,0.5714471134408562,0.025915145874023438,0.25212920280674417,7,0.1
0.2955315958509793,0.16706144447760865,0.22084558279581692,43.10757756233215,0.26236711178510885,0.4254186153411865,0.06230210175968589,0.5071606636047363,0.17171578442598207,0.7513580322265625,0.5453095287275305,0.029426097869873047,0.15890668195605578,8,0.1
0.004042913817487425,0.12828823084688903,0.14705743350762765,40.6218843460083,0.008226889253649287,0.26184701919555664,0.005353380853077949,0.3627030849456787,0.2643735860594439,0.21273374557495117,0.36444002073842613,0.03722953796386719,0.14804083156915665,9,0.1
0.01286677564884621,0.11529450077120709,0.14285944902927178,45.02099847793579,0.017880440374501837,0.3485085964202881,0.004490661128971932,0.38982391357421875,0.1316618691965447,0.26571130752563477,0.36871344804835654,0.060866594314575195,0.28444236359020425,10,0.1
0.006101501659024018,0.20791729671257073,0.24469567997317046,48.05772638320923,0.006339652326933913,0.22798752784729004,0.004976975173105024,0.354961633682251,0.011202517382447602,0.3444356918334961,0.5328559547347486,0.030139923095703125,0.07732483752355881,11,0.1
0.12546496316283845,0.11099735281227137,0.13278146605301797,51.366833209991455,0.016672573202266384,0.289949893951416,0.007230672782380809,0.3313884735107422,0.09623666297584697,0.33799290657043457,0.4404979043335838,0.03151416778564453,0.18068444058986258,12,0.1
0.024201199581658096,0.16519352149848274,0.2094498722278287,51.280925035476685,0.007040889573347334,0.36503076553344727,0.004091560186427231,0.474776029586792,0.02416798913536124,0.224320650100708,0.36798009462847936,0.028099775314331055,0.06148347247639134,13,0.1
0.007765907585131529,0.13116505883279111,0.1906142852910212,29.005632400512695,0.026989647918826364,0.2602682113647461,0.014459235645860833,0.40725088119506836,0.25941059002791633,0.2892932891845703,0.27316996579676206,0.026056289672851562,0.2420029385296672,14,0.1
0.03923703290628165,0.16826782466009577,0.17636141145711592,45.921319007873535,0.009391699742796062,0.3038520812988281,0.004973152302070442,0.3667874336242676,0.03478740967558344,0.3472483158111572,0.40466910142245266,0.03015279769897461,0.08263354969241601,15,0.1
0.1587218063506613,0.21029459402457193,0.28423462957031587,52.36538481712341,0.016519533335384577,0.3232145309448242,0.004497265883641714,0.3337857723236084,0.08054727759770859,0.16678190231323242,0.51810514717109,0.03430485725402832,0.14873417941040942,16,0.1
0.0710234444576476,0.09898006144245605,0.11793243588244272,51.89810538291931,0.021803946145862264,0.38307929039001465,0.0036076066775139635,0.2890465259552002,0.03257201175021149,0.20946526527404785,0.5066589330581077,0.031165122985839844,0.10175561272171607,17,0.1
0.01150947852870583,0.10179620586406907,0.16189972548047613,41.131476640701294,0.012085501587624493,0.25366902351379395,0.008110947494084808,0.39057397842407227,0.07369572085237461,0.2592189311981201,0.5188006723042904,0.030167102813720703,0.09575283397912601,18,0.1
0.0019724464688083794,0.11724537906032952,0.12667602296000222,27.31301212310791,0.011235849034205558,0.2696051597595215,0.011258947238738645,0.31713294982910156,0.08550198162355552,0.15852141380310059,0.4438567120396967,0.045197486877441406,0.0899527011951303,19,0.1
0.015473031354310005,0.1601287571945589,0.1879844774295098,51.56005835533142,0.007937522836831934,0.3379552364349365,0.005792704680255182,0.40392541885375977,0.09847112940175726,0.38581347465515137,0.44796346986293445,0.039662837982177734,0.14698025881603172,20,0.1
0.119074276318657,0.15046930419286836,0.1673919223430561,52.69269561767578,0.004802740290185673,0.2867865562438965,0.005638197630703901,0.3691256046295166,0.08206240929405592,0.16178178787231445,0.44056735834199107,0.032444000244140625,0.24187039732563745,21,0.1
0.027437154859646547,0.1493941127380799,0.174635642601146,45.97934603691101,0.008083462572079658,0.2623622417449951,0.00686773184044515,0.40134119987487793,0.05871958482361063,0.16748332977294922,0.3555504682227175,0.028003215789794922,0.0881659291207584,22,0.1
0.011149934102444017,0.12014017885363583,0.2060949487219101,41.423508405685425,0.015657147871585595,0.25847625732421875,0.013761868886274864,0.3276801109313965,0.027294625049412952,0.26102662086486816,0.284644538435242,0.025820493698120117,0.06579209783679395,23,0.1
0.0025164591100575117,0.06503028681786818,0.10366907801129545,37.642465353012085,0.015810603498111697,0.22806715965270996,0.005716080874058527,0.2847115993499756,0.1520403924759795,0.2630500793457031,0.39213756592676213,0.037061452865600586,0.07339746398533305,24,0.1
0.018315566426028135,0.11306119837801827,0.16481373443449243,51.71872282028198,0.012132795668471776,0.27867841720581055,0.0038936978361337428,0.31835007667541504,0.30541081903205614,0.21920490264892578,0.4796918778382203,0.0417017936706543,0.22518512868350818,25,0.1
0.026627248200407422,0.14243159403556468,0.15599806289503484,50.11194157600403,0.01107777736751377,0.2404170036315918,0.002114012272056069,0.3622133731842041,0.0644050429066614,0.23685288429260254,0.5702508805672794,0.057027339935302734,0.04180663527273869,26,0.1
0.010949120564383937,0.09004320326626815,0.0988610677234622,38.280447006225586,0.015624221286108905,0.29341697692871094,0.007261575648402951,0.3334028720855713,0.28611801042024454,0.3610076904296875,0.43405344293720943,0.026201963424682617,0.24192168950093312,27,0.1
0.006111425901006729,0.09904010446647045,0.11697518711126348,29.409571886062622,0.005392456379727074,0.30350327491760254,0.0053551365041378885,0.33655548095703125,0.05224087880117613,0.25546956062316895,0.2600514851858074,0.02705073356628418,0.18853070319642523,28,0.1
0.007367514790089733,0.10679315655071635,0.14105008369236888,26.23616361618042,0.006973465818857419,0.2401108741760254,0.007974037536328069,0.29859471321105957,0.10796059555374002,0.3904876708984375,0.2698381162214488,0.036489248275756836,0.030926387893602487,29,0.1
0.5153114815556634,0.22633356613335182,0.23941205483318806,46.08173584938049,0.46247174564947163,0.2571570873260498,0.490811086823326,0.321852445602417,0.4384525059855748,0.1704857349395752,0.3972456503261435,0.03941679000854492,0.38117306907374987,0,0.21544346900318823
0.4622661426364229,0.26331731935593766,0.25906504076958364,35.076783418655396,0.26417844436855786,0.31308913230895996,0.4158080920690669,0.46544957160949707,0.325659842926212,0.25307559967041016,0.45314538252713604,0.027673006057739258,0.24380698009874954,1,0.21544346900318823
0.13126654727624038,0.2651460157283719,0.30152836079358025,22.458902835845947,0.054420115046873566,0.25756049156188965,0.03094288102128514,0.3602156639099121,0.2530740738202962,0.25315332412719727,0.3901902725635914,0.03092813491821289,0.1451131614330573,2,0.21544346900318823
0.5562448190241068,0.2510632854840945,0.26647247707898264,50.56506538391113,0.462769013690418,0.2772178649902344,0.5206994194123775,0.3041961193084717,0.4017054888140569,0.2061009407043457,0.7352311535300131,0.03651618957519531,0.6652828732252825,3,0.21544346900318823
0.5153873686478442,0.30357466266786515,0.2968381861369159,44.35443949699402,0.19088013096955914,0.336498498916626,0.09242332833685171,0.46204710006713867,0.6601138410778272,0.2781698703765869,0.38152087735697926,0.05108284950256348,0.3224609578533664,4,0.21544346900318823
0.35317385136164436,0.201915083320631,0.19912049974683355,50.95558786392212,0.31680272999063575,0.29497718811035156,0.23878728597043528,0.3814656734466553,0.8782571193807769,0.22412562370300293,0.32232242560549207,0.030619382858276367,0.3419214921155716,5,0.21544346900318823
0.2583589617572023,0.20348170829247564,0.2666537949817965,36.234917879104614,0.38826295238746134,0.45988035202026367,0.2609936610753361,0.36577725410461426,0.5342793874009334,0.19806289672851562,0.41308343962632116,0.04947400093078613,0.4048016395073891,6,0.21544346900318823
0.3872870864826974,0.2563025637916864,0.21560641645745726,49.04871964454651,0.6074770047302919,0.33984899520874023,0.5046069349292706,0.39954686164855957,0.37706040483512543,0.26739001274108887,0.635412079936487,0.03141498565673828,0.430861591758371,7,0.21544346900318823
0.5119792564520078,0.2338079967395889,0.29941877718584853,44.696778774261475,0.507842482236611,0.3283534049987793,0.5436678010384917,0.39202427864074707,0.6528628120292511,0.18691301345825195,0.5530580951043097,0.022361040115356445,0.24855438926710552,8,0.21544346900318823
0.09656940591819319,0.1809525502591734,0.263620246073171,46.1717746257782,0.6935174220546704,0.30460214614868164,0.33327541028544355,0.3568894863128662,0.3398319028463288,0.2516813278198242,0.5266746941581357,0.03131294250488281,0.5219964069556738,9,0.21544346900318823
0.3478507895076605,0.24372753636166708,0.31050002902852086,40.01466107368469,0.3421739857583819,0.36310839653015137,0.5058186032489229,0.35294008255004883,0.7000731795460381,0.2990269660949707,0.510550193055854,0.027875661849975586,0.4341568475466261,10,0.21544346900318823
0.25690249006063604,0.29439493944815853,0.20873744389886542,44.57727527618408,0.13998814789159392,0.2825150489807129,0.17034655589367523,0.32694220542907715,0.27688831953610255,0.16381001472473145,0.39235148916025786,0.03120732307434082,0.21932845515532948,11,0.21544346900318823
0.4609591002332186,0.19039760088111665,0.23762875252713156,52.0135772228241,0.33567174256323806,0.28284573554992676,0.10386321661759565,0.38349485397338867,0.2615874783994606,0.2075026035308838,0.5279552677624947,0.04660654067993164,0.3407646075132349,12,0.21544346900318823
0.23168721074825888,0.22492928787666686,0.2866333758825902,51.5705132484436,0.3554864767677094,0.35039496421813965,0.665174969399884,0.41068577766418457,0.8246498681229395,0.20976614952087402,0.29211242887060035,0.022940874099731445,0.4107400199115805,13,0.21544346900318823
0.4309998036230205,0.18435842880666514,0.1742457129582308,33.059651613235474,0.2643222286667944,0.2772507667541504,0.2789747135549286,0.3888239860534668,0.38966614468831795,0.21692466735839844,0.3896390383771548,0.02610301971435547,0.3388151812718071,14,0.21544346900318823
0.24892727769256892,0.1614030802790058,0.3068281884365694,50.610713720321655,0.16607989073340765,0.363863468170166,0.10654481581475483,0.3327043056488037,0.3352717951314014,0.2888917922973633,0.47301333262330936,0.04077577590942383,0.2925394634787912,15,0.21544346900318823
0.6219567339638599,0.22541959050475519,0.29083325565911183,52.32035303115845,0.4753483847497429,0.4853837490081787,0.5103630665998949,0.5772254467010498,0.6049501819863206,0.19878625869750977,0.7138202043319696,0.02246379852294922,0.3029660800645685,16,0.21544346900318823
0.046781270866301856,0.14104662181362262,0.1660374924894396,43.79839372634888,0.07207111580599937,0.26893162727355957,0.13071751583197672,0.35704779624938965,0.11117229910125767,0.1915726661682129,0.4008774664279378,0.026962757110595703,0.22451582864747227,17,0.21544346900318823
0.21612740285278384,0.19595379695789122,0.31160885063140675,38.99843740463257,0.4748676677336087,0.6278290748596191,0.20409625977727974,0.47316455841064453,0.14195725330845246,0.3596677780151367,0.5292505711513158,0.03662586212158203,0.22130445869160487,18,0.21544346900318823
0.35879414707455565,0.2932650431572539,0.23415588181882824,29.470773935317993,0.4832836290527358,0.31421899795532227,0.2965688923582056,0.6343080997467041,0.43227485871516097,0.21252894401550293,0.556541051819124,0.03213381767272949,0.25114675365394384,19,0.21544346900318823
0.0769924770734017,0.11156811971099101,0.15560094341880476,51.20599365234375,0.020022929506406384,0.3956637382507324,0.2668409668024581,0.3528866767883301,0.5932718907752396,0.25931835174560547,0.43335206958342204,0.03852534294128418,0.24830865646323477,20,0.21544346900318823
0.6996123338085967,0.1468430610180554,0.2715585477260184,54.092381954193115,0.35586170431275466,0.32956504821777344,0.2995584484789439,0.3392972946166992,0.2683437969166076,0.19455838203430176,0.4052669209989103,0.031967878341674805,0.4419913791209963,21,0.21544346900318823
0.1162003976128985,0.17007402880194153,0.20568946012472503,53.480698585510254,0.04354707178037573,0.3537287712097168,0.029186695016315923,0.4519057273864746,0.3070142394525357,0.2507624626159668,0.25919603991727425,0.0339655876159668,0.2347417183022244,22,0.21544346900318823
0.24046736048111,0.19807118872479176,0.1837262207478099,39.748270750045776,0.11939684074320796,0.27976274490356445,0.0324100477970546,0.3603785037994385,0.21535060635488099,0.17173981666564941,0.2841255838881998,0.026902437210083008,0.37030294401519886,23,0.21544346900318823
0.27669987645519234,0.1930065099423745,0.13405471849847342,53.06181025505066,0.053693435996091644,0.43108081817626953,0.06029582991159482,0.473524808883667,0.39778317408114694,0.23739218711853027,0.4161648957245193,0.025453567504882812,0.3631941988789411,24,0.21544346900318823
0.4869864974624785,0.2694239043511789,0.3365607800540677,47.21749567985535,0.5777858130657154,0.2905287742614746,0.4380068974114704,0.4873943328857422,0.6675956559167299,0.5508289337158203,0.47764004222730916,0.024329185485839844,0.43243546116316167,25,0.21544346900318823
0.1893640948840855,0.1925313091003291,0.17968277209904712,50.94913291931152,0.09060695637156792,0.30809569358825684,0.023348270551565593,0.3613612651824951,0.1627954591221269,0.21050333976745605,0.5306169153254272,0.022111892700195312,0.1851330097317935,26,0.21544346900318823
0.2382319051136416,0.20484664158869956,0.2327637002339787,37.33346152305603,0.2971073654717925,0.38474535942077637,0.24701305247348032,0.5390081405639648,0.7418822746271496,0.28976917266845703,0.3009252649113563,0.05288219451904297,0.29918360902370444,27,0.21544346900318823
0.04356954809845661,0.15262702133638759,0.17930334470893888,30.265027046203613,0.024070431228560608,0.30537962913513184,0.0292087911631016,0.40967583656311035,0.3038728554573991,0.17146921157836914,0.43456582478094863,0.024834871292114258,0.3859928512953957,28,0.21544346900318823
0.24055908010238972,0.2432895280977774,0.20429464447552315,25.349111557006836,0.5804445159088819,0.3331634998321533,0.32285894831738027,0.3622291088104248,0.6736767141258739,0.1852097511291504,0.4723056208035083,0.04164719581604004,0.20960663495683537,29,0.21544346900318823
0.4054183003011123,0.31353767934965,0.24564584565001182,42.14264941215515,0.5219565364395657,0.28890466690063477,0.2899358733208691,0.3302927017211914,0.4771158283319138,0.3129854202270508,0.4297427566468395,0.06632280349731445,0.3981821024104112,0,0.46415888336127775
0.5389567365556593,0.3821270695494785,0.2366090715346067,29.365528106689453,0.3565189512653421,0.26499104499816895,0.36481451191976627,0.2938101291656494,0.6483768400918308,0.4740867614746094,0.3803695797173146,0.026200056076049805,0.23800997534673013,1,0.46415888336127775
0.5963253040871923,0.31265898462408986,0.3293464416143044,48.44946360588074,0.5377001250913638,0.33452367782592773,0.24385974239251804,0.32952332496643066,0.6024480480293818,0.22910833358764648,0.3830994203692192,0.02403855323791504,0.16428733068756243,2,0.46415888336127775
0.8134684448540781,0.3625252179599871,0.3549126260422961,50.27886700630188,0.45443216757549376,0.2615981101989746,0.4763506372726556,0.3651893138885498,0.4653078993501284,0.3168518543243408,0.5690151322585792,0.02575230598449707,0.5064598448126192,3,0.46415888336127775
0.8349525971580702,0.2851163728900434,0.17956431740501053,29.81541872024536,0.3036823800378661,0.3086583614349365,0.5252366120512779,0.352067232131958,0.4716594611403158,0.7500050067901611,0.3779818694736523,0.07342839241027832,0.23185220195331163,4,0.46415888336127775
0.678930560116302,0.24163976137082238,0.1910603357505429,39.503395557403564,0.5668869621165804,0.2925233840942383,0.5291531002984113,0.3712344169616699,0.4206509096163072,0.2917947769165039,0.4084051549106612,0.04040789604187012,0.37402920623998137,5,0.46415888336127775
0.40687182579885856,0.23536097511735657,0.2446444888539084,29.268942832946777,0.6514254136515617,0.29022717475891113,0.625899199127444,0.33924269676208496,0.521466693512384,0.2642850875854492,0.36348724276242306,0.03584456443786621,0.6408315394747095,6,0.46415888336127775
0.6678283808433316,0.2450887315209749,0.14506427097438196,28.879414319992065,0.5828219557741248,0.31321287155151367,0.4469514757966421,0.3243739604949951,0.43309097653168394,0.3752596378326416,0.5174621035564984,0.02625131607055664,0.43239516118068444,7,0.46415888336127775
0.6141620773215314,0.25679269413154227,0.2789316252792267,35.314043283462524,0.48330535295180477,0.37952089309692383,0.5589264621971156,0.3650636672973633,0.5106886223253893,0.22011685371398926,0.5658322818473697,0.022486448287963867,0.1579454305829461,8,0.46415888336127775
0.630467682370434,0.233249068302568,0.2727961977425196,48.86597943305969,0.535291081177542,0.33159756660461426,0.4802120072155736,0.30358362197875977,0.5139194334890108,0.4896872043609619,0.5468149345670938,0.06745791435241699,0.4145738353641383,9,0.46415888336127775
0.48065235630219866,0.15016184853496745,0.21219410824830864,41.115630865097046,0.6432734039485448,0.3345828056335449,0.6505643109758891,0.3629770278930664,0.5483209282937848,0.3759949207305908,0.4477814245114196,0.0533747673034668,0.42949757973539865,10,0.46415888336127775
0.5052990318397035,0.28417572156610243,0.33223905681135996,41.74279022216797,0.4452458663318386,0.2976553440093994,0.21855017129140614,0.3813796043395996,0.4643417233244504,0.3295910358428955,0.4219484808525512,0.04162335395812988,0.438793621050915,11,0.46415888336127775
0.49666294887498175,0.3130188751941779,0.26390375492583673,50.001301288604736,0.39189168805932323,0.2658662796020508,0.438895077449674,0.368422269821167,0.5896958644213902,0.48519015312194824,0.5979624571185583,0.02711796760559082,0.35918607989058254,12,0.46415888336127775
0.46220331521917146,0.31306374841830775,0.3172751639258735,47.05919313430786,0.48611859245433287,0.3396139144897461,0.5537883003247479,0.40387511253356934,0.4190197863514083,0.36182618141174316,0.301768355580886,0.02544260025024414,0.43573156947966546,13,0.46415888336127775
0.5699880233021448,0.3619478990334581,0.2288733967042254,30.577306032180786,0.5099145261443778,0.4313077926635742,0.4239001461332026,0.474365234375,0.6416390033168463,0.2925240993499756,0.3026272022557956,0.02710556983947754,0.4301963427234662,14,0.46415888336127775
0.5074743732129724,0.2503771839622902,0.2817329176692522,44.29342818260193,0.44911809039721595,0.34763312339782715,0.24957219599114286,0.339219331741333,0.5699701845548821,0.3141448497772217,0.4830564774568692,0.024848461151123047,0.26324135891509237,15,0.46415888336127775
0.3715239841888355,0.30088403958826593,0.33181634770724244,47.764029026031494,0.1799926731124323,0.25890374183654785,0.26426526340675827,0.3258657455444336,0.42275676317082533,0.30149149894714355,0.4605955696590974,0.03958916664123535,0.27646351049560824,16,0.46415888336127775
0.48207468650402446,0.2889620117020553,0.18398859745526064,36.35467314720154,0.5231638257459867,0.3273353576660156,0.4194340449446404,0.4601705074310303,0.4743990563720832,0.3110082149505615,0.40066836329755784,0.04345989227294922,0.2566977219243666,17,0.46415888336127775
0.707609573292912,0.24420063500591313,0.23747186465816622,27.011703729629517,0.5424086636873167,0.416933536529541,0.2744067931967451,0.42064809799194336,0.3507546915547054,0.5895636081695557,0.5044916899797849,0.03525495529174805,0.186321845611325,18,0.46415888336127775
0.4991867499428997,0.41546455932318443,0.23956718573193622,30.65524172782898,0.3923991439143985,0.33327221870422363,0.41020425465743493,0.38681912422180176,0.5131060639773988,0.6089940071105957,0.5685281967999141,0.024909019470214844,0.19169741618571504,19,0.46415888336127775
0.6657690045045295,0.26052385626890645,0.2450862187614008,45.35807180404663,0.28797522280186594,0.2777864933013916,0.3691233402940951,0.42545223236083984,0.5513173465261809,0.3544633388519287,0.4779977062265737,0.03206372261047363,0.2384456339395283,20,0.46415888336127775
0.33772473910162426,0.2814784585998155,0.3485380679227666,40.71739602088928,0.4842864791073335,0.3466322422027588,0.3328878247208,0.3702507019042969,0.3406030507076966,0.25131773948669434,0.40923400564496515,0.05745840072631836,0.24554027558988886,21,0.46415888336127775
0.45786915035984155,0.18144759674772423,0.24393378477266064,50.74864959716797,0.5292552814483884,0.322826623916626,0.21075714239892482,0.338390588760376,0.6038890814604752,0.4160270690917969,0.33174374307141097,0.06207776069641113,0.2882490710247807,22,0.46415888336127775
0.6391539840088643,0.22228169039858345,0.3495278276314641,42.50588607788086,0.45606029756325117,0.38144683837890625,0.2302700245375648,0.3470015525817871,0.5355682022914763,0.3296024799346924,0.31117205723783353,0.037508487701416016,0.3657593979244508,23,0.46415888336127775
0.6827532516412298,0.32755290978600715,0.31040297007776646,47.33561038970947,0.46074714623964363,0.3284153938293457,0.3551665438159436,0.34360456466674805,0.38291894105536256,0.5241298675537109,0.4637818100270927,0.026625871658325195,0.39719818109013105,24,0.46415888336127775
0.5567169711781995,0.27395473048053337,0.2994855345915991,46.60378384590149,0.5428006677196571,0.4374692440032959,0.27808509016028166,0.36631035804748535,0.4902785981350258,0.36321043968200684,0.5082429823449006,0.03282666206359863,0.3420195232715529,25,0.46415888336127775
0.6722310846951658,0.3043891134422677,0.24029017358645896,31.205284595489502,0.4748057832739773,0.28621649742126465,0.4264430634858116,0.28951168060302734,0.5738537472354229,0.4946587085723877,0.4558286351648708,0.019577980041503906,0.2598738017970662,26,0.46415888336127775
0.7253712427476737,0.27755686079818603,0.25098568285604167,29.442322969436646,0.6175561191560432,0.3143596649169922,0.49900330890583555,0.3663196563720703,0.5172569920819455,0.29629015922546387,0.3955208365102815,0.03786420822143555,0.34438072598809083,27,0.46415888336127775
0.2353387046203527,0.19238406319379023,0.17478462885665327,27.035460710525513,0.4355375803352242,0.28136110305786133,0.41730349865064903,0.3620474338531494,0.41841079032925066,0.22254490852355957,0.3563648785877072,0.035816192626953125,0.2868146150024625,28,0.46415888336127775
0.3750746086926493,0.2933118673678962,0.22889036227775808,30.221149921417236,0.5841992846427444,0.3867621421813965,0.0914631423579876,0.367023229598999,0.500811841310862,0.3486776351928711,0.43803427971538456,0.03504037857055664,0.2091806806962516,29,0.46415888336127775
0.691627508051039,0.27236123131521095,0.31209146866023374,38.213749170303345,0.22971585895574237,0.27754712104797363,0.3464133370419308,0.3499722480773926,0.5627826645899574,0.3312361240386963,0.497709125703118,0.0311892032623291,0.24192932066732448,0,1.0
0.48521212961580645,0.31069185759830803,0.21441120039153874,40.22475719451904,0.3979104745306466,0.29674673080444336,0.4316244872718268,0.33740687370300293,0.5474082469848445,0.5128200054168701,0.3690720890747759,0.023910999298095703,0.22937744614952438,1,1.0
0.7452020011561344,0.2331653562147791,0.30534026901609224,28.754274606704712,0.44176376724912475,0.36023426055908203,0.27611374811122236,0.31124377250671387,0.5531782445398484,0.36966896057128906,0.36604362394169054,0.03670001029968262,0.1469313215443297,2,1.0
0.6558260567166415,0.31826226203814784,0.3087987182712053,46.895814180374146,0.2372457193654985,0.35976243019104004,0.5069153597556401,0.5883772373199463,0.535263851451138,0.20432138442993164,0.6820636059178684,0.037276268005371094,0.473461797729504,3,1.0
0.7339754090511887,0.2907562285959864,0.32068644386876133,24.272648811340332,0.3942150093643728,0.3646976947784424,0.37974609987023533,0.3862018585205078,0.4674795020341979,0.30615234375,0.465252754814225,0.03258156776428223,0.21531015573151394,4,1.0
0.44119788027772067,0.22534263513079716,0.24487197535400818,29.219985008239746,0.40908785514707346,0.2639131546020508,0.6014424422926857,0.36119604110717773,0.501136432764459,0.2622852325439453,0.43478163321533564,0.04348444938659668,0.36227833303529433,5,1.0
0.6996059203416786,0.2447150911238027,0.25021201129325804,26.27347159385681,0.38337432698268925,0.25880908966064453,0.5480942576798935,0.36727046966552734,0.42206400734122684,0.2812385559082031,0.3185626907700204,0.034813642501831055,0.5931996486652462,6,1.0
0.5757318729726867,0.2547126510341155,0.216607223275218,26.864787817001343,0.5895421479837668,0.30275774002075195,0.3474512227590011,0.5303161144256592,0.4941903375836193,0.3620479106903076,0.5954840572728847,0.025707483291625977,0.39384935310053165,7,1.0
0.7218040042150788,0.32925869269108005,0.26780902293071507,40.58250427246094,0.38917886291185566,0.33058691024780273,0.23195801891156448,0.3435094356536865,0.4626830993109527,0.41676926612854004,0.5205333367071697,0.04778146743774414,0.15927383934292882,8,1.0
0.4821356046148576,0.30463552585286835,0.24019486768165715,33.52889609336853,0.3892266471651853,0.2839794158935547,0.4280781358497709,0.4119689464569092,0.5441257973660198,0.49254345893859863,0.5434810970112088,0.054656982421875,0.37833612367687414,9,1.0
0.5650489017895188,0.2430842069597612,0.17062265956010805,54.0842649936676,0.4386048282871215,0.30155444145202637,0.37481197919795506,0.33867621421813965,0.5722376059282305,0.4313201904296875,0.4930034015242414,0.022669315338134766,0.374392181872496,10,1.0
0.41165941505929016,0.2901748689577366,0.28257590601244453,37.38422751426697,0.5419303997525875,0.27762508392333984,0.4482223692730569,0.34349894523620605,0.44066308829601325,0.28514957427978516,0.3863246856696939,0.043917179107666016,0.42836919372328613,11,1.0
0.3587311167648411,0.2623301519028385,0.33290320930629647,40.37543725967407,0.299326125376845,0.2702939510345459,0.3578226538701116,0.3006455898284912,0.39596352585855804,0.39002394676208496,0.6225456626372404,0.02320575714111328,0.2901191218958791,12,1.0
0.5277691437284707,0.2219631960078789,0.26343081961985976,27.113112449645996,0.46643697913464033,0.2865326404571533,0.7174766811001471,0.40341758728027344,0.3278121563269604,0.4271056652069092,0.3556668522226133,0.026055335998535156,0.4389111187343124,13,1.0
0.7777739254771506,0.30438959381737035,0.26798324097686804,21.338460683822632,0.5669777368122852,0.41340184211730957,0.35088221492268074,0.4815034866333008,0.3619126461637899,0.4005622863769531,0.2956032826459104,0.031325340270996094,0.42588042365500883,14,1.0
0.5317236629594738,0.31636904142563477,0.18042880758398297,51.92473602294922,0.2568088859727225,0.29854512214660645,0.5738445158040728,0.3038139343261719,0.6466830772360352,0.6078493595123291,0.5276034060270199,0.02792072296142578,0.2585883528855462,15,1.0
0.7464882727889623,0.18989553605078374,0.29817634935971354,39.936461448669434,0.47052098250864216,0.29488086700439453,0.3656608977024084,0.40794968605041504,0.6779007226324011,0.2870612144470215,0.44078414956802775,0.036470890045166016,0.2565746293622059,16,1.0
0.5689005831183614,0.26357060385476916,0.23580999709997058,38.849167585372925,0.23134804918477964,0.31415724754333496,0.40017054848891914,0.29198527336120605,0.576622954085676,0.4353303909301758,0.5276950680927304,0.03866100311279297,0.2237928183788375,17,1.0
0.5464171004795041,0.28476229917674645,0.2857187964278644,23.795860290527344,0.49940433526426214,0.324948787689209,0.2611717791204806,0.3784492015838623,0.6138298367687545,0.32271552085876465,0.5118181209369972,0.041425466537475586,0.1727397630123612,18,1.0
0.449795454935071,0.41429815934063235,0.2447678014676908,19.73403811454773,0.29949427648269533,0.268129825592041,0.2897219840440194,0.3449819087982178,0.5416049582663678,0.5223889350891113,0.4483588173232215,0.026290416717529297,0.19091951161869058,19,1.0
0.4438739051782633,0.2423773919199608,0.34039896499077255,28.973227500915527,0.24634049116278245,0.35063624382019043,0.27939195932734745,0.3396477699279785,0.6671721150686981,0.3108377456665039,0.3999932789394002,0.029552698135375977,0.2734732661446818,20,1.0
0.5534732500211393,0.3158416547596417,0.2505123184319112,46.84395456314087,0.509461541996996,0.3286559581756592,0.35899667705523497,0.3288536071777344,0.651909434990507,0.266711950302124,0.31796350743858626,0.029822349548339844,0.30129335354597975,21,1.0
0.5789380754484555,0.23566032797384906,0.2790562542790665,30.8058443069458,0.3692582773672207,0.32555556297302246,0.4692824679653148,0.3408677577972412,0.6877381684318837,0.3251664638519287,0.5127232899489325,0.039469003677368164,0.29354430037970936,22,1.0
0.3680126309120933,0.27116521687283585,0.3654102014458895,33.54275178909302,0.29836441660605784,0.2644839286804199,0.3332816624676965,0.3306727409362793,0.2621868831236044,0.3907036781311035,0.2893207033824673,0.024602174758911133,0.30063329085037144,23,1.0
0.2923906759164828,0.23950866220475447,0.33991909383844643,35.466734170913696,0.34411593906291305,0.4189789295196533,0.6476924751434094,0.4479660987854004,0.5333851693141812,0.3786201477050781,0.5247120176485345,0.02563023567199707,0.40847668980557633,24,1.0
0.537712004421554,0.3211013862911004,0.356789163951383,23.694122552871704,0.3378337462168618,0.29404711723327637,0.48273758695651336,0.3834357261657715,0.4922815821720496,0.31840991973876953,0.6023507738032385,0.028158903121948242,0.3489014891694836,25,1.0
0.6648128363824449,0.26856501524440074,0.24898466772131111,25.450024604797363,0.448676957486967,0.30321216583251953,0.2741048391089228,0.28501009941101074,0.64728430755142,0.4661383628845215,0.4282805750852542,0.0339207649230957,0.2656055296165122,26,1.0
0.5631580073603218,0.27478522532704575,0.25267907578371873,33.9066116809845,0.3871684894331987,0.2728402614593506,0.4393617168389528,0.31038665771484375,0.49430378570010863,0.34191179275512695,0.49433708226915984,0.030290603637695312,0.36851309196387144,27,1.0
0.3638264751518734,0.27021487210203254,0.2527796892541847,28.40891194343567,0.4091728185605139,0.3034062385559082,0.26646743752382507,0.44980502128601074,0.3745112326323553,0.2609221935272217,0.34884637782791994,0.022608041763305664,0.19221703088411085,28,1.0
0.5892388242453542,0.234445694930335,0.23842520420928032,21.199311017990112,0.29956572153505157,0.23293662071228027,0.2880592804096157,0.35094594955444336,0.28240074576518875,0.41094040870666504,0.3325181756757492,0.025175809860229492,0.1989035940399353,29,1.0
