Amari LBFGSB,Dilations error LBFGSB,Shifts error LBFGSB,Time LBFGSB,Amari MVICAD,Time MVICAD,Amari MVICAD ext,Time MVICAD ext,Amari MVICA,Time MVICA,Amari GroupICA,Time GroupICA,Amari permica,random_state,n_concat
0.001374613961777582,0.05963382846276322,0.07588795716222628,22.274065017700195,0.00178980187860586,0.4781179428100586,0.00185159694803545,0.5197210311889648,0.5853143256717505,0.36374473571777344,0.252971226222987,0.0252835750579834,0.10767057822432706,0,1
0.0018332106083914558,0.08299125773298055,0.09154990655680341,26.016122102737427,0.004734428912145853,0.3197319507598877,0.0036476539208816585,0.5199284553527832,0.04397597695135107,0.19047117233276367,0.07097430646587378,0.030483007431030273,0.026999164341653198,1,1
0.00348487424833744,0.05629520417471653,0.08067340676876071,21.279066801071167,0.01383824504442992,0.4374384880065918,0.005201136192034506,0.5007963180541992,0.1731785724873816,0.1522362232208252,0.24540099014671596,0.028037309646606445,0.1634927299546106,2,1
0.00143201139155249,0.09653035325945204,0.11999337655249101,25.629000425338745,0.016597779378106674,0.48178887367248535,0.00457329114901317,0.5787920951843262,0.40760091879207705,0.3207833766937256,0.38659456059654185,0.03798174858093262,0.10478785065549531,3,1
0.0021855070001130334,0.05924552074638309,0.10447577300629564,24.423001527786255,0.04670341375702731,0.39804816246032715,0.0033401017858793423,0.5967025756835938,0.1497918615536694,0.18061184883117676,0.19244684344122204,0.018706321716308594,0.10276705275234106,4,1
0.0017550093462433375,0.07410094094087429,0.11168873610440423,22.171329498291016,0.05293966063591361,0.4620530605316162,0.005510963151573156,0.6360607147216797,0.2581748392421902,0.42180919647216797,0.35379806340592956,0.03822731971740723,0.14142089664018204,5,1
0.0022877919265840894,0.08100170947375812,0.07751140125705022,22.513378381729126,0.010541145574805387,0.5102272033691406,0.0019711556047800356,0.6273441314697266,0.30960406240936306,0.18062901496887207,0.49408462346666904,0.03745436668395996,0.11695678792909822,6,1
0.0006664119711969304,0.008582717926866284,0.00963398456067077,23.853483200073242,0.006426498384194327,0.4178617000579834,0.0029723737803977563,0.4403388500213623,0.05815158255027771,0.1943957805633545,0.6376309971658467,0.025568485260009766,0.13055082801332346,7,1
0.0008294960299972157,0.00908115371659998,0.005796363347055394,21.19193935394287,0.05239397852080985,0.5477142333984375,0.00800540526923544,0.5219945907592773,0.36454248100253406,0.3711891174316406,0.31397031214493076,0.027287721633911133,0.07530506772677187,8,1
0.00102768585839792,0.010630421645883606,0.007493873765991947,22.648305654525757,0.00220029761275354,0.46552181243896484,0.0022002967499275437,0.514878511428833,0.06239632329917438,0.23319530487060547,0.15261033514675768,0.026396512985229492,0.06143810066025879,9,1
0.005123573843489064,0.037489805381513155,0.05541327295514333,22.340287446975708,0.01003351279009513,0.28057384490966797,0.003921560372889695,0.4925532341003418,0.215976015070719,0.3499155044555664,0.4398924558130637,0.024751901626586914,0.10721190798399971,10,1
0.000795456328886083,0.042466840158563515,0.07682367424363833,22.46098232269287,0.0015783390388825075,0.6602518558502197,0.001396860297598749,0.6923263072967529,0.08930175984621028,0.2632765769958496,0.5978521068568533,0.027370929718017578,0.07822054482614418,11,1
0.0005831044903766698,0.06690936546990654,0.0921091942377912,22.388267755508423,0.012600028321711195,0.3186838626861572,0.0034223393615761878,0.4603393077850342,0.21002989777145387,0.2656562328338623,0.4159785804343209,0.025357961654663086,0.055955537666633415,12,1
0.039920163470050424,0.0766299683088076,0.12952431786200552,21.999218463897705,0.01175107580797609,0.4745488166809082,0.009077355570996521,0.6867344379425049,0.30420261284079947,0.2947869300842285,0.3453510524820219,0.026987791061401367,0.09038092026323959,13,1
0.0014659487343165356,0.06744215795098081,0.10420898107129148,22.66420006752014,0.008785355697549607,0.40427541732788086,0.0031559993448555166,0.458970308303833,0.17204382907766305,0.3576223850250244,0.3144837535509069,0.022032976150512695,0.07847001176744042,14,1
0.001324523590046045,0.057355456294207956,0.05552185799431605,18.605849504470825,0.0032928807844629926,0.4717395305633545,0.0020246451706969516,0.4861485958099365,0.34570941123899146,0.29589366912841797,0.29138806473984824,0.02858138084411621,0.07695076687804421,15,1
0.0007637367099826653,0.007929768205753085,0.006482043171696711,24.87794804573059,0.05479620351601337,0.31831932067871094,0.003930280722843108,0.6671662330627441,0.1874634560483051,0.21988201141357422,0.3134848850709653,0.027257680892944336,0.09226384500507301,16,1
0.048064987823204196,0.08637017659476814,0.08817505054186166,24.93783402442932,0.061358437083277484,0.4068892002105713,0.004273050690483745,0.4597299098968506,0.21707706782703182,0.6369750499725342,0.3875856337103506,0.022171735763549805,0.09233170225725051,17,1
0.00956633238925022,0.07597689392217948,0.0931521065311153,20.747552156448364,0.009894084104133661,0.3459782600402832,0.007575053360238626,0.5754368305206299,0.16223078880023706,0.2104201316833496,0.26406145307851325,0.018335580825805664,0.059628674750029254,18,1
0.00011736952829148884,0.006135566590949093,0.007657517465153959,23.865621089935303,0.0017150313135452012,0.47638940811157227,0.0017150327448024842,0.5080294609069824,0.09097161664902308,0.21673893928527832,0.218709568993071,0.021999835968017578,0.09870686584712446,19,1
0.0003471314329058931,0.05823739147508358,0.0765023570546785,23.27683162689209,0.0015792893832155355,0.42270684242248535,0.0009946187762216526,0.815483570098877,0.09738072364599512,0.20314741134643555,0.2043928736294561,0.024359941482543945,0.11710711096632036,20,1
0.00370265147261409,0.01825042678536102,0.014244877577054699,25.107691764831543,0.006573836281675641,0.4623427391052246,0.002840446173742698,0.512709379196167,0.2533393252130905,0.17397499084472656,0.3628341866134169,0.02471637725830078,0.07296539783600958,21,1
0.0024888938035956707,0.11510386477469388,0.11795289410819376,25.430702924728394,0.00704595767680023,0.43578529357910156,0.007045950085954522,0.46271300315856934,0.10640323834846259,0.2004091739654541,0.2766630929890167,0.03337717056274414,0.1609389554164075,22,1
0.08076407949250483,0.12498195342808348,0.1337546694181044,25.918494701385498,0.01305070188768492,0.49383020401000977,0.004890592539682137,0.5297119617462158,0.215221065779792,0.18170523643493652,0.4180035811037571,0.026691198348999023,0.08517117861169744,23,1
0.0011790878884446745,0.0487238573058671,0.05048748022306884,23.958672046661377,0.017027714990923256,0.5707218647003174,0.002612571212439481,0.5316708087921143,0.22225688760099657,0.3766956329345703,0.18668990695440704,0.01996016502380371,0.15425802610985798,24,1
0.00100476604520221,0.03101962236509393,0.041953089140066895,22.569234609603882,0.006851879864945924,0.4412102699279785,0.004036606554498808,0.6080451011657715,0.12592748788298652,0.1963484287261963,0.2935530226174892,0.02278590202331543,0.07569377161635266,25,1
0.0032106106872377286,0.0836475182691721,0.08310291504824509,21.83611536026001,0.015414637722867192,0.5532774925231934,0.01024453646302478,0.5828213691711426,0.3170913598983899,0.2274765968322754,0.3241264232533492,0.02020406723022461,0.148726493947351,26,1
0.00600659214742371,0.08597329845679864,0.10751801219242134,23.0007905960083,0.0159119490427123,0.33963942527770996,0.004742396473415693,0.5119411945343018,0.2356471915441042,0.31537723541259766,0.41227197840455776,0.030358314514160156,0.04920397083248707,27,1
0.004316998835548392,0.04566486682480001,0.06325554163931593,23.405532121658325,0.004686630706643339,0.6282360553741455,0.004542488579815059,0.6933364868164062,0.1242418501053898,0.11854290962219238,0.3278821762297121,0.020225048065185547,0.11507220236155564,28,1
0.0012027968354616871,0.024207806263235435,0.04772025723245979,20.10074019432068,0.017772671071809708,0.5075581073760986,0.010110786702486729,0.674088716506958,0.1283158042662485,0.23100924491882324,0.20059865414553874,0.018932580947875977,0.1069913422796761,29,1
0.0026266428660091917,0.010713552472645708,0.014036451440552601,31.438013076782227,0.026333453152917925,0.36089444160461426,0.004525343587452639,0.6127240657806396,0.20528196584193523,0.32059550285339355,0.4058380377555165,0.03552079200744629,0.061891424731086664,0,2
0.06791392649602283,0.12165240800687852,0.10095768348781878,32.131088733673096,0.02176553486279844,0.35484981536865234,0.002696084498064725,0.5246288776397705,0.17179356540248641,0.3548238277435303,0.4023456402733885,0.03931927680969238,0.07058678216863587,1,2
0.00017541715497157253,0.008353034228120126,0.007090906492556882,33.48379874229431,0.0012230172896019538,0.6642353534698486,0.002485800343400498,1.0179946422576904,0.19525082813322975,0.21883869171142578,0.1498272756487762,0.04182839393615723,0.02618366064511446,2,2
0.001223000365755548,0.038273367932900634,0.04442306676611929,37.92793655395508,0.002556935415457503,0.6234025955200195,0.0025801137014434426,0.5973522663116455,0.14199047523465982,0.381054162979126,0.2304857545901835,0.03410816192626953,0.015444381837554972,3,2
0.0003687480144291211,0.009413696060364499,0.010082217823042952,36.73546361923218,0.006615803817500081,0.5551114082336426,0.0031838797492479568,0.6521573066711426,0.09543896658164422,0.27575159072875977,0.3309721104673004,0.04400038719177246,0.07737722265661137,4,2
0.00019906858548220568,0.06362590746433915,0.060770987528101464,33.353232860565186,0.11312296667057042,0.7423317432403564,0.0012654536378120234,0.7556138038635254,0.3477191917474955,0.4838063716888428,0.31408271652873176,0.04900860786437988,0.14878793059022186,5,2
0.00031717222171861645,0.011024935654237625,0.0037810358131572927,35.97368383407593,0.0072640909061674865,0.9524586200714111,0.0029724891412387174,1.0537083148956299,0.23699320926137285,0.22512292861938477,0.26714995646269396,0.0351557731628418,0.09458109338217868,6,2
0.00018692141019328222,0.004169178925913523,0.005295938174565405,38.41742944717407,0.009868448269518285,0.5041687488555908,0.002017896053456836,0.7892682552337646,0.04374009738314389,0.5245537757873535,0.505654315876796,0.03980088233947754,0.03061638798805947,7,2
0.00016393817064586834,0.004138798886136996,0.006462938075885298,27.393983125686646,0.0034098827996649206,0.7952163219451904,0.0020418521775772266,0.8610241413116455,0.036060670628728184,0.22360610961914062,0.14230131219318887,0.03036975860595703,0.07307625576972542,8,2
0.0003554352337857762,0.007371757251664413,0.0060197221879260375,35.72920632362366,0.01151775604400845,0.4389033317565918,0.0014800114456629061,0.5653128623962402,0.19281451574572725,0.5132369995117188,0.5270715873340874,0.03991580009460449,0.020255213186461042,9,2
0.00013565619548133362,0.009336292548959098,0.0038294974785172335,35.74844145774841,0.002021501097411053,0.5871114730834961,0.0027167736717687093,0.6255433559417725,0.05183151627947361,0.5099031925201416,0.29706012635543116,0.03549480438232422,0.019325583401061146,10,2
0.00031071675845767053,0.02620141484387647,0.019999460146259578,39.31981062889099,0.007633603393124673,0.5368514060974121,0.0023113380472799946,0.6748867034912109,0.4396375144472987,0.9469294548034668,0.24435548071599406,0.03655385971069336,0.04018909525967418,11,2
0.00027808221922826317,0.04339724817471913,0.041248738338689264,35.775341272354126,0.004845720702038569,0.3850398063659668,0.0032847409745155724,0.424177885055542,0.40621857256934024,0.18846559524536133,0.44117367061293644,0.043955087661743164,0.06607316930422691,12,2
0.0008308169981301239,0.0045274231715867275,0.020609742925055904,43.53473234176636,0.006718779474296022,0.9977624416351318,0.006635568082233874,0.9736378192901611,0.14114588307109094,0.36946964263916016,0.5196257042659519,0.0353243350982666,0.06681214844007174,13,2
0.03891374307105903,0.0931838085868321,0.08186442308923673,52.4592444896698,0.008325584233476669,0.5833866596221924,0.0012773213605007086,1.1370253562927246,0.4825816916604209,0.5131959915161133,0.3543203911646028,0.04872703552246094,0.10383885117355662,14,2
0.0008097014519398667,0.028751074672996958,0.018810883259154157,53.20278215408325,0.01579923670680905,0.6966619491577148,0.009621694918399284,0.5808942317962646,0.052709848470594435,0.36011648178100586,0.34862762865646196,0.06774687767028809,0.04199940818824991,15,2
0.0007595899234245898,0.059873073065829986,0.06863844122386048,22.357191562652588,0.001626126393361756,0.49967217445373535,0.0018199087106512226,0.6975572109222412,0.1585827317876632,0.3546261787414551,0.1872096956377041,0.03822207450866699,0.03252179955613769,16,2
0.0002238758732793074,0.006044377808709959,0.007696094204194489,52.09784150123596,0.01786570450875741,0.8008041381835938,0.0022867431185796595,0.5264503955841064,0.3439510501840421,0.43761491775512695,0.22634540003314493,0.05623888969421387,0.03597134945605245,17,2
0.0022213986483650217,0.018712490455121748,0.013665376558292485,29.143193244934082,0.04527825261379865,0.5152237415313721,0.0017133006099939803,0.5561940670013428,0.16028222667629546,0.3235645294189453,0.1725567927187424,0.04477286338806152,0.10243089376833765,18,2
0.0007158007730437843,0.025827571990487908,0.03840120616701719,37.063215494155884,0.0066516360684103935,0.4400312900543213,0.003121213137416986,0.5314066410064697,0.11713678781820276,0.30650758743286133,0.44056638389334746,0.036963701248168945,0.030800829723191276,19,2
0.0006088623434646224,0.0051018613973908165,0.005473977085093859,36.21947193145752,0.013491087145790467,0.5745382308959961,0.0016354801934341874,0.6166465282440186,0.2271120318603776,0.25532007217407227,0.18146117843165105,0.03204631805419922,0.06536044143657925,20,2
0.0002052393022827411,0.006612315155765014,0.009593730391638744,52.41066575050354,0.003371711384554233,0.5340225696563721,0.0026348542088626544,0.8154220581054688,0.029070240783535158,0.19350290298461914,0.3935389861597661,0.03682827949523926,0.02686540040452598,21,2
0.00014427677603291814,0.001972242981417812,0.0038561622889968115,41.64637207984924,0.014057852237635055,0.4347712993621826,0.008021237591565587,0.5052905082702637,0.1827638047461804,0.5408468246459961,0.4035295206628019,0.05261397361755371,0.03897820507602781,22,2
0.00027050166544641355,0.00985395791407641,0.008702772886711542,45.91984438896179,0.0024346265791517366,0.6823945045471191,0.0016622190794876924,0.7007982730865479,0.2129562802449529,0.387448787689209,0.3060964140402238,0.042983055114746094,0.05250618970721456,23,2
0.0002949068764090142,0.0200841267207181,0.015614485397108852,48.44169354438782,0.0024897215074764613,0.641624927520752,0.002790915853227519,0.5674710273742676,0.1422012280274769,0.4086015224456787,0.14309667542872445,0.038520097732543945,0.07844545597855297,24,2
0.0006732233786123606,0.008080764914353248,0.004852178983336747,29.482375383377075,0.0015936888788053104,0.4647548198699951,0.0015936888788053104,0.5415821075439453,0.018399058549771263,0.2718837261199951,0.046622593278928155,0.033783674240112305,0.016972000490520826,25,2
0.0021552022620501044,0.0051361642428600675,0.004849949161590451,47.58378195762634,0.004861694906535542,0.857966423034668,0.0015625604339789324,0.8855905532836914,0.19448161883751144,0.27447080612182617,0.31347319065629375,0.04987764358520508,0.05554098974251526,26,2
0.00029461889499273017,0.0064336796579370715,0.005817603702069401,33.200201749801636,0.02316411147810899,0.4015336036682129,0.0033791740053836484,0.6669273376464844,0.319965270981763,0.2921483516693115,0.4577486686727884,0.040258169174194336,0.06915709735728078,27,2
0.0007763355051263392,0.026791356226593135,0.025091489570473177,33.89725089073181,0.002999889316247269,0.5286993980407715,0.002999889316247269,0.8202102184295654,0.12891692100565005,0.34827709197998047,0.1371714684822112,0.02525806427001953,0.06171276995566701,28,2
0.001225978318375298,0.02575926734192242,0.017096301742897353,37.99304461479187,0.012651125075366653,0.7234597206115723,0.002441908529361229,0.9545419216156006,0.42550153003137314,1.5139257907867432,0.336730598108521,0.031540632247924805,0.06121194239371146,29,2
0.0003511561404911564,0.03454016729683777,0.02792231590334385,42.675092935562134,0.004431886076969353,0.6424827575683594,0.0016355894150401691,0.7251894474029541,0.055328787956123913,0.395275354385376,0.22063054443904528,0.05532670021057129,0.0705446547777684,0,3
0.00022858811299641951,0.003680956203932606,0.01105060379840588,58.0281708240509,0.011917935585376347,0.6079747676849365,0.004767064445160633,0.7695214748382568,0.25543016383127626,0.6763057708740234,0.2957509665135457,0.043352603912353516,0.08517120530758028,1,3
0.00012767942429779594,0.003691394445130906,0.005420518850379036,43.02206015586853,0.0010587059948333013,0.5034976005554199,0.001432071753291808,0.6321408748626709,0.024100684568269262,0.42989253997802734,0.3259000698695599,0.03900408744812012,0.014188609732865088,2,3
0.0026484183264751104,0.03004699891834098,0.03412223302926268,44.457626819610596,0.0030960542354373584,0.6393721103668213,0.002581020189698776,0.7366364002227783,0.06451225083541548,0.38524651527404785,0.2798889622656181,0.059484243392944336,0.04934865729359431,3,3
0.0001711874771767041,0.0057102439147365125,0.008543165069318718,36.50939321517944,0.00981665277003784,0.5256316661834717,0.003396027643384758,0.8131861686706543,0.2044826912208942,0.6576159000396729,0.38588168061067335,0.05739736557006836,0.020317600143911797,4,3
0.0025921894698607137,0.07738063437850545,0.04586365563600398,42.88732290267944,0.03659370608363159,0.48313283920288086,0.0027604602941854774,0.7067334651947021,0.5141913367273367,1.1740047931671143,0.3232609450552991,0.05112028121948242,0.05378609797898267,5,3
7.911970763877138e-05,0.003661087645276743,0.004959615781978554,61.4993999004364,0.007776393227959333,0.7705652713775635,0.0016764711433270591,0.8342928886413574,0.12305624779453952,0.8001606464385986,0.584893417908414,0.0846719741821289,0.016273270571162353,6,3
0.00014040770653843312,0.006360180138349136,0.007556543385840777,55.24363350868225,0.0037453836698934616,0.610386848449707,0.001623192986883737,1.159775972366333,0.0412758396307545,0.5906448364257812,0.49396796432222523,0.04934406280517578,0.03913588209714294,7,3
0.008007312662047683,0.10947873632057341,0.08259143283580052,44.049009561538696,0.00622967908518064,0.549553632736206,0.0019437969188006517,0.7243366241455078,0.0801393167726511,0.3557288646697998,0.3252694865947652,0.06153130531311035,0.03649251416439393,8,3
0.0005282782957579224,0.004807977968110766,0.005083484250965945,61.65189242362976,0.00782411863574261,0.5590133666992188,0.0017036443599828329,0.5268630981445312,0.19133286148215153,0.3982431888580322,0.376409635658241,0.054253578186035156,0.04250827255817244,9,3
0.007991980830078897,0.02206383534940084,0.1218228687145075,62.03681039810181,0.0009067705416852939,0.6245377063751221,0.0009067219677874272,0.8084700107574463,0.08686498801766243,0.39984560012817383,0.08420369779077376,0.05591154098510742,0.015635488248527642,10,3
0.00015029782879013944,0.008021775787447005,0.0034735676722098124,45.80280566215515,0.016420180699226773,0.43575525283813477,0.0029708165769666583,0.6185157299041748,0.37253854138580295,0.8291106224060059,0.23161794668103547,0.04604697227478027,0.0215882334385574,11,3
0.00012918000766040105,0.002478190984500461,0.0034212408584631203,52.84288740158081,0.0006216124484533569,0.5292625427246094,0.0006073265804982686,0.598301887512207,0.028666880122162446,0.1654369831085205,0.2638995117061323,0.04738759994506836,0.023906327513906554,12,3
0.00021455025199872412,0.004184951604186852,0.008091984448389286,45.50612807273865,0.0032663837819943975,0.64548659324646,0.0014924209845488998,0.7403998374938965,0.101308975586151,0.23034238815307617,0.325750786031452,0.06026029586791992,0.03287112795110743,13,3
0.03249435558436158,0.21929910168711028,0.02966649517612492,38.142314434051514,0.12289182633503419,0.4739720821380615,0.09813541409273557,0.36469268798828125,0.41869726836266563,0.5343024730682373,0.5076666089317475,0.05801272392272949,0.10657981937571515,14,3
7.313392155264461e-05,0.005554215368663673,0.004154590050184008,63.060715436935425,0.011541656022318566,0.7621853351593018,0.0026230262501998037,0.9594299793243408,0.02701304726748932,0.4915437698364258,0.19886906105669183,0.05594229698181152,0.03495756968058732,15,3
8.749483620881608e-05,0.01183852708076675,0.005589932240979852,62.15550756454468,0.002098256652163114,0.9365921020507812,0.0014321515110736686,0.9008731842041016,0.08177668433788846,0.49161481857299805,0.19572104371507243,0.0821988582611084,0.025467287799846416,16,3
0.00027067675769569066,0.006928330135496482,0.004040201189103017,44.219826459884644,0.0017804257826329474,0.47627711296081543,0.0019021163474546303,0.5541877746582031,0.051752918003492146,0.6761600971221924,0.25064978284893424,0.04785776138305664,0.020538944353908063,17,3
0.00043369158532240436,0.018226947517989346,0.03126031614963789,34.488178730010986,0.004036548044964791,0.6773669719696045,0.004036548371838252,0.7513415813446045,0.06213549041852632,0.2537205219268799,0.24089235497808353,0.060646772384643555,0.09179422178708485,18,3
0.00025605770367030564,0.010289243980821894,0.006083256043446736,63.869118452072144,0.0027265905963163844,0.6181821823120117,0.0012504313394115323,0.842473030090332,0.06607046151669606,0.3591618537902832,0.42453343181268755,0.04271888732910156,0.02603523312019958,19,3
0.0006512809081508013,0.006368585939906494,0.0038615955183955736,64.67541122436523,0.0017287180935935248,0.5757608413696289,0.001469942500827511,0.6349084377288818,0.05753159420647634,0.2160351276397705,0.45728948242125594,0.05515694618225098,0.040514940944174536,20,3
0.0006127986690152982,0.005298789548119368,0.006100317738392273,64.38607048988342,0.0034340162836934717,0.4608631134033203,0.0017986745551340424,0.5941834449768066,0.11020980481117722,0.45554542541503906,0.2675581020726278,0.10587334632873535,0.015322227944153995,21,3
0.011416800037487435,0.008675421063244808,0.006004847781039368,44.45195269584656,0.0015148345286798426,0.6025180816650391,0.0015148369721145858,0.6790218353271484,0.019222911054629886,0.30257678031921387,0.3730367146289285,0.05945730209350586,0.01234830649272245,22,3
0.0003309084442603953,0.008787224684002334,0.005951140132784027,44.369176626205444,0.0012467336501863712,0.5568423271179199,0.0011067511993315608,0.6261990070343018,0.02093478373664424,0.3069798946380615,0.29562239278984503,0.03461194038391113,0.030644469915529177,23,3
0.0001958228047722388,0.005305967729578024,0.008509758627911495,43.89757180213928,0.029865379808805957,0.4823453426361084,0.0011146203229145317,0.5917506217956543,0.10939381750084129,0.27063798904418945,0.4423549172505202,0.03929758071899414,0.02928321692633671,24,3
0.000605181872363795,0.0032497370109982587,0.005664619111896278,61.62107992172241,0.006749735281733504,0.7577688694000244,0.0045762801120935075,0.7771396636962891,0.10039130111440212,0.541536808013916,0.2744535880956102,0.11055994033813477,0.010878979149789983,25,3
0.00024305827701962546,0.002368683532338493,0.004274344170227788,61.64654016494751,0.0023870920393023634,1.2575716972351074,0.002002032248154821,1.705204963684082,0.0752212369585325,0.3926875591278076,0.15578548421201183,0.04676699638366699,0.04835079886671152,26,3
0.00016926645765900084,0.004170768291086742,0.005766913705084517,38.184043645858765,0.007149145654864894,0.5365631580352783,0.0018630892347365406,0.6086142063140869,0.29136296679324825,0.3500518798828125,0.4280840465576096,0.055562496185302734,0.03648991290773913,27,3
0.0003182736371199294,0.005541686814524353,0.006778637378225076,52.47059893608093,0.024111968626550007,0.6657929420471191,0.003671988991728625,0.9256598949432373,0.17421010531097111,0.543907642364502,0.2614076871464551,0.11893820762634277,0.07285391255614672,28,3
0.0007590399962318213,0.024721446297090506,0.019436909235203404,55.01944375038147,0.008018118633588967,0.7099719047546387,0.0018215671257233,0.8410403728485107,0.27622104967569183,2.1331679821014404,0.4760558775553133,0.03885364532470703,0.13754514376895194,29,3
0.0007276796846584481,0.028011212867936633,0.024223556666771777,80.85931777954102,0.003420601339936187,0.8104124069213867,0.002783025373703755,0.8002128601074219,0.07743024778537622,0.31206464767456055,0.14047651488430196,0.06053471565246582,0.04588558603848308,0,4
0.07547232496880414,0.00897910218531622,0.009545726655164807,54.9968843460083,0.005981876537823975,0.580573558807373,0.0020220511375321697,0.7786078453063965,0.07032497703381456,0.45876240730285645,0.3449111903826665,0.07015109062194824,0.030310877332748964,1,4
6.631333797944746e-05,0.005683663089864203,0.00873596335831606,44.2860004901886,0.0027538009463254983,0.7484800815582275,0.0018332684402131354,0.9915215969085693,0.21973343993061017,0.5284585952758789,0.3071780793852282,0.05658078193664551,0.008391070225239971,2,4
0.00011339346061555547,0.011404130532234814,0.006010565173020974,43.908552408218384,0.001675015539721277,0.6417980194091797,0.0006910286245332002,0.8688879013061523,0.03920099617831198,0.3660621643066406,0.29580314822663417,0.05642437934875488,0.018211474982936467,3,4
0.0008411360627376277,0.006539408370350201,0.004215626003744135,75.25744366645813,0.0045084424069026085,1.0893714427947998,0.00107793846845435,1.472121000289917,0.0328314844649719,0.4526197910308838,0.30395549166458896,0.05604124069213867,0.024257140657513186,4,4
0.00023722994648832282,0.004905771148921782,0.003613398747629022,72.54007577896118,0.0008285235447003843,1.3528540134429932,0.0007701580392610448,1.6130952835083008,0.0186755300146351,0.7819759845733643,0.1510758931661224,0.08633661270141602,0.036185635935293815,5,4
0.0004671445261173209,0.00681844041423183,0.0042646089756253275,73.01396632194519,0.0061763606572851956,0.6907463073730469,0.00334654247449655,0.9953081607818604,0.0903980145450158,0.6037867069244385,0.351646924366508,0.09631919860839844,0.01793062273197777,6,4
6.153233893311239e-05,0.006848822643872143,0.008220643544514945,57.38709044456482,0.00097788013241867,1.0543863773345947,0.0007764881184141092,0.9666869640350342,0.08508274675268349,0.4808378219604492,0.16241241406002704,0.04767918586730957,0.03439874327811705,7,4
0.0002042300733029763,0.007013747923828066,0.008285713294305655,49.054692029953,0.0022965938239149384,0.8087809085845947,0.0020967965204913954,1.0429761409759521,0.046770398554407365,0.5653164386749268,0.293735733567424,0.06050705909729004,0.02298434911567601,8,4
0.00010336805874089361,0.007108013335015606,0.0014540579481481686,36.65904450416565,0.0036959243491765303,0.5573732852935791,0.0009261362681477186,0.9152417182922363,0.20199617644939066,0.5428705215454102,0.29266511654595695,0.05224037170410156,0.037889909793002156,9,4
8.387625086552958e-05,0.00857927495877613,0.005800330444377653,50.93080949783325,0.005164812512567603,0.6849689483642578,0.0013454318158036143,0.8717210292816162,0.050619688095260115,0.49800658226013184,0.14908517704505414,0.06803441047668457,0.024718571916835692,10,4
0.00033525702792281585,0.004931272925831672,0.003534500020521104,45.38719964027405,0.02676106741437234,0.7556025981903076,0.0015557775461992438,1.1593995094299316,0.25804717362804697,2.070371150970459,0.46594260347767313,0.06810688972473145,0.04851596396141736,11,4
0.0001379500178358084,0.008399934317123966,0.008713156895126724,42.607036113739014,0.00453462190924816,0.9502713680267334,0.00087862157223213,1.0154228210449219,0.04287237058023042,0.5168206691741943,0.24517237791500018,0.06956696510314941,0.012461041926320627,12,4
0.0004250773764123972,0.009148342176127559,0.018534568423743333,41.35714936256409,0.005370688482540445,0.8682811260223389,0.0009558734487426019,1.227090835571289,0.12160920056119384,0.5302524566650391,0.41689201064751213,0.052889108657836914,0.02027476109422454,13,4
0.00018727066445511917,0.004624418010093182,0.005478044375450515,76.80686569213867,0.00886763616523185,0.840003252029419,0.0025770637516198047,0.9811654090881348,0.3703507299574282,1.0361144542694092,0.24470660933348504,0.06177496910095215,0.06078357379577184,14,4
0.00019443837064432313,0.00815827695455935,0.005865997940044265,84.30718421936035,0.002486021398729236,0.9078972339630127,0.0007879304158712481,0.9812867641448975,0.027875080279464542,0.40479612350463867,0.1896286091289901,0.0713651180267334,0.015715620742362053,15,4
0.0004444743098750277,0.0038590953505438876,0.005447175718625452,84.94993305206299,0.0020275203357228355,0.9832007884979248,0.001211306810005201,1.3048808574676514,0.02957858791183071,0.5296711921691895,0.07400726851584596,0.05951809883117676,0.04006468733487765,16,4
0.00017760273801574006,0.00622406022022363,0.004708681932054811,87.59531998634338,0.00529644168109229,0.8422906398773193,0.0016559421619406563,1.0499446392059326,0.1295110417853396,0.3122262954711914,0.4066806892625648,0.05457186698913574,0.0349973097237768,17,4
0.00031547129747367585,0.04084203484075856,0.06537682920228664,60.50793147087097,0.004851032602671346,0.8209164142608643,0.0018328488005935784,0.9618096351623535,0.2240190418034631,1.3148925304412842,0.21339656150615,0.05644035339355469,0.020529830154141678,18,4
6.759642040871466e-05,0.010257871154763324,0.008010352962666244,59.40113925933838,0.000869566964627988,0.82977294921875,0.0009893837674692283,1.0222158432006836,0.01570367780480275,0.7037174701690674,0.14797299733490865,0.06246542930603027,0.018599325872422523,19,4
0.00019090119511578537,0.003111007547090683,0.004214039803037621,48.97535538673401,0.0009026939278362252,0.8091990947723389,0.0009552259505721287,1.1328494548797607,0.08164379599552374,0.3650977611541748,0.09463960273338057,0.03798341751098633,0.014601700346902483,20,4
0.0007339238478560218,0.01418416209084669,0.0030230370510615566,59.65265226364136,0.004609321285184372,0.625420093536377,0.0010679543806469812,0.9169251918792725,0.05257973661087638,0.4786202907562256,0.11663650423145508,0.058042287826538086,0.024037413624220575,21,4
0.00015967007123450413,0.006497023758279319,0.004431573020301107,59.74031209945679,0.004212827084651664,0.7125167846679688,0.001411549784281263,0.9697997570037842,0.1315006698951049,0.7077038288116455,0.2835444348065677,0.036570072174072266,0.024153889055243037,22,4
0.00018554696303142807,0.0047460376995206366,0.010113111000681805,87.22563672065735,0.004327891439908134,0.5178041458129883,0.002145309427817906,0.8520421981811523,0.05190535331305457,0.3906667232513428,0.27884638747072127,0.06467509269714355,0.0430528912773481,23,4
4.8620606261318144e-05,0.006233948414293759,0.004222036676851179,86.61346054077148,0.007480773716744708,0.7767651081085205,0.0017863941584861007,1.095327377319336,0.1434240580980291,0.3357274532318115,0.21600751807420943,0.05292153358459473,0.006678695242664519,24,4
0.0001554769917635331,0.0057570648938178575,0.009210137031532083,42.416290044784546,0.0044307544868694105,0.7747228145599365,0.0020600654128823948,1.1044890880584717,0.030923340746132844,0.5405659675598145,0.16355704842235502,0.06868600845336914,0.026584132520337794,25,4
0.00014298766034136117,0.010976419635046409,0.007097225620008851,87.83310842514038,0.0008582015298823778,1.152935266494751,0.0008582015298823778,1.1642303466796875,0.03847947418064859,0.5005755424499512,0.5205043208862227,0.056119441986083984,0.027592172027102124,26,4
0.00015016168599468006,0.006656763105439456,0.006389942336380406,77.93458485603333,0.018002932250446836,0.6072971820831299,0.0024707208830748433,1.140876293182373,0.1047913535119358,0.5165791511535645,0.5608168870978006,0.07686638832092285,0.03994605495906244,27,4
6.441128703346491e-05,0.006297864630969515,0.007835400600276954,86.6220715045929,0.006424453458746433,0.7296836376190186,0.0009428324060527145,1.1104915142059326,0.028382599665452486,0.4880974292755127,0.19391172079701074,0.04607534408569336,0.015160325773746684,28,4
0.00015533352151534768,0.00738042035479225,0.006861479766894183,60.112178564071655,0.0037792711341586424,0.8763763904571533,0.0034428778460782183,1.1300334930419922,0.01619109891877196,0.6321728229522705,0.1156438033811352,0.0769507884979248,0.036788061185112776,29,4
0.00040349835429023264,0.02462781962352949,0.01641421684504082,78.35069942474365,0.005078089110246142,0.7919824123382568,0.0014656312692620393,1.0368776321411133,0.07814360304265183,0.5215485095977783,0.4552426026242352,0.054837703704833984,0.028754958920413215,0,5
8.700676660879185e-05,0.011631404843529699,0.008392960029967235,54.146504402160645,0.010534390840823424,0.5941781997680664,0.0015909517767347613,0.9532749652862549,0.14019801660169268,0.4106621742248535,0.33159603562780315,0.08575701713562012,0.031155152908546875,1,5
8.868944899760311e-05,0.007553035086151253,0.0017493607238180146,75.72984957695007,0.0014130513927408086,1.0292472839355469,0.0011319403051659681,1.3447401523590088,0.04723120915438511,0.7366738319396973,0.25689058595162095,0.0485074520111084,0.01044278704285644,2,5
0.00466600524096148,0.06406512890691578,0.08536404226297992,102.30393552780151,0.010252245558157522,0.9112751483917236,0.00340341681842821,1.1658544540405273,0.07467303588967698,0.6621809005737305,0.2688332812830668,0.08146429061889648,0.015611016581928872,3,5
5.9409163673670076e-05,0.012626793640389995,0.0074788332384485845,64.28459787368774,0.005417572681100954,0.8033523559570312,0.0019691202606939204,1.3883554935455322,0.10997622096654329,0.8713958263397217,0.5531822370441518,0.06807780265808105,0.011054880729812163,4,5
0.00010337781836023592,0.005628107889357725,0.006007438286521727,83.319988489151,0.002123338126856907,1.161884069442749,0.0016821194749770875,1.6286282539367676,0.022375198196317007,0.795952320098877,0.21362235169914928,0.08369946479797363,0.023370468620018747,5,5
0.00012138153544633362,0.006211264715490176,0.005608200909186473,70.74891185760498,0.002543692242654708,0.9918773174285889,0.0006415458083067908,1.7539207935333252,0.07011189801667138,0.607576847076416,0.31293180943991683,0.07106328010559082,0.018098440317440338,6,5
9.101263559028922e-05,0.009283780860789678,0.007595154666983695,73.08799242973328,0.0051028631905777255,0.7673439979553223,0.0014300133103450313,1.1913189888000488,0.21269441259623906,0.6924707889556885,0.35491419694029347,0.08239555358886719,0.01848129337022656,7,5
0.00013567167679150817,0.0026195796900875183,0.005494136319326871,75.60366916656494,0.012541678190167035,0.8423378467559814,0.0014933804898418666,1.2209601402282715,0.09213433434127208,0.425370454788208,0.3996326854650898,0.06203436851501465,0.0992898915462555,8,5
6.581474007273751e-05,0.007601099883989774,0.004557230604606892,66.6767737865448,0.0041022165397906745,0.7172267436981201,0.0011968574639314555,0.9757037162780762,0.26126386759828424,0.840639591217041,0.3673462239264657,0.11088132858276367,0.012074586714833,9,5
9.525347547931032e-05,0.00612289589702432,0.007814961364390327,107.19075155258179,0.0005985359180456174,1.0289499759674072,0.0004651134575383095,1.2163379192352295,0.02683937326649132,0.3570830821990967,0.24669632986940435,0.05635809898376465,0.01492909208285019,10,5
0.0001323460879299132,0.003206164961809114,0.005324184715261306,72.93234419822693,0.0021092024332567405,0.9578828811645508,0.001339569125645686,1.3077681064605713,0.01147731863205499,0.9671659469604492,0.04145017087925751,0.06589055061340332,0.017991283425006947,11,5
0.06947867472579242,0.0043046334365490916,0.021610607663306077,102.65890455245972,0.006231436568330176,0.876753568649292,0.0008756037942838487,1.153285026550293,0.03669599459632557,0.33534908294677734,0.11310682060448121,0.07058024406433105,0.016153641427487177,12,5
0.00020859387912617323,0.006332349643632066,0.004961013901123556,101.68501281738281,0.0014478822195302646,1.194087028503418,0.0018799473842440553,1.2192161083221436,0.020826895570590195,0.44907546043395996,0.05161497827811723,0.06780028343200684,0.027917697826399322,13,5
0.00020096989312831472,0.004808544897028296,0.0038025031703022194,77.98271751403809,0.011691161027420856,0.7085158824920654,0.003212060922298909,0.9106259346008301,0.08403593231024334,0.4295320510864258,0.2533569308992466,0.12971973419189453,0.07754453412136311,14,5
0.00012231842996444087,0.006329965125722007,0.007034052580308825,71.31263184547424,0.0016747112877893693,0.8963816165924072,0.0007281347245674973,1.1563782691955566,0.013458951883721908,0.6066217422485352,0.12590015462771956,0.0522768497467041,0.01135180639992445,15,5
0.000559082995285709,0.0006680016419768305,0.004438688702878043,102.53005242347717,0.0011090794575929542,1.0679457187652588,0.001109159462504398,1.2506134510040283,0.05547519361945473,0.6070005893707275,0.2931777988773502,0.09021830558776855,0.032152314886655174,16,5
0.00011904058544312722,0.007791325491798802,0.00752849810628923,71.63863968849182,0.0009553435946644928,0.8252236843109131,0.0011675553042429065,0.9535880088806152,0.03360981167917966,0.7153759002685547,0.21942913761844118,0.06154036521911621,0.022233358250625203,17,5
0.00011662422394792906,0.0048586578424133125,0.006975775774715322,49.19505524635315,0.0011374730077799693,0.9546432495117188,0.0013263557670807114,1.1526293754577637,0.08377182443885768,0.8429484367370605,0.3273851050121894,0.06879401206970215,0.021239037144874753,18,5
6.798625532760117e-05,0.00840166272884056,0.006600307446164993,58.175381660461426,0.0035370806510032216,0.7457647323608398,0.0015315200646125015,1.074202060699463,0.029188027014358776,0.38893604278564453,0.33697848227678906,0.07127547264099121,0.011906667745473443,19,5
0.00025846866419159856,0.00846370713813392,0.0046370469630569065,108.13630104064941,0.0018954032391175508,1.1444592475891113,0.0010260785984417338,1.2071144580841064,0.15366844078276343,0.402446985244751,0.4309358237720584,0.04827618598937988,0.011404912460905529,20,5
0.00018264653556998578,0.006868682091755307,0.007518532055953073,108.5145206451416,0.0017952588193334302,0.9045741558074951,0.0008742015799045582,1.460646390914917,0.03930363413347836,0.6058568954467773,0.3720550412022975,0.10802602767944336,0.01277253873546778,21,5
0.01860246122119483,0.0036177515429409723,0.006141458326629147,71.87515830993652,0.002492820346341418,1.1119518280029297,0.0007185179945220352,1.436934232711792,0.022663918713925885,0.559626579284668,0.19611101012759877,0.06973838806152344,0.021001773425567954,22,5
0.0001568145660098811,0.0025198087715789202,0.0029008563771801025,109.78032684326172,0.001335020700701654,1.433743953704834,0.0013360656226378313,2.0707733631134033,0.010958635964883565,0.7006754875183105,0.3145921811706229,0.06593132019042969,0.015609471340382583,23,5
6.649756393419803e-05,0.008810515920016056,0.004641229056084207,115.55528521537781,0.005508020038805461,0.9468107223510742,0.0007329935094106955,1.3179419040679932,0.07994348909437961,0.5005795955657959,0.25985113077213395,0.07763528823852539,0.006541279033485945,24,5
0.00016518362306182274,0.007049416946734362,0.009154193690073665,68.80193877220154,0.015957885544604977,0.8219482898712158,0.001357197197302429,1.017056941986084,0.09912209940584556,0.8307273387908936,0.16403437965408663,0.04621458053588867,0.03992045189268752,25,5
0.00041438057743053606,0.00743334368306033,0.007128009263295872,115.38213539123535,0.005643968545036919,1.4861607551574707,0.0011745626663016112,1.7747468948364258,0.062462621304272936,0.5666396617889404,0.14310161620718886,0.10905766487121582,0.021804504825076076,26,5
0.00013550772119211483,0.0035121366668818747,0.0030032032770748525,64.12673282623291,0.010398682369305213,0.9430575370788574,0.00134654293938307,1.3120286464691162,0.1660170943295176,0.5096805095672607,0.3544244534957698,0.0802154541015625,0.07832739472815996,27,5
5.966544478925121e-05,0.007675522399583971,0.004679437157844814,37.03015184402466,0.001771522661286647,1.0110433101654053,0.0018819336954697102,1.5150949954986572,0.034335166030756224,0.6178650856018066,0.039603965540123916,0.05153179168701172,0.02175562170279642,28,5
6.905687585165113e-05,0.004974303508474135,0.0064328284857700525,37.53368043899536,0.002642661445563821,0.885828971862793,0.0007863005588118735,1.0283629894256592,0.0359953501397133,0.42205047607421875,0.12935450519493988,0.061597585678100586,0.018857031237206633,29,5
0.00034587170671942504,0.0148529610246993,0.015591275043263176,105.3907630443573,0.0017725091433259254,0.883044958114624,0.0015659764805180463,1.3473663330078125,0.0625531371041795,0.6670842170715332,0.08315070477445428,0.12758851051330566,0.02491203190634072,0,6
7.710801766636817e-05,0.007700659073773212,0.0033248206910411193,124.28988361358643,0.010025742004638075,0.9680001735687256,0.0005268252592774377,1.3290071487426758,0.1795195509918916,0.9682650566101074,0.21856925622623063,0.06961417198181152,0.02619437967774408,1,6
6.0941711280793065e-05,0.004793760891329443,0.005843093315376013,81.57325839996338,0.005480327104387528,0.8393170833587646,0.00138716105301299,1.2624776363372803,0.06130102238152999,0.6327953338623047,0.42460514899440527,0.10417604446411133,0.012648574273993862,2,6
7.02943796892767e-05,0.007225345225793204,0.004475490601557755,86.87547588348389,0.00975348044176735,0.9290785789489746,0.0039026275267247815,1.1766610145568848,0.03825576076098092,0.6934919357299805,0.2496364160654959,0.059381723403930664,0.010403061099857454,3,6
3.252384982424713e-05,0.0037705117280227483,0.0036384661339511275,64.1727864742279,0.007181809194186021,1.349470853805542,0.0006043357190440803,1.5704407691955566,0.022585055305270982,0.665618896484375,0.10926359250209568,0.0609431266784668,0.01128292386397136,4,6
0.0001293118705550785,0.011533178517669728,0.0020510579078488874,131.03807401657104,0.0010716081349308568,1.6188571453094482,0.0010716081349308568,1.8512437343597412,0.013116293220130104,0.7541310787200928,0.048831592762905315,0.08372950553894043,0.017871846689537015,5,6
8.781642354717493e-05,0.009853758380471008,0.0078043766824545165,103.16484093666077,0.0034691291951458,0.8592922687530518,0.00121490689741585,1.2832410335540771,0.10162192399213758,0.3745572566986084,0.18227559633899845,0.04478573799133301,0.015613735102482674,6,6
0.00030241212361552526,0.005602116882506477,0.005955236515755771,130.5358271598816,0.0010754302362713539,1.1626582145690918,0.0014553319671778567,1.305008888244629,0.030063196855268447,0.6938185691833496,0.11746830365142844,0.07227826118469238,0.016826647734936813,7,6
6.64244675123123e-05,0.0038406172000044,0.005392815677494659,62.53734469413757,0.0035867099543739275,1.3272922039031982,0.0007564038593496894,1.5678880214691162,0.031206094556113728,0.590928316116333,0.20193885047501564,0.06092071533203125,0.030968876951592495,8,6
4.377969033372656e-05,0.007220256038969215,0.006961981191877548,41.89941048622131,0.0008559209864254846,0.7003366947174072,0.001313523512624896,0.9643373489379883,0.029169577961979005,0.6662561893463135,0.20565954275093268,0.0639796257019043,0.012059400437782775,9,6
7.54591241502937e-05,0.003348387102267895,0.002087216463562903,86.36867451667786,0.0027080140780965174,1.2829155921936035,0.0007028334220425666,1.451772928237915,0.029493266093217986,0.5906569957733154,0.22323868147848436,0.06020927429199219,0.010440283750875794,10,6
0.00024264643656672175,0.010708210493667724,0.0020156689778073277,121.23934936523438,0.003659192829365162,1.2308120727539062,0.0028078297266291704,1.870927333831787,0.07082633019711608,0.9497344493865967,0.3983213854123175,0.10278940200805664,0.020304298693505453,11,6
9.046916364963133e-05,0.003756952406364918,0.0028093421268364006,123.79526782035828,0.004827330570703963,1.2628374099731445,0.0004310476422474989,1.6546316146850586,0.04916576737919648,0.6462526321411133,0.14601577763166257,0.06147885322570801,0.02235847712234026,12,6
0.00019769977049682494,0.005596644321799182,0.003936478608728003,97.14555740356445,0.0036178194412232875,1.1197102069854736,0.0013047986981379025,1.515519142150879,0.0754968778802077,0.48138427734375,0.106598651613805,0.06040239334106445,0.07367550683699811,13,6
0.0001427256631659324,0.006621636043514171,0.007634745282220018,41.570465326309204,0.0050132072382466685,0.7622826099395752,0.0011762366319629865,1.1251952648162842,0.02831678316346824,0.43343210220336914,0.13091053734632846,0.07234835624694824,0.018216384742376572,14,6
0.00011452133940417219,0.0039019616204436797,0.0026217997676212025,65.73361825942993,0.011034307453297231,0.8381645679473877,0.002677670161294484,1.2224488258361816,0.09561812383078572,0.4523019790649414,0.1696770013858529,0.06721234321594238,0.014565332255577906,15,6
0.00021293463205374064,0.011223854600835489,0.007358061043420139,123.7907178401947,0.00944055823811513,1.2570242881774902,0.0017313367921333311,1.3007540702819824,0.06954087198132265,0.5085456371307373,0.26237296665056126,0.0648949146270752,0.025586079024497766,16,6
0.0002007276331831287,0.0072527352563530375,0.0028369993249687687,103.75851202011108,0.0011159236128771342,1.133246660232544,0.0008809530240827757,1.387258768081665,0.05913679656831574,0.6197404861450195,0.15548756699430805,0.07612919807434082,0.02590967941027959,17,6
0.00018355759084656882,0.01009073971538248,0.009369626442627621,80.52064394950867,0.004628745475152255,0.8593897819519043,0.0009360485456235468,1.2627739906311035,0.13522946379515255,0.5932316780090332,0.3350616528810218,0.07496953010559082,0.05580075202309629,18,6
0.00014380887073707586,0.005922030209712966,0.0027377985818499667,123.20013284683228,0.004362485797066262,1.1993682384490967,0.0005980946088387136,1.4796490669250488,0.044936858594142114,0.8986284732818604,0.08317044409313293,0.08923959732055664,0.010543580432246503,19,6
7.792265348798287e-05,0.009120688350650911,0.0025569476782519194,56.357887983322144,0.005052082331634544,0.8738698959350586,0.0008634901391495253,1.1762871742248535,0.02276349632734352,0.5775296688079834,0.07652642756896706,0.04750347137451172,0.009137778029079462,20,6
0.0001251188320240108,0.0032582825776168297,0.00425271109678943,54.2747642993927,0.0019673459110924442,0.8575716018676758,0.0019918034408494306,1.283574104309082,0.047460474772863595,0.8085777759552002,0.10961762630032675,0.07314634323120117,0.025732586352923914,21,6
0.00010239348670576892,0.0017688858562521523,0.008702298237499623,96.00740098953247,0.0016532769388235113,1.1847829818725586,0.0006393762773893993,1.3513212203979492,0.034470156076307476,0.6291768550872803,0.1488305836782766,0.07405805587768555,0.015097440951648524,22,6
0.00012851985782911987,0.009931690827435198,0.0035122116866291176,75.20177841186523,0.0009431598566498483,1.1654713153839111,0.0009431598566498483,1.4935152530670166,0.01062911732698324,0.6195764541625977,0.054861600347711335,0.0750126838684082,0.01491485020971579,23,6
4.1145113380713916e-05,0.004931291497555327,0.004592072337500288,44.24765658378601,0.0043470866046546154,1.2594807147979736,0.0007747904672840218,1.6972839832305908,0.0672156266974434,0.4765439033508301,0.14468616804886564,0.07044339179992676,0.008280344764189129,24,6
8.272092387050882e-05,0.006038095436695941,0.002881957207696063,81.20273399353027,0.0013285176319894304,1.3076541423797607,0.0007446901710238096,1.755178689956665,0.0789189463104977,0.6534631252288818,0.11806416071184608,0.11431074142456055,0.016331880781387965,25,6
0.00017545151479555858,0.004095783433233743,0.002490746509085448,128.02843046188354,0.005285255648898694,1.3620662689208984,0.0023701844717808267,1.7154936790466309,0.13363899069275803,0.7012724876403809,0.34871099392302685,0.14712071418762207,0.020726643884910974,26,6
0.00014509931129375413,0.010169900305482956,0.004493678594823045,127.99033403396606,0.0015034090777969133,1.1729986667633057,0.0005921523400580127,1.496065378189087,0.056311136564707175,0.7841947078704834,0.5374798629424528,0.054518699645996094,0.031214654520475348,27,6
0.00024277381577406665,0.009242908476716641,0.005461379003576727,85.50546169281006,0.00956600770998402,1.288677453994751,0.0015014957999738361,1.6637868881225586,0.08679253523629135,0.7381289005279541,0.11575613367912285,0.07799839973449707,0.024305805826298422,28,6
6.294500651598719e-05,0.010684197196529391,0.01083028110617293,75.94003391265869,0.000557896799066963,1.0131254196166992,0.0005196819446567395,1.3833343982696533,0.03484035117135065,0.4798121452331543,0.14628203389581057,0.06735348701477051,0.020561623355359663,29,6
0.018722637568907914,0.006927363709390407,0.006717199836457343,154.59687089920044,0.003050137341410397,0.949223518371582,0.00110496852335753,1.3427965641021729,0.034900256180831854,0.6718337535858154,0.3322092695406378,0.07016968727111816,0.017763020620868698,0,7
0.013725475744649884,0.0032998754858840997,0.006240813305597213,148.46011090278625,0.0004298519153525415,1.3666527271270752,0.0004298519153525415,1.58436918258667,0.040307018000131825,0.7971057891845703,0.22966244656925863,0.08032798767089844,0.024861526983363337,1,7
5.025586459242634e-05,0.007514004116018214,0.008309818231158209,123.07000303268433,0.004873336614080218,1.3822054862976074,0.0010091306259535657,1.735569715499878,0.046328402391389745,0.6940672397613525,0.18061231870324934,0.08528590202331543,0.013308253512410783,2,7
6.675828340460358e-05,0.004572460932126502,0.0025184142953304364,132.36444234848022,0.0014710379241653785,1.0108280181884766,0.000547021172474138,1.4835476875305176,0.017868364888458506,0.5860676765441895,0.42389796552346654,0.09146475791931152,0.007716856812321505,3,7
0.007263947683099334,0.014770528135957228,0.0068315002581451675,138.65970253944397,0.0017428241704301236,1.4053843021392822,0.0008758255000681206,1.6110968589782715,0.15360238199289789,0.711329460144043,0.26911333556959177,0.07392621040344238,0.014421159564787792,4,7
4.448237781954727e-05,0.007617730520861402,0.0041766612849893974,64.80343270301819,0.001224025377040827,0.9143087863922119,0.0009788450406558254,1.2783069610595703,0.1052734168181249,0.6011619567871094,0.3125962476138601,0.1007378101348877,0.01624427277032494,5,7
7.701904399648463e-05,0.005658661892708435,0.004832929153353165,155.78263974189758,0.0006594604926728624,1.2951385974884033,0.0004914490319038715,1.804673194885254,0.05076756699168337,0.7304508686065674,0.14085591545205464,0.1471095085144043,0.012307531679601604,6,7
6.445795562842377e-05,0.0037770994608902282,0.005531464820579592,69.2749502658844,0.000848815576882278,1.2417304515838623,0.0009114345090275458,1.6165754795074463,0.018672642330127366,0.8049149513244629,0.0880235721512212,0.08291196823120117,0.011982136763743743,7,7
6.346546349751403e-05,0.004141138066291609,0.007170211550906203,171.00349617004395,0.0019233715173428683,1.5872831344604492,0.0007180229257807222,2.018461227416992,0.04906768355076746,0.8822371959686279,0.2380693343538672,0.0790705680847168,0.021202310150768316,8,7
0.00029347934487737864,0.0066144171930454,0.004145772924319345,148.8339765071869,0.0009760050004091229,1.4179878234863281,0.0006666101858965767,1.8372695446014404,0.07656969119469892,1.24007248878479,0.26887789635096504,0.0749056339263916,0.013914475113031375,9,7
8.970605696052569e-05,0.005602279987677298,0.004706283400483677,173.42339992523193,0.002783744664913631,1.3021838665008545,0.0010824986576629004,1.8807685375213623,0.0734408992945922,0.7343921661376953,0.09630379980583262,0.0906517505645752,0.013336924011692943,10,7
8.705439233058776e-05,0.00731462833110168,0.003139173159489474,136.20076489448547,0.001831419330530474,1.4767556190490723,0.0017790942305055367,1.9988031387329102,0.04692211092368066,1.1821208000183105,0.33188439850846235,0.09606695175170898,0.014855797155397258,11,7
0.00010484518524184566,0.007632999805745684,0.010607971147200423,143.32713389396667,0.0013350638907338858,1.3431272506713867,0.0007529013898484926,1.9396636486053467,0.033016125673382,0.6819727420806885,0.100263048999591,0.08247709274291992,0.009075340340999202,12,7
0.00011344556590952384,0.010757284193957902,0.0031197339084997424,162.11582255363464,0.0018557809321045372,1.2331762313842773,0.0010202971879976395,1.8309578895568848,0.07165229245279513,0.7260832786560059,0.22528088981068123,0.09136462211608887,0.01198277218568121,13,7
5.443027866793849e-05,0.007595128033019804,0.006826827642715886,189.17389965057373,0.007838132693716263,0.8673334121704102,0.0025598942216711403,1.1460113525390625,0.11727481590851843,1.4620866775512695,0.11256691948856823,0.05718827247619629,0.0114371865471992,14,7
0.00010843473632820753,0.004348713412451873,0.004826587507283406,183.13689851760864,0.0010389041460414342,1.4192497730255127,0.00087959939676292,1.7672486305236816,0.12718267416206877,1.1054737567901611,0.14653993019743972,0.08829212188720703,0.015711182591631033,15,7
0.00024577371917600864,0.008245557082291495,0.006993062890553357,162.80046725273132,0.006557123616881544,0.9512479305267334,0.001057187479345075,1.2346105575561523,0.1495234146634253,0.7962627410888672,0.34697360498552343,0.06491255760192871,0.05702433938230779,16,7
0.0005256348940550603,0.0030664581807679464,0.004014407032622905,175.18422722816467,0.002829697077371803,1.1918702125549316,0.0008340180984908111,1.7145946025848389,0.06245961801011153,0.7872047424316406,0.1718418774875875,0.08805966377258301,0.018078666618261227,17,7
7.901617085686782e-05,0.0034022600564127536,0.0070773409503630995,107.51655769348145,0.0037649938510905916,1.587057113647461,0.0011034767468322364,1.8201777935028076,0.10965740795380038,1.1843488216400146,0.2032503246671554,0.08916115760803223,0.020992459815976406,18,7
4.21958756167573e-05,0.008311083472892023,0.002818432545708761,174.1907377243042,0.010211071610585083,1.2008466720581055,0.0011019101369680762,1.4762625694274902,0.04510373711032702,0.5265040397644043,0.18177973858464477,0.0854940414428711,0.009432672716403289,19,7
6.25613545720031e-05,0.004647425673557404,0.0061644616209782935,171.1484341621399,0.003380498770833817,1.0964038372039795,0.0009337107515177134,1.6823041439056396,0.05758831544093242,0.926708459854126,0.2930008820419002,0.06669068336486816,0.0077775021677173916,20,7
8.620222123499517e-05,0.007631588271082427,0.008990323576433855,103.82002091407776,0.0014510572782701217,1.050074577331543,0.0014510572782701217,1.3516461849212646,0.043259761106797266,0.7178192138671875,0.3474248854090006,0.07875490188598633,0.02168068737564584,21,7
0.00019491122461531653,0.007337623146668844,0.004181479604540947,153.33449268341064,0.0014819064908814536,1.156592607498169,0.0011540601833909554,1.6029610633850098,0.0826476370176505,0.6586189270019531,0.30958715135949333,0.07333946228027344,0.012238983500821242,22,7
4.9794738471901445e-05,0.0067597410832076635,0.007321506829131888,93.50726771354675,0.0062279267681374295,1.0302700996398926,0.0006390593113575039,1.363551139831543,0.05072839607493519,1.0204999446868896,0.1429905159250596,0.07681441307067871,0.008732612385853116,23,7
0.015361613562771482,0.006668390897503447,0.0066497485622531195,155.94586968421936,0.004582730970173535,1.5470936298370361,0.0004987889463087406,2.2920641899108887,0.14830658842948646,0.579054594039917,0.17638233660539004,0.09923982620239258,0.010461645779233763,24,7
0.0001469840250311346,0.0014961517503548905,0.01079861170873316,140.2710964679718,0.001730986741816517,1.2876560688018799,0.0008751364403249083,1.4221272468566895,0.03204810219674139,0.7391157150268555,0.17296213192313192,0.09469795227050781,0.02978285670819523,25,7
6.880932646790387e-05,0.002663565082545727,0.002680234512954576,95.3613829612732,0.014147777757618834,1.1637332439422607,0.0017427579324947207,1.3410680294036865,0.09895389657771772,0.5180845260620117,0.21204237962154454,0.06990694999694824,0.019685260509547598,26,7
8.391224168919168e-05,0.0013981053570841636,0.0036895032596949476,155.48298358917236,0.0027502768516344477,1.6284599304199219,0.0006701839798182471,2.040555238723755,0.06001830701333716,1.034947156906128,0.16691631273804225,0.09182286262512207,0.028175258230207556,27,7
8.177115218206408e-05,0.0019864220243863253,0.00658786981196316,156.1587677001953,0.001243700029739103,1.6989867687225342,0.0011376276961862536,2.3251590728759766,0.05922651085324704,1.0543456077575684,0.1907294859571535,0.08886003494262695,0.015491411450347345,28,7
7.761180719503268e-05,0.002738467341772033,0.0012161443390832267,160.230966091156,0.0012201548902241936,1.6903855800628662,0.0008807111196860839,2.408271312713623,0.058460443656035546,1.31011962890625,0.37663838851867026,0.1826014518737793,0.020265991071669976,29,7
0.00015678539143678302,0.004913914325728127,0.0015772089758318583,170.2700550556183,0.003578841371577919,1.4366984367370605,0.0012930737203766512,1.8287568092346191,0.112734271841934,1.6135857105255127,0.32369299893540504,0.0966336727142334,0.014593275405078456,0,8
3.8095512588354195e-05,0.0029691527154779964,0.003882104420719233,131.2427363395691,0.0008081629431181181,1.3162376880645752,0.000737338222539378,1.72688627243042,0.037626226487319635,0.8199701309204102,0.24289045904050105,0.0902862548828125,0.011773714394652616,1,8
5.6183340661804715e-05,0.006306776382165887,0.0048038071418016375,86.55063796043396,0.004721923153692582,1.112597942352295,0.0015077808717392023,1.5497851371765137,0.10388076802994303,1.0966103076934814,0.1997480492831702,0.09977507591247559,0.011236124676228181,2,8
4.302869403448965e-05,0.004885490935166311,0.0029538008170582886,172.58584356307983,0.0018621260464340168,1.5052309036254883,0.0006367993854891951,1.9413130283355713,0.017955314369157035,0.6393036842346191,0.2986839202235104,0.1826479434967041,0.008633579278466499,3,8
6.770219155179576e-05,0.006452275589966808,0.0028493453167039865,109.41442465782166,0.003342258286559526,1.5619559288024902,0.00301060695651804,2.024540901184082,0.052978788895635696,1.253387451171875,0.33341523446799176,0.10401368141174316,0.0205400553676092,4,8
0.00014515568102769404,0.004385957444556402,0.007664793342533245,194.4228391647339,0.0015550393769645954,1.92275071144104,0.0009559297683252588,2.508129358291626,0.0338558706074462,1.6170287132263184,0.1837331231613566,0.11972475051879883,0.014002411403421474,5,8
0.016057085629187652,0.006630818558522092,0.003938732384113658,169.51501774787903,0.00549648420851258,0.9402008056640625,0.0017786652314170683,1.579791784286499,0.11307216707668193,0.9451100826263428,0.3674453406169713,0.07277941703796387,0.0175507305537594,6,8
0.0176919802746312,0.008662790898233711,0.007071938867659565,194.40662932395935,0.005473705468502647,1.164961576461792,0.001089498607566434,1.7362148761749268,0.06598541453497118,1.4190490245819092,0.2718678543977967,0.12925434112548828,0.009151337201087338,7,8
0.002631970486915732,0.005381495621120979,0.0041161184136371135,200.58708357810974,0.0005805426013160881,1.808105230331421,0.0005805426013160881,2.355375289916992,0.0253480614673689,1.2167954444885254,0.02815155933698163,0.12337756156921387,0.021664791790581676,8,8
5.127396957381366e-05,0.0043742823039059076,0.005173241978105177,119.88025116920471,0.0012617301509586436,1.489396333694458,0.0005931496730700555,1.9992871284484863,0.046753674467176175,1.1353785991668701,0.2789841609431847,0.1124875545501709,0.0159678732605339,9,8
9.723000972006921e-05,0.010661452869229482,0.0019510534193818625,174.2735891342163,0.0026874492486626505,1.7782034873962402,0.0014798892190340733,2.1636836528778076,0.10357338172916378,0.9440248012542725,0.4364448181824243,0.08331632614135742,0.014561270566219142,10,8
0.0013786814151699983,0.0022585955094916936,0.006870523948313408,192.75791764259338,0.003811074631466289,1.590644121170044,0.0013074902168542272,1.9453279972076416,0.03948760821111873,1.1458547115325928,0.19817913184738029,0.10413908958435059,0.012687498265713294,11,8
0.00025483055411294287,0.002272707346560991,0.005803248342256401,168.02504444122314,0.0013822579566728683,1.3774008750915527,0.0008948115998428597,1.827960729598999,0.017188317125549836,1.1259455680847168,0.07929172019634925,0.09770846366882324,0.01220164106006747,12,8
5.632580333466326e-05,0.005777566360167027,0.008713241293881492,173.66123747825623,0.002287383306411769,1.4510104656219482,0.0005825519306520718,1.9189856052398682,0.0277599303469373,0.6907711029052734,0.1959351143944233,0.09919548034667969,0.009528286809608674,13,8
0.03929484079597,0.0038478698529017014,0.006078305782685834,154.20234322547913,0.001427522170581641,1.3127989768981934,0.0005228291775089063,1.8434312343597412,0.029319989198486558,1.122969627380371,0.1276931838197784,0.09748983383178711,0.01359392951310486,14,8
4.994699470536693e-05,0.0038585681007455483,0.009087077708076074,94.09776616096497,0.008580191522245524,0.9881131649017334,0.0008260898629642782,1.51835036277771,0.1618270428824688,1.074432134628296,0.2141440319652776,0.11336541175842285,0.008657087587635467,15,8
0.0010070395832792861,0.0038609863522821365,0.009216194562210291,178.33864068984985,0.0012339969167125544,1.3660192489624023,0.0014837141554417065,1.7795610427856445,0.1407383496726835,1.3719367980957031,0.2310305589715227,0.1151280403137207,0.014763106416090844,16,8
7.947504578651455e-05,0.005640045824062116,0.004864324059286251,138.18465042114258,0.0018612845293621988,1.8196306228637695,0.00046236566220545503,2.2682454586029053,0.08696580760955902,1.2181518077850342,0.474455544249751,0.1288135051727295,0.022661956673354477,17,8
3.426528460430678e-05,0.0063041254441284465,0.00340677189051171,184.03992772102356,0.0021109416408490915,1.2957966327667236,0.000566060940245583,1.9014756679534912,0.14089765296324558,1.6927263736724854,0.3739836847463756,0.1308591365814209,0.014869574057981113,18,8
4.856815588583826e-05,0.003971606563560037,0.007204319959976365,162.86253809928894,0.0008488576797852124,1.3583214282989502,0.0007313240144314633,1.7116773128509521,0.017544081964419672,1.4610893726348877,0.20679254409819672,0.11186909675598145,0.007590166649376381,19,8
2.4299363525555804e-05,0.004855545828087671,0.005745065710069819,81.00099349021912,0.003548218957098662,1.2245497703552246,0.0008486918560613715,1.702042579650879,0.01998088831929125,0.8475446701049805,0.21174215796180124,0.11644864082336426,0.01346514142802951,20,8
0.00011278816172901606,0.004866458765671193,0.005488131145579407,183.54466485977173,0.005692667010624845,1.948585033416748,0.0025312890122271303,2.5058441162109375,0.08648064041361511,1.266345739364624,0.2879723573838046,0.16565394401550293,0.03292948546646754,21,8
3.1957271922422593e-05,0.01109901286102882,0.0044897994003818865,107.66528153419495,0.0014038599439078518,1.2925529479980469,0.0005051485535961279,1.773057460784912,0.027147610671236888,0.5451076030731201,0.15080212523906286,0.08797025680541992,0.009275815851965907,22,8
7.358236019299192e-05,0.009576865783223691,0.0016332965986411263,175.69182085990906,0.0023079618592919326,1.3868329524993896,0.0003906162896667898,1.8200790882110596,0.01861277444809862,0.9410660266876221,0.20086286037640683,0.09821915626525879,0.012231570298843118,23,8
3.318579451277633e-05,0.00538657857962083,0.003156534286809244,96.55871081352234,0.0012658863241710246,1.7236979007720947,0.0005592310878100933,2.141308307647705,0.053382639110239695,0.9329431056976318,0.29831238989030007,0.1266632080078125,0.008052829992592752,24,8
0.00020322117367011687,0.006009966098537886,0.0019369924845581948,125.23162341117859,0.0011009778969063892,1.4511237144470215,0.0011009778969063892,2.032747745513916,0.0282051247014539,0.7838358879089355,0.14774517394200495,0.11429452896118164,0.018657461088816097,25,8
5.098298923813527e-05,0.002444729657603724,0.0024882834219348005,124.03913116455078,0.008350635628608716,1.8028132915496826,0.0008157969783256485,2.088383913040161,0.13062953407865752,1.3051784038543701,0.13724265410116457,0.09980630874633789,0.014008517762772227,26,8
6.370267574576557e-05,0.00468524686203482,0.007652298627223153,162.44282293319702,0.005584291240208183,1.5029857158660889,0.0006983417717956039,2.021109104156494,0.10858802187469412,1.2195608615875244,0.1959731962171673,0.11719822883605957,0.04330321742614317,27,8
3.8537162159579805e-05,0.009001590361025703,0.010601161430714224,129.38274478912354,0.010074388143384483,1.4882493019104004,0.001631559597404486,1.9432721138000488,0.09292599788660902,1.4300537109375,0.38296545218352157,0.14241480827331543,0.01771854545796859,28,8
6.87391785935206e-05,0.008154712854704371,0.005733127368178134,119.25346684455872,0.004065901376615147,1.1079633235931396,0.0014923309802829779,1.5681214332580566,0.10266257580467734,0.882439374923706,0.4218495462352319,0.06564068794250488,0.02021853752633158,29,8
0.0002254699905919866,0.008671051773319208,0.002452674072696883,196.7648057937622,0.0002885647498416096,1.863656759262085,0.0003000957335973646,2.3359498977661133,0.021887616113067127,1.5105831623077393,0.05872772844586075,0.11530399322509766,0.015080346939562252,0,9
0.00012040972982364137,0.005247457551067036,0.002660462635485589,163.70556807518005,0.00041550847786483064,2.2534215450286865,0.0004112782313249186,2.8902626037597656,0.014071423140105482,1.3388264179229736,0.3433003651149616,0.09088587760925293,0.013229246622827349,1,9
7.675113428526892e-05,0.004556104399121589,0.0026627069112355535,188.00833821296692,0.0013586258499007334,1.3324689865112305,0.0011717092717222397,1.9009087085723877,0.03743104104794537,1.111703634262085,0.14966796253188047,0.08163022994995117,0.020154055044230165,2,9
8.824827204287159e-05,0.010297844360756307,0.004393965512305531,195.33837938308716,0.0043501874850723436,1.173980474472046,0.0015550796892880821,1.7363758087158203,0.08827485909246884,0.6235520839691162,0.3650249346716603,0.09448552131652832,0.008320967848102441,3,9
0.0001128386563013321,0.010163684490161095,0.003380083571343582,193.35719108581543,0.0019506042769371773,1.2042574882507324,0.001246593756395235,1.5439770221710205,0.07707958391244131,0.5180344581604004,0.35587867346097235,0.08835649490356445,0.018970552612161615,4,9
4.958724418972309e-05,0.007320954048901532,0.008234933751799905,157.56172370910645,0.00901532705416331,1.2740204334259033,0.0017864115450135776,1.8397765159606934,0.2785482733673977,3.039480447769165,0.23217350655644725,0.07117724418640137,0.014076742979133656,5,9
0.0013425732572146815,0.009484974179697165,0.004383659744322307,196.59717655181885,0.00320960802500551,1.6755099296569824,0.0003759011438840313,2.0829825401306152,0.15443507630116932,2.1697397232055664,0.16412098726094798,0.15747690200805664,0.007581564083088047,6,9
0.000130398612851416,0.0035975045540386514,0.0027336651465207067,120.48080325126648,0.0005751816903613853,1.3282794952392578,0.0004467045033201758,1.8142914772033691,0.019137376654184565,0.6718287467956543,0.1598623797044318,0.10773491859436035,0.010417644593592965,7,9
5.7766849542180875e-05,0.009467929637376925,0.0040552832281558985,124.83081603050232,0.004199630452272785,1.4837989807128906,0.0006504286307580894,1.844362497329712,0.019219358469165625,1.2068357467651367,0.11752593033698847,0.08347535133361816,0.015546786517808964,8,9
8.66503002476445e-05,0.004584296871408652,0.005457749519043381,185.63322734832764,0.0018603790640573602,1.1995797157287598,0.0012444651570455711,1.6399130821228027,0.038140396852471545,0.9023046493530273,0.2846551622492278,0.08094525337219238,0.010359287177007256,9,9
0.0014338180106769902,0.004372065597187783,0.003517499941236822,173.8553454875946,0.003763343585845913,1.0681509971618652,0.0009665125971666097,1.6127862930297852,0.08166404615648218,0.813673734664917,0.281730289526669,0.05681562423706055,0.008063504685466395,10,9
5.5321182118550635e-05,0.007441422198521242,0.0048140669362620545,182.0332932472229,0.0021211251117128293,1.580265760421753,0.0007893860998323454,2.1197140216827393,0.014192663296284191,0.8889830112457275,0.18473749150993932,0.06945133209228516,0.008807424852323886,11,9
9.54360340009656e-05,0.0066070100258956545,0.0039571648688025,182.49114322662354,0.0020670712166922364,1.2978153228759766,0.0008523362425296203,1.8238601684570312,0.017008877861423948,0.7207026481628418,0.06082533877118233,0.06488251686096191,0.01182766168240197,12,9
5.2663928830091555e-05,0.00942705590829318,0.004275726043366316,134.59250116348267,0.001685703724674714,1.3650743961334229,0.000699442561112636,1.895270824432373,0.03698827528018253,0.7645776271820068,0.33334042011696335,0.06810331344604492,0.009573406165331852,13,9
0.02203764058589427,0.0051119066234659154,0.005408278684269021,151.95445823669434,0.005068797435244769,0.7876262664794922,0.000650244151495601,1.622880458831787,0.12543319363750505,0.6168398857116699,0.3729863516207582,0.06385231018066406,0.01174871793770806,14,9
5.9669635885217787e-05,0.007943808836455447,0.008610812635790376,108.00722122192383,0.0016755874255740028,1.1147749423980713,0.001028242986900104,1.6355409622192383,0.05140921456259392,0.6637365818023682,0.38236623169304557,0.0909585952758789,0.01289207920341089,15,9
9.16038162864267e-05,0.004485122163052679,0.006923604975163615,167.44154167175293,0.0011541748106231801,1.713521957397461,0.0009836621425235522,2.3026275634765625,0.032385428465493894,0.6183502674102783,0.1584332977595631,0.07314252853393555,0.01907057075285518,16,9
5.0955517651840585e-05,0.0056511077760384625,0.007622986871904764,124.96681046485901,0.004926595728866623,1.2910399436950684,0.001010301838432796,1.8204295635223389,0.03515526622205529,0.7218334674835205,0.15509322110287221,0.06586861610412598,0.02079568096502164,17,9
7.00746432059048e-05,0.005772388521200345,0.005764187691044659,132.31301546096802,0.0034727435703884113,1.1950032711029053,0.0008104131365758086,1.6756312847137451,0.14045005125949256,0.6188740730285645,0.3990589582069308,0.08721303939819336,0.00922647273227022,18,9
0.03208071065381402,0.0072192930851042725,0.009968737348469222,115.32888293266296,0.0007095073464117234,1.114067792892456,0.0007105209907933766,1.5617012977600098,0.041589851125026424,0.8412091732025146,0.06047034856763014,0.062413930892944336,0.009149712931555523,19,9
0.0005149761527789565,0.005561390106896743,0.006915332932538502,130.1847653388977,0.001291573827754037,1.4777510166168213,0.00046847979815763574,1.9610331058502197,0.01830033234571094,0.9672036170959473,0.17443990566977746,0.07135510444641113,0.006764729224571822,20,9
7.42306708344816e-05,0.003085124645977751,0.004368103000457646,101.55511808395386,0.00375392795299329,1.1716630458831787,0.001374268488153585,1.783989429473877,0.11884911048355692,1.3287651538848877,0.17155691041617532,0.07264232635498047,0.033653593545830106,21,9
0.000881686526662695,0.0034371011557298675,0.006461162223675465,136.27940702438354,0.000836078012586472,1.3375003337860107,0.000836078012586472,1.831925630569458,0.019377109831298887,0.9471025466918945,0.03765144987732143,0.07793307304382324,0.011179583832410111,22,9
9.463095081348646e-05,0.006668784264711469,0.00289439946716198,72.2331006526947,0.0006410045492128535,1.5724544525146484,0.0006168876248274557,2.237987995147705,0.01929180156958039,1.097823143005371,0.03098876964860216,0.08153867721557617,0.01117279441153373,23,9
0.00023198009451868003,0.005422817862464354,0.008982577829248762,126.12980771064758,0.004169042040354154,0.9628312587738037,0.001536116118540365,1.337660789489746,0.058977183295570765,0.6240370273590088,0.20247081712380882,0.053186655044555664,0.012580565064130491,24,9
0.0010942392323084029,0.004231125072109491,0.004789877157601463,118.55578279495239,0.0008052222165186862,1.6043412685394287,0.0007044405871427332,2.2574896812438965,0.061421860975638676,0.9228665828704834,0.11184798144823746,0.09429264068603516,0.013638532272099643,25,9
5.745301554879548e-05,0.005596680634752508,0.0033103083427413536,96.94961929321289,0.0014563538160125753,1.0649797916412354,0.0010181928574489222,1.5782873630523682,0.034119792874505214,0.5341236591339111,0.1633676600379526,0.06326723098754883,0.01244920092316435,26,9
5.714556169131856e-05,0.0032251406033765306,0.008343889239668922,86.51999235153198,0.0017348238802200305,1.3904600143432617,0.0004443181251709394,1.9183242321014404,0.03798717734315557,0.647707462310791,0.21592800500063797,0.056795358657836914,0.025146793332498134,27,9
4.5202099267364435e-05,0.0022275154855999624,0.0066480335802806345,73.00258231163025,0.0009066146954089954,1.247164011001587,0.0008362470237382568,1.8246066570281982,0.029651969210991967,1.112130880355835,0.06202966766455055,0.0676271915435791,0.01603006069447658,28,9
8.121049501182606e-05,0.008786438262487787,0.00466342790605497,115.41870498657227,0.001067069010543187,1.2160961627960205,0.0009938500140206068,1.6799964904785156,0.02567438407494877,0.6116514205932617,0.054807537472251755,0.06951117515563965,0.02422699999882793,29,9
0.0003718325173730793,0.006438964281618068,0.003199178424702103,130.83667039871216,0.004570426962085782,1.286968469619751,0.0005150509433598922,1.8913962841033936,0.03683492249893864,0.6031572818756104,0.28567046377758165,0.08203125,0.01125919951720089,0,10
6.881313980429866e-05,0.0023781383322908135,0.005590422378266285,61.027324199676514,0.005264295939829925,1.1537282466888428,0.0005804631559797712,1.6768746376037598,0.0626157197262431,1.2283058166503906,0.32066968691381137,0.06300997734069824,0.01955849458413425,1,10
0.00014944343347237008,0.00925230148018974,0.005447590793597007,61.130547523498535,0.008654892100211285,1.4790692329406738,0.0011761177331852815,1.9608917236328125,0.0721940781203695,1.5701286792755127,0.29936831825730514,0.06478047370910645,0.018396920372907265,2,10
4.356058579542132e-05,0.004636869472294987,0.004996939490737568,111.62799048423767,0.008299799084454995,1.0349609851837158,0.0010339901250253118,1.9186160564422607,0.07198447544741343,1.2396605014801025,0.41322159403674047,0.07555508613586426,0.007719226867508144,3,10
0.0001822648705420926,0.0033429862579618624,0.007921481135144771,110.92997884750366,0.0026736251664183064,1.4010097980499268,0.0009023822911628399,1.9597737789154053,0.045637032400161044,0.931549072265625,0.2597608135149155,0.08951878547668457,0.01757008625247044,4,10
5.8992166243476694e-05,0.0035804297264175372,0.003477370083949402,64.88941764831543,0.013476515161851318,1.5251531600952148,0.0011423712900096546,2.091963529586792,0.05795229099410328,1.1907649040222168,0.08518567332741407,0.08759450912475586,0.01571874801473432,5,10
3.191822508152864e-05,0.003015665529244475,0.002233644524303539,129.31466794013977,0.0013253996819582983,1.5638172626495361,0.0007066331368664228,2.121764898300171,0.11068845722531322,1.077444314956665,0.3358735470848391,0.07422661781311035,0.00935183222707629,6,10
4.8544029206480186e-05,0.00915061790634164,0.008688358295863985,104.58915615081787,0.00043780841059618914,1.4575355052947998,0.0002644312290699317,2.1097500324249268,0.02793982887956268,0.7784409523010254,0.09558972243910217,0.06672787666320801,0.011056876494824792,7,10
0.00016494443989065744,0.007950281206909496,0.005601817108151586,109.14576387405396,0.0012240638542285593,1.5655333995819092,0.0005834613910139805,2.2295594215393066,0.022949184100455603,1.049839973449707,0.3881072397295866,0.06286382675170898,0.009020049427048031,8,10
8.070045953627592e-05,0.005197306422292503,0.004310614995607042,109.67629623413086,0.0059477909618696435,1.1708168983459473,0.001446791019779951,1.6130166053771973,0.041758661131836614,1.0725843906402588,0.14968346739250357,0.05919289588928223,0.010436563273259725,9,10
6.913630698031082e-05,0.004584983047958898,0.003829746205604893,86.63073134422302,0.004699491578976052,1.3147053718566895,0.0012964377004683373,1.822587251663208,0.04768180079667901,0.9967525005340576,0.2048480007730463,0.08398771286010742,0.01202584845347637,10,10
3.9131427934043414e-05,0.005722817134711041,0.00752120765017541,81.1300196647644,0.0037061886823736233,1.4886822700500488,0.0007665334900281096,2.0461180210113525,0.02090306940972226,0.8744916915893555,0.26696827236167187,0.05637550354003906,0.012282514566121535,11,10
7.712964026618992e-05,0.00913208011865055,0.006180205340098739,56.572855949401855,0.0027685717895831333,1.1824355125427246,0.0012287058399745644,1.5436878204345703,0.049273177648973064,0.6902406215667725,0.21281738812132076,0.04864025115966797,0.010784510961934838,12,10
6.929600650718755e-05,0.002908734786870356,0.00402268816265372,65.81232786178589,0.0007538942929371443,1.2639145851135254,0.0009279115595017892,1.8033673763275146,0.021022093422270856,0.6455869674682617,0.5499028988716474,0.06469368934631348,0.009751605049590465,13,10
0.00011318184766218042,0.011629514365233037,0.009541895801144248,134.7359435558319,0.014747427185335088,1.156369924545288,0.0011304876624105434,1.53157377243042,0.08621454362769797,1.1391305923461914,0.3334902223347075,0.07241582870483398,0.013419606903928183,14,10
4.918302571009411e-05,0.01095718273222562,0.007994746011370372,92.26168274879456,0.0057306997808830975,1.337580919265747,0.0008160356058108129,1.8833825588226318,0.16657875341913278,0.7134356498718262,0.35694060116298065,0.075347900390625,0.01149455895800663,15,10
0.011074789238943552,0.004254420600204067,0.009703377263489002,141.50564861297607,0.012498723202902611,1.2046620845794678,0.0017073068834610127,1.837440013885498,0.2529146883401018,1.2400805950164795,0.5454199855492349,0.0693349838256836,0.01902753330566599,16,10
0.00010738307171952825,0.0060921021703561765,0.0020669765382672744,124.37910485267639,0.0005084657757050766,1.3255932331085205,0.0005379461066536972,2.0158939361572266,0.03436517372645461,0.7205908298492432,0.054852412092865954,0.06503725051879883,0.015977165539204637,17,10
4.9714751157063185e-05,0.004765330128277068,0.005096417999433673,100.67489099502563,0.004950162614063292,2.28747820854187,0.0010019869067985428,3.1966888904571533,0.03498146957485612,1.1254844665527344,0.27042643761272006,0.08004450798034668,0.011761726884772861,18,10
9.292004727585733e-05,0.004592805442152444,0.0013385353191583923,88.70355200767517,0.0007035418053496685,1.67741060256958,0.000370977249895225,2.47575044631958,0.030587873270249345,1.1327171325683594,0.4604195618619237,0.08004260063171387,0.008573036513000683,19,10
9.037550339234812e-05,0.009028133650652078,0.004994498045111118,115.1260015964508,0.0008029131545491081,1.2811846733093262,0.0006272469362872253,2.104757308959961,0.031815164223238275,0.6329841613769531,0.11837024662226425,0.07609295845031738,0.009276712597794879,20,10
0.00012930356335929535,0.0065134632033315935,0.0038939942991489092,81.94422698020935,0.0032192212281219046,1.2513675689697266,0.001554118886067927,1.6939797401428223,0.03369956609091533,1.0346057415008545,0.22953208717968274,0.06646275520324707,0.02209052507570184,21,10
5.829313758715464e-05,0.002881297588544207,0.002696773844230473,92.00622415542603,0.0011808996760193462,1.214308738708496,0.001142503860401097,1.6502575874328613,0.10284487522006011,1.104207992553711,0.23390313000116128,0.0698094367980957,0.012263552094346701,22,10
0.00016818580824709737,0.008458885160117013,0.005891152888113162,89.47419500350952,0.0017067785528992608,1.3773727416992188,0.0008915374905926015,1.7878353595733643,0.024106433438918082,1.0011203289031982,0.10108339265754199,0.0700218677520752,0.012359298838829543,23,10
5.318543162994664e-05,0.006938706958173668,0.005965060975546694,106.27871227264404,0.0010553002385755776,1.0978765487670898,0.0003868644709187796,1.525212287902832,0.022623576081750935,0.8446683883666992,0.1475462844163399,0.07750558853149414,0.007747198894155367,24,10
9.060823277210843e-05,0.0036858710876046825,0.0055680387130904035,94.26556777954102,0.005252840187254796,1.06215238571167,0.001164179619129313,1.5252277851104736,0.0683556075763711,0.6453776359558105,0.15784529833126276,0.0723867416381836,0.014199148527099897,25,10
0.0002095060528715405,0.008122624134735428,0.005508073485667172,120.24446225166321,0.0014443428450911621,0.9874253273010254,0.000741389927501849,1.7343666553497314,0.10243045717157415,0.6082539558410645,0.22973624475661145,0.05322575569152832,0.012401647473886977,26,10
4.935433854806881e-05,0.004612560824737955,0.004828533341996986,63.031073808670044,0.0008284400345083636,1.4456567764282227,0.0008284400345083636,2.0548198223114014,0.009971497106515199,0.838951587677002,0.11456431652048941,0.08143925666809082,0.012062085791955144,27,10
3.013155449322902e-05,0.010511337728262996,0.007709158987350704,67.16878128051758,0.0012381858807420341,1.483501672744751,0.0012968737270830772,2.0619630813598633,0.03545788613839805,0.8881986141204834,0.29471511208121925,0.06185102462768555,0.01128420999206295,28,10
0.00010602663224496361,0.008399733255310042,0.004515115480509734,117.0978741645813,0.0005588751315333947,1.391343116760254,0.0005691701557916466,1.9222779273986816,0.009827416168933035,0.692943811416626,0.41092368608774005,0.062188148498535156,0.018226693388349667,29,10
