Amari LBFGSB,Dilations error LBFGSB,Shifts error LBFGSB,Time LBFGSB,Amari MVICAD,Time MVICAD,Amari MVICAD ext,Time MVICAD ext,Amari permica,random_state,W_scale
0.1731368181488398,0.02721762526893,0.0192925178647262,76.99129891395569,0.0050780891102453,0.6331439018249512,0.0014656312692619,0.9505178928375244,0.0287549589144198,0,0.25
0.0478770414429757,0.0281493383866988,0.032648560613566,75.92216491699219,0.0105343908408241,0.5210106372833252,0.0015909517767345,0.7458961009979248,0.0311551529086739,1,0.25
0.1125960281749306,0.0271939179060142,0.0273560017079131,76.94566583633423,0.0014130513927407,0.8678221702575684,0.0011319403051659,1.0666797161102295,0.0104427870430715,2,0.25
0.1478895575475201,0.0381564109615254,0.035735383694205,75.47924971580505,0.0102522455581574,0.6674652099609375,0.0034034168184281,0.7947821617126465,0.0156110165987744,3,0.25
0.0485130012278527,0.0287740662979084,0.0162652691352352,74.994784116745,0.0054175726811013,0.5531394481658936,0.0019691202606937,0.8840692043304443,0.0110548807243937,4,0.25
0.1251934086151453,0.0173309847574502,0.0181768794149421,74.85347986221313,0.0021233381268569,0.7876973152160645,0.001682119474977,1.182969331741333,0.0233704686028102,5,0.25
0.0480586516377581,0.0133074383086656,0.0066132620746345,74.75233054161072,0.0025436922426546,0.8211946487426758,0.0006415458083067,1.246591329574585,0.0180984403163821,6,0.25
0.1439441930590394,0.0326206516744037,0.0336846571805692,75.3289783000946,0.005102863190575,0.5107324123382568,0.0014300133103451,1.0326635837554932,0.0184812933998346,7,0.25
0.0801106555247244,0.0495478452467329,0.0718384936864798,77.56173062324524,0.0125416781901671,0.6291062831878662,0.0014933804898418,0.8653569221496582,0.0992898915479891,8,0.25
0.0826400083031981,0.0160640587258607,0.0087593183056027,77.11646389961243,0.0041022165397906,0.5608203411102295,0.0011968574639314,0.8242313861846924,0.0120745867240835,9,0.25
0.0561942467465987,0.0416784818834051,0.0557540854635783,79.21877574920654,0.0005985359180455,0.7937216758728027,0.0004651134575382,0.8958184719085693,0.0149290920910158,10,0.25
0.1727027004841998,0.0675734637797838,0.0703263527030303,78.4529185295105,0.0021092024332564,0.7407324314117432,0.0013395691256456,0.9897441864013672,0.0179912834451602,11,0.25
0.2932798398016024,0.0718674314908936,0.0960145146512974,79.23190784454346,0.0062314365683302,0.7095489501953125,0.0008756037942837,1.1194496154785156,0.016153641426098,12,0.25
0.2655494353968003,0.028282215121749,0.029767694588078,76.13070702552795,0.0014478822195333,0.6925656795501709,0.0018799473842471,1.0135467052459717,0.0279176978143176,13,0.25
0.0580242167528578,0.0127648530556338,0.0220723100536847,77.34640836715698,0.0116911610274362,0.6047680377960205,0.0032120609223062,0.7245244979858398,0.0775445341412074,14,0.25
0.2539608633064852,0.0208400161976354,0.0258323920714955,75.72150158882141,0.0016747112877893,0.5832412242889404,0.0007281347245674,0.7909674644470215,0.011351806413412,15,0.25
0.2039042634231866,0.081104766405678,0.1052434503350875,76.49767661094666,0.0011090794575928,0.7118258476257324,0.0011091594625044,1.039856195449829,0.0321523148686594,16,0.25
0.1376829106867763,0.0273049765523751,0.0447222103523418,75.96771836280823,0.0009553435946648,0.7102811336517334,0.001167555304243,0.7724018096923828,0.0222333582712066,17,0.25
0.0415031575983829,0.0125318404928956,0.0049659533981965,73.32643818855286,0.0011374730077801,0.6568624973297119,0.0013263557670808,0.7868633270263672,0.0212390371255796,18,0.25
0.0305235525176548,0.0095734457951134,0.0128357987519204,74.44688653945923,0.0035370806510036,0.6021549701690674,0.0015315200646123,0.7312276363372803,0.011906667710423,19,0.25
0.024010516954248,0.0543047417279018,0.0380794556447937,80.49095940589905,0.0018954032391176,0.7644295692443848,0.0010260785984416,1.0442616939544678,0.0114049124665173,20,0.25
0.1958397694278735,0.0800264892876851,0.0874176406520419,81.44646620750427,0.0017952588193334,0.7380416393280029,0.0008742015799045,1.166205644607544,0.0127725387299707,21,0.25
0.2710221539848266,0.0126892574168466,0.0118340239106711,81.05737376213074,0.0024928203463413,0.7575485706329346,0.0007185179945221,1.1476733684539795,0.0210017733768891,22,0.25
0.1391955994071362,0.0099720641868984,0.0106614294323498,80.46332788467407,0.0013350207007016,1.0967700481414795,0.0013360656226378,1.3385858535766602,0.0156094713304883,23,0.25
0.0679986443625801,0.0432952465056927,0.0403754978412968,73.1243577003479,0.0055080200388054,0.6734461784362793,0.0007329935094106,0.9840030670166016,0.0065412790208227,24,0.25
0.0831587137539546,0.0064416198198195,0.0129089838436877,74.29040622711182,0.0159578855446049,0.6777186393737793,0.0013571971973024,0.8739118576049805,0.0399204518853413,25,0.25
0.1157971196728653,0.0171853848840992,0.0102584886008796,74.20148611068726,0.0056439685450368,1.0504610538482666,0.0011745626663015,1.2135536670684814,0.0218045048105372,26,0.25
0.0900557600666685,0.1510567990218698,0.1693084827152352,75.02728629112244,0.0103986823693051,0.6340653896331787,0.001346542939383,0.9700992107391356,0.078327394720674,27,0.25
0.0461588920684169,0.0106747303960213,0.0107485702550007,75.21630001068115,0.0017715226612866,0.8578376770019531,0.0018819336954697,1.345651149749756,0.0217556216619576,28,0.25
0.0075520888207455,0.0055419471375787,0.0076667684849708,75.5377414226532,0.0026426614455638,0.591437816619873,0.0007863005588118,0.7818179130554199,0.0188570312545715,29,0.25
0.0959822177691928,0.025166264316414,0.0189566495108524,79.48202395439148,0.0050780891102453,0.6197772026062012,0.0014656312692619,0.8116812705993652,0.0287549589144198,0,0.5
0.0180715598214946,0.0123147931440239,0.0142094127264604,74.51886701583862,0.0105343908408241,0.4538769721984863,0.0015909517767345,0.7337899208068848,0.0311551529086739,1,0.5
0.0638557533159942,0.0154965611976111,0.0069449266095326,73.85377740859985,0.0014130513927407,0.7244124412536621,0.0011319403051659,0.9500415325164796,0.0104427870430715,2,0.5
0.175310215298273,0.0322017964566304,0.0290101181877559,73.12038683891296,0.0102522455581574,0.792168140411377,0.0034034168184281,1.0531940460205078,0.0156110165987744,3,0.5
0.0212279639162563,0.0253042761377625,0.0137950643274216,75.76855802536011,0.0054175726811013,0.6149454116821289,0.0019691202606937,0.98630952835083,0.0110548807243937,4,0.5
0.0765572586486581,0.0129996739638311,0.0075114612530251,73.35956621170044,0.0021233381268569,0.9772217273712158,0.001682119474977,1.2403662204742432,0.0233704686028102,5,0.5
0.00986238598223,0.010566657878482,0.0089539659892244,75.88265347480774,0.0025436922426546,0.9819042682647704,0.0006415458083067,1.3179152011871338,0.0180984403163821,6,0.5
0.0240971765993442,0.0107780903058963,0.0194038536592938,76.2018256187439,0.005102863190575,0.4919450283050537,0.0014300133103451,0.930260181427002,0.0184812933998346,7,0.5
0.0275591438487668,0.0304288249375368,0.0547897599566017,75.72199416160583,0.0125416781901671,0.7190055847167969,0.0014933804898418,0.8545000553131104,0.0992898915479891,8,0.5
0.0644580199025111,0.0149060913176529,0.0098599596920542,76.29971170425415,0.0041022165397906,0.521496057510376,0.0011968574639314,0.7611384391784668,0.0120745867240835,9,0.5
0.0711390232152883,0.0184201216603367,0.0264533966833515,78.57380652427673,0.0005985359180455,0.8118710517883301,0.0004651134575382,0.9925265312194824,0.0149290920910158,10,0.5
0.0480643928962485,0.0131535439055799,0.0176235749885553,78.41772127151489,0.0021092024332564,0.8154215812683105,0.0013395691256456,1.23767352104187,0.0179912834451602,11,0.5
0.2319257354151661,0.0498675666093424,0.075393935375598,82.44613981246948,0.0062314365683302,0.7825806140899658,0.0008756037942837,1.0269606113433838,0.016153641426098,12,0.5
0.2366378778494993,0.0330141925092727,0.0333006943351502,80.46663570404053,0.0014478822195333,0.7301499843597412,0.0018799473842471,0.9648003578186036,0.0279176978143176,13,0.5
0.025717904338349,0.0371861101326226,0.0524008884514432,72.38540315628052,0.0116911610274362,0.5157511234283447,0.0032120609223062,0.695995569229126,0.0775445341412074,14,0.5
0.2032382705012429,0.0259519446893517,0.0490569074704585,74.57055568695068,0.0016747112877893,0.635526180267334,0.0007281347245674,0.8585999011993408,0.011351806413412,15,0.5
0.1811041980081904,0.1706146706063329,0.0694139548383182,75.0541319847107,0.0011090794575928,0.7563111782073975,0.0011091594625044,0.9628341197967528,0.0321523148686594,16,0.5
0.0620584548253936,0.0139710536384449,0.0128595490718052,75.32758593559265,0.0009553435946648,0.7253408432006836,0.001167555304243,0.7548480033874512,0.0222333582712066,17,0.5
0.0157004074843221,0.0118040435832916,0.0062673368926686,68.26285862922668,0.0011374730077801,0.6480214595794678,0.0013263557670808,0.7847216129302979,0.0212390371255796,18,0.5
0.0104761869067794,0.010215460460306,0.0106165948106414,67.80404329299927,0.0035370806510036,0.5102474689483643,0.0015315200646123,0.7039895057678223,0.011906667710423,19,0.5
0.0185641063674236,0.0731840771796148,0.0542273156603029,69.45811176300049,0.0018954032391176,0.6121342182159424,0.0010260785984416,0.7284049987792969,0.0114049124665173,20,0.5
0.191999419869101,0.0641975046009411,0.0736607904023039,70.47100973129272,0.0017952588193334,0.541090726852417,0.0008742015799045,0.8620505332946777,0.0127725387299707,21,0.5
0.1868415168430262,0.0343839478488143,0.0337057182789895,67.96488285064697,0.0024928203463413,0.851311445236206,0.0007185179945221,1.0526025295257568,0.0210017733768891,22,0.5
0.0646518654865985,0.0070350858045799,0.0052562358163282,68.78859996795654,0.0013350207007016,1.0037119388580322,0.0013360656226378,1.2869987487792969,0.0156094713304883,23,0.5
0.0387589145615342,0.0135810859110015,0.0094880835441611,67.7700605392456,0.0055080200388054,0.6468348503112793,0.0007329935094106,0.834113359451294,0.0065412790208227,24,0.5
0.0656907320253073,0.0088230231221847,0.0173153381027862,69.31357145309448,0.0159578855446049,0.5181248188018799,0.0013571971973024,0.861860990524292,0.0399204518853413,25,0.5
0.0954014577201613,0.0156581551990208,0.0084622193214183,68.79156851768494,0.0056439685450368,0.7856724262237549,0.0011745626663015,1.1656112670898438,0.0218045048105372,26,0.5
0.1113062192422232,0.2005984983863858,0.2844426578165118,69.83157324790955,0.0103986823693051,0.7137465476989746,0.001346542939383,0.9012854099273682,0.078327394720674,27,0.5
0.0108944635024591,0.0081056275600746,0.0074262044205268,68.40753078460693,0.0017715226612866,0.8031580448150635,0.0018819336954697,1.0103764533996582,0.0217556216619576,28,0.5
0.0033186790215313,0.0089154188285088,0.0081587212240298,68.26110506057739,0.0026426614455638,0.5173981189727783,0.0007863005588118,0.6659221649169922,0.0188570312545715,29,0.5
0.0113339511377063,0.0156496856595279,0.0118323588241593,67.71478176116943,0.0050780891102453,0.6126940250396729,0.0014656312692619,0.7644209861755371,0.0287549589144198,0,1.0
0.0063592373673588,0.0147545223990763,0.0141137876984835,64.25035429000854,0.0105343908408241,0.4975519180297851,0.0015909517767345,0.8701879978179932,0.0311551529086739,1,1.0
0.0592852420652788,0.0213525391050345,0.0157695254161496,66.36293888092041,0.0014130513927407,0.6699986457824707,0.0011319403051659,0.8266935348510742,0.0104427870430715,2,1.0
0.1282053535490477,0.016345777378122,0.0118591244159624,66.6603033542633,0.0102522455581574,0.5380444526672363,0.0034034168184281,0.7476897239685059,0.0156110165987744,3,1.0
0.0025573570914689,0.0199786978369666,0.0116360706726362,70.2551908493042,0.0054175726811013,0.6741564273834229,0.0019691202606937,0.8955860137939453,0.0110548807243937,4,1.0
0.0301484725249298,0.0167991091245542,0.0163722384536275,67.80500149726868,0.0021233381268569,0.8980965614318848,0.001682119474977,1.280071496963501,0.0233704686028102,5,1.0
0.0068795889765732,0.0109384758627813,0.0083648310797379,69.01869487762451,0.0025436922426546,0.7256543636322021,0.0006415458083067,1.035940408706665,0.0180984403163821,6,1.0
0.0121237232328642,0.014515662352345,0.0160133566254216,70.02853155136108,0.005102863190575,0.4308559894561767,0.0014300133103451,0.8700723648071289,0.0184812933998346,7,1.0
0.0202332079531541,0.0093149347376425,0.0097516740800649,69.84993410110474,0.0125416781901671,0.5815286636352539,0.0014933804898418,0.7243640422821045,0.0992898915479891,8,1.0
0.060037946983629,0.0158043543996839,0.0082830923761763,69.34295344352722,0.0041022165397906,0.4701626300811767,0.0011968574639314,0.6742894649505615,0.0120745867240835,9,1.0
0.063618026585578,0.0122627686876947,0.012044680747831,69.4744393825531,0.0005985359180455,0.6366972923278809,0.0004651134575382,0.9027669429779052,0.0149290920910158,10,1.0
0.0193830272114352,0.0081652007187916,0.0095973247464157,67.67738652229309,0.0021092024332564,0.736628532409668,0.0013395691256456,1.0975754261016846,0.0179912834451602,11,1.0
0.2535867347550468,0.0726223008192145,0.0935841299765763,70.05492115020752,0.0062314365683302,0.5937974452972412,0.0008756037942837,0.9096550941467284,0.016153641426098,12,1.0
0.194448413944666,0.0222800627916391,0.0213356648704024,66.94626259803772,0.0014478822195333,0.6616413593292236,0.0018799473842471,0.9051017761230468,0.0279176978143176,13,1.0
0.0132199714541274,0.0315356220728661,0.0480096490187191,66.40554070472717,0.0116911610274362,0.4890389442443847,0.0032120609223062,0.6583511829376221,0.0775445341412074,14,1.0
0.1896197549147729,0.0170077903666901,0.0174268729935456,67.77165961265564,0.0016747112877893,0.7869081497192383,0.0007281347245674,0.9132394790649414,0.011351806413412,15,1.0
0.225186695134821,0.111514329908364,0.0907166852232948,70.46922421455383,0.0011090794575928,0.7157294750213623,0.0011091594625044,0.9951164722442628,0.0321523148686594,16,1.0
0.0397795468789604,0.0148349707601642,0.0081063996265693,68.8797960281372,0.0009553435946648,0.6260805130004883,0.001167555304243,0.8024096488952637,0.0222333582712066,17,1.0
0.0067031142341555,0.0141046110795761,0.0092404771385768,67.92385411262512,0.0011374730077801,0.6679394245147705,0.0013263557670808,0.8429319858551025,0.0212390371255796,18,1.0
0.0049681816287873,0.0092406864621511,0.0072577458584855,67.18885660171509,0.0035370806510036,0.5287759304046631,0.0015315200646123,0.7011282444000244,0.011906667710423,19,1.0
0.0174307796900565,0.0422152993774404,0.0233675520637119,69.8918662071228,0.0018954032391176,0.5855312347412109,0.0010260785984416,0.9051191806793212,0.0114049124665173,20,1.0
0.1214764831290506,0.0513081112072252,0.0540055127341158,69.8701434135437,0.0017952588193334,0.546109676361084,0.0008742015799045,1.1102662086486816,0.0127725387299707,21,1.0
0.1579219158867842,0.0121752392942548,0.0094418499129164,69.61547112464905,0.0024928203463413,0.9543695449829102,0.0007185179945221,1.0530474185943604,0.0210017733768891,22,1.0
0.0513441926555499,0.007325606416859,0.0035646318256867,67.61446690559387,0.0013350207007016,0.8815810680389404,0.0013360656226378,1.3140537738800049,0.0156094713304883,23,1.0
0.0150653447119321,0.0169084511482771,0.0136131246274554,68.34233903884888,0.0055080200388054,0.6606643199920654,0.0007329935094106,0.9198126792907716,0.0065412790208227,24,1.0
0.0398870857071754,0.0085829264937001,0.0154484648702407,69.04044127464294,0.0159578855446049,0.6605579853057861,0.0013571971973024,0.9855327606201172,0.0399204518853413,25,1.0
0.0962773498292332,0.0162082583853024,0.0139988168901787,67.47085499763489,0.0056439685450368,0.9728400707244872,0.0011745626663015,1.0759072303771973,0.0218045048105372,26,1.0
0.0139566167340223,0.0079939820571256,0.0053993283355103,68.37212228775024,0.0103986823693051,0.888211727142334,0.001346542939383,0.825786828994751,0.078327394720674,27,1.0
0.0050648400246915,0.0074033672543623,0.0036481015973854,67.04837560653687,0.0017715226612866,0.8978531360626221,0.0018819336954697,1.1557011604309082,0.0217556216619576,28,1.0
0.0005715902387583,0.0080890946350603,0.0052992482606084,67.14740467071533,0.0026426614455638,0.704775333404541,0.0007863005588118,0.8231852054595947,0.0188570312545715,29,1.0
0.0042515511819313,0.0193421377451788,0.007941825655317,68.54659080505371,0.0050780891102453,0.6132254600524902,0.0014656312692619,0.9763171672821044,0.0287549589144198,0,2.0
0.0016411126689932,0.0127233119199652,0.0120151245312309,65.76322603225708,0.0105343908408241,0.3979525566101074,0.0015909517767345,0.7116692066192627,0.0311551529086739,1,2.0
0.0689547485430931,0.017858462367338,0.012292269757163,68.21367645263672,0.0014130513927407,0.6602749824523926,0.0011319403051659,1.0166959762573242,0.0104427870430715,2,2.0
0.0447540576496243,0.0148010075589221,0.0089963010585358,66.4743320941925,0.0102522455581574,0.5606143474578857,0.0034034168184281,0.8589656352996826,0.0156110165987744,3,2.0
0.0012029710505586,0.020790923221153,0.0062844490756118,66.72247099876404,0.0054175726811013,0.5906453132629395,0.0019691202606937,0.8433201313018799,0.0110548807243937,4,2.0
0.0094038457770457,0.0081670802013298,0.005970241364821,65.86091017723083,0.0021233381268569,0.9616906642913818,0.001682119474977,1.196808099746704,0.0233704686028102,5,2.0
0.0010951590731162,0.0117814907851275,0.0089279285274222,67.93080306053162,0.0025436922426546,0.8442556858062744,0.0006415458083067,1.23925518989563,0.0180984403163821,6,2.0
0.0010495776992975,0.0125931340288015,0.0165681931225767,68.75919318199158,0.005102863190575,0.485884428024292,0.0014300133103451,0.8370711803436279,0.0184812933998346,7,2.0
0.0032853075926578,0.0054979615181462,0.0054223829118604,67.77858877182007,0.0125416781901671,0.6818077564239502,0.0014933804898418,0.9082098007202148,0.0992898915479891,8,2.0
0.0220470117413053,0.015149494849807,0.0073903118280097,67.4358479976654,0.0041022165397906,0.5029964447021484,0.0011968574639314,0.8731217384338379,0.0120745867240835,9,2.0
0.0318342274147899,0.0094142553476,0.0131475180762357,67.87488079071045,0.0005985359180455,0.667046070098877,0.0004651134575382,0.966339349746704,0.0149290920910158,10,2.0
0.0074698438336864,0.0086922634156442,0.0087467797355096,66.5056881904602,0.0021092024332564,0.7586519718170166,0.0013395691256456,1.0671675205230713,0.0179912834451602,11,2.0
0.2011111566710533,0.033118721493756,0.0622044198373773,69.0470323562622,0.0062314365683302,0.8003172874450684,0.0008756037942837,1.0383994579315186,0.016153641426098,12,2.0
0.0739049365030635,0.0157569193479209,0.010489721368594,67.00535321235657,0.0014478822195333,0.7214310169219971,0.0018799473842471,0.8944382667541504,0.0279176978143176,13,2.0
0.0008527920698087,0.0341037814203386,0.0434642864952389,69.18725442886353,0.0116911610274362,0.5771036148071289,0.0032120609223062,0.7314896583557129,0.0775445341412074,14,2.0
0.1335482047890036,0.0120415696850218,0.0172443932997106,68.86266708374023,0.0016747112877893,0.7233238220214844,0.0007281347245674,0.9227898120880128,0.011351806413412,15,2.0
0.0865419233332043,0.0363743485196209,0.0390182776425263,69.79337358474731,0.0011090794575928,0.6846218109130859,0.0011091594625044,0.9369776248931884,0.0321523148686594,16,2.0
0.0196689097967886,0.0138195197019332,0.0100908340798147,70.80254244804382,0.0009553435946648,0.5670089721679688,0.001167555304243,0.6935148239135742,0.0222333582712066,17,2.0
0.0007616290458807,0.0143472024576602,0.0079030351500439,66.75526213645935,0.0011374730077801,0.5623674392700195,0.0013263557670808,0.8058381080627441,0.0212390371255796,18,2.0
0.000717265022873,0.0094421166487634,0.0082318845104211,66.22978687286377,0.0035370806510036,0.5587797164916992,0.0015315200646123,0.7086625099182129,0.011906667710423,19,2.0
0.023210932470427,0.0629503070179087,0.0472678603085495,68.0456771850586,0.0018954032391176,0.5910806655883789,0.0010260785984416,0.803870439529419,0.0114049124665173,20,2.0
0.1151604263591638,0.0410564013003556,0.0433894045784261,71.06081080436707,0.0017952588193334,0.5799891948699951,0.0008742015799045,0.9958550930023192,0.0127725387299707,21,2.0
0.1304439808334192,0.0144907466302419,0.0099410524861043,67.04482913017273,0.0024928203463413,0.8538656234741211,0.0007185179945221,1.0095863342285156,0.0210017733768891,22,2.0
0.0095808252875136,0.0059351539231331,0.0036781178008686,66.98839974403381,0.0013350207007016,1.047299861907959,0.0013360656226378,1.6250991821289062,0.0156094713304883,23,2.0
0.0032936326650598,0.0150294844339312,0.0082657653477104,67.46393489837646,0.0055080200388054,0.7302727699279785,0.0007329935094106,0.8820881843566895,0.0065412790208227,24,2.0
0.0193019947761346,0.005770670786523,0.0180734615642201,68.70863437652588,0.0159578855446049,0.5399301052093506,0.0013571971973024,0.8690958023071289,0.0399204518853413,25,2.0
0.0955823636931364,0.0135061971514674,0.0131763189924835,68.67161679267883,0.0056439685450368,1.0074033737182615,0.0011745626663015,1.142120599746704,0.0218045048105372,26,2.0
0.003555006898624,0.0075351497770206,0.0022547773246681,68.27495527267456,0.0103986823693051,0.707228422164917,0.001346542939383,0.957117795944214,0.078327394720674,27,2.0
0.0008778720179844,0.0092409429000288,0.0097803205704109,69.36795663833618,0.0017715226612866,0.7470619678497314,0.0018819336954697,1.0184547901153564,0.0217556216619576,28,2.0
0.0001891222551851,0.0087058200502614,0.0095634088524604,69.36159420013428,0.0026426614455638,0.6124296188354492,0.0007863005588118,0.7787399291992188,0.0188570312545715,29,2.0
0.0010572515241168,0.0170315858264933,0.005114109259415,69.02479934692383,0.0050780891102453,0.6834895610809326,0.0014656312692619,0.7819571495056152,0.0287549589144198,0,4.0
0.0001103849885616,0.0124383220329237,0.015656655569662,67.56695485115051,0.0105343908408241,0.4239547252655029,0.0015909517767345,0.6918623447418213,0.0311551529086739,1,4.0
0.0228409758756419,0.0147007869117677,0.0092880479523146,67.7672688961029,0.0014130513927407,0.5949320793151855,0.0011319403051659,0.8853793144226074,0.0104427870430715,2,4.0
0.0312358116475177,0.0125305802554038,0.0065855030326687,45.33661413192749,0.0102522455581574,0.6193938255310059,0.0034034168184281,0.8162319660186768,0.0156110165987744,3,4.0
0.0001635324932547,0.0194692012980565,0.0105591571113803,67.32933235168457,0.0054175726811013,0.7910151481628418,0.0019691202606937,0.9530429840087892,0.0110548807243937,4,4.0
0.00108172306011,0.0077570986033003,0.0038624972334892,67.18217611312866,0.0021233381268569,0.8967666625976562,0.001682119474977,1.1130521297454834,0.0233704686028102,5,4.0
0.0002248323059118,0.0113478871750456,0.0107432455510317,67.41916251182556,0.0025436922426546,0.8762388229370117,0.0006415458083067,1.1548898220062256,0.0180984403163821,6,4.0
0.0005267040638151,0.0089040035415268,0.0049245326558964,66.77791261672974,0.005102863190575,0.5119962692260742,0.0014300133103451,0.7595021724700928,0.0184812933998346,7,4.0
0.001654963464205,0.0245765647218277,0.0491699822963558,65.97099137306213,0.0125416781901671,0.6172680854797363,0.0014933804898418,0.7842309474945068,0.0992898915479891,8,4.0
0.002637538277056,0.0149084374799473,0.0044958034877014,65.06246781349182,0.0041022165397906,0.5490858554840088,0.0011968574639314,0.8380446434020996,0.0120745867240835,9,4.0
0.0094934595395975,0.0099581270678514,0.0180227617171086,67.00335788726807,0.0005985359180455,0.7893209457397461,0.0004651134575382,0.9090452194213868,0.0149290920910158,10,4.0
0.0028462269820112,0.0083508212407755,0.0077572489911625,66.07594513893127,0.0021092024332564,0.6910197734832764,0.0013395691256456,1.1122715473175049,0.0179912834451602,11,4.0
0.1118786699074882,0.0184577123261165,0.039305902968438,70.28096270561218,0.0062314365683302,0.7249777317047119,0.0008756037942837,0.9724297523498536,0.016153641426098,12,4.0
0.0276103738209884,0.015437174860396,0.0094758780332878,68.45813155174255,0.0014478822195333,0.7351419925689697,0.0018799473842471,0.879403829574585,0.0279176978143176,13,4.0
0.0005011531875605,0.0327922559314654,0.0412530206086656,68.22368550300598,0.0116911610274362,0.5768308639526367,0.0032120609223062,0.6278667449951172,0.0775445341412074,14,4.0
0.0512276319789322,0.0121668125205892,0.0102381220925216,67.66287803649902,0.0016747112877893,0.610947847366333,0.0007281347245674,0.7921695709228516,0.011351806413412,15,4.0
0.0595514478945658,0.0290393261425244,0.0353017838117709,68.27733111381531,0.0011090794575928,0.7538437843322754,0.0011091594625044,0.9583139419555664,0.0321523148686594,16,4.0
0.0011043092728838,0.0131946869271768,0.0045741492795824,67.68924188613892,0.0009553435946648,0.6472575664520264,0.001167555304243,0.7651107311248779,0.0222333582712066,17,4.0
0.0253676255568166,0.0855639645004395,0.0817295043164087,67.79402780532837,0.0011374730077801,0.6920344829559326,0.0013263557670808,0.7769408226013184,0.0212390371255796,18,4.0
0.0001586884716809,0.0087960258598544,0.0061951793393499,68.31924057006836,0.0035370806510036,0.6080062389373779,0.0015315200646123,0.740692138671875,0.011906667710423,19,4.0
0.038277637868142,0.0421943754655509,0.0354294642385456,70.43983387947083,0.0018954032391176,0.6992683410644531,0.0010260785984416,0.8621776103973389,0.0114049124665173,20,4.0
0.0341593500698561,0.0234196949323467,0.0214294753048398,70.76149606704712,0.0017952588193334,0.6898174285888672,0.0008742015799045,0.985480546951294,0.0127725387299707,21,4.0
0.086725767459945,0.0105926723293571,0.0064974913280255,69.82032442092896,0.0024928203463413,0.8258950710296631,0.0007185179945221,1.1063969135284424,0.0210017733768891,22,4.0
0.0015323582060616,0.005922851536949,0.0033811808291483,70.21614456176758,0.0013350207007016,1.03273344039917,0.0013360656226378,1.338507890701294,0.0156094713304883,23,4.0
0.0005569570703115,0.014531230938011,0.0101615878342122,66.58639526367188,0.0055080200388054,0.7089648246765137,0.0007329935094106,0.9227361679077148,0.0065412790208227,24,4.0
0.0059432324200173,0.0074172824799135,0.0173240793276998,66.57466554641724,0.0159578855446049,0.6155164241790771,0.0013571971973024,0.8885517120361328,0.0399204518853413,25,4.0
0.0931952712967615,0.0447775178557185,0.0422311096273992,66.22826194763184,0.0056439685450368,0.8713200092315674,0.0011745626663015,1.1366403102874756,0.0218045048105372,26,4.0
0.0003013085614001,0.0069092609837567,0.0021992782811984,66.58926010131836,0.0103986823693051,0.7189352512359619,0.001346542939383,0.87640380859375,0.078327394720674,27,4.0
0.0001331347710967,0.0090478970672161,0.0098273641338959,67.27535915374756,0.0017715226612866,0.8302133083343506,0.0018819336954697,0.9974136352539062,0.0217556216619576,28,4.0
0.0001646077900175,0.0300777051492448,0.0266838061596472,67.02533340454102,0.0026426614455638,0.5565385818481445,0.0007863005588118,0.7131028175354004,0.0188570312545715,29,4.0
0.0002562866383355,0.0166862365284439,0.0067451795098849,65.77590537071228,0.0050780891102453,0.6096723079681396,0.0014656312692619,0.7234201431274414,0.0287549589144198,0,8.0
9.422651776587189e-05,0.013338122263395,0.0045935794711268,66.04158592224121,0.0105343908408241,0.3579800128936767,0.0015909517767345,0.6295509338378906,0.0311551529086739,1,8.0
0.0007800531048167,0.01482389963671,0.00625464098522,59.69937348365784,0.0014130513927407,0.6001331806182861,0.0011319403051659,0.8627419471740723,0.0104427870430715,2,8.0
0.0007464712167209,0.0113816099773885,0.0053235858364656,57.99901795387268,0.0102522455581574,0.4988887310028076,0.0034034168184281,0.7405481338500977,0.0156110165987744,3,8.0
6.612028000820096e-05,0.0189561061522299,0.0050690825450708,58.3733057975769,0.0054175726811013,0.4742035865783691,0.0019691202606937,0.7489662170410156,0.0110548807243937,4,8.0
0.0001123349029766,0.0087071896251053,0.0060332829941611,59.42672252655029,0.0021233381268569,0.7920687198638916,0.001682119474977,0.963660717010498,0.0233704686028102,5,8.0
0.0001155376147778,0.0118034738146699,0.0093598650963176,60.49095010757446,0.0025436922426546,0.7372691631317139,0.0006415458083067,1.0437028408050537,0.0180984403163821,6,8.0
0.0001069195824636,0.0109245109890694,0.0094537445587646,60.335440158844,0.005102863190575,0.3992424011230469,0.0014300133103451,0.7047948837280273,0.0184812933998346,7,8.0
0.0002693009763264,0.0056916226217547,0.0058615226144545,60.0275239944458,0.0125416781901671,0.5815260410308838,0.0014933804898418,0.7468042373657227,0.0992898915479891,8,8.0
9.333613210814237e-05,0.0144825324658363,0.0062354588016387,59.82779049873352,0.0041022165397906,0.4170148372650146,0.0011968574639314,0.643592119216919,0.0120745867240835,9,8.0
0.0002796981864161,0.0083871967868729,0.0097512166387698,57.8647038936615,0.0005985359180455,0.6817662715911865,0.0004651134575382,0.7991557121276855,0.0149290920910158,10,8.0
0.0004020657114898,0.0044821215547758,0.0077945477629113,56.606223344802856,0.0021092024332564,0.7127840518951416,0.0013395691256456,0.9974303245544434,0.0179912834451602,11,8.0
0.0989387289050398,0.0338002711576785,0.0507600223335734,58.02987265586853,0.0062314365683302,0.6487987041473389,0.0008756037942837,0.7491910457611084,0.016153641426098,12,8.0
0.0029713489019374,0.0131474264127681,0.0051966890349684,57.52658581733704,0.0014478822195333,0.5826401710510254,0.0018799473842471,0.7727222442626953,0.0279176978143176,13,8.0
0.0001995398746868,0.0043264687585086,0.0035589198207028,55.12870454788208,0.0116911610274362,0.4348316192626953,0.0032120609223062,0.6450493335723877,0.0775445341412074,14,8.0
0.0010468680243565,0.0100848761376187,0.0087953322585653,55.93309211730957,0.0016747112877893,0.579890251159668,0.0007281347245674,0.7117836475372314,0.011351806413412,15,8.0
0.0164333207321709,0.005366267568054,0.0079084866322402,56.83413791656494,0.0011090794575928,0.6857852935791016,0.0011091594625044,0.8070805072784424,0.0321523148686594,16,8.0
0.0002787065986543,0.0128552665381248,0.0116865234117217,56.80752110481262,0.0009553435946648,0.5034210681915283,0.001167555304243,0.6163492202758789,0.0222333582712066,17,8.0
0.0001143290849119,0.0138756971511818,0.0053205689907863,57.13116002082825,0.0011374730077801,0.5682728290557861,0.0013263557670808,0.7318675518035889,0.0212390371255796,18,8.0
7.399877655061745e-05,0.0092195348625128,0.0094210043802943,57.238195180892944,0.0035370806510036,0.491985559463501,0.0015315200646123,0.6637933254241943,0.011906667710423,19,8.0
0.0121284909430409,0.0087829025717278,0.0060307322138669,58.85931491851807,0.0018954032391176,0.5474250316619873,0.0010260785984416,0.7270479202270508,0.0114049124665173,20,8.0
0.000554191475923,0.0113208268752043,0.0104339179502277,58.24181151390076,0.0017952588193334,0.509918212890625,0.0008742015799045,0.8797729015350342,0.0127725387299707,21,8.0
0.0772127765488436,0.0099772977816865,0.0047210276209521,60.015199422836304,0.0024928203463413,0.749108076095581,0.0007185179945221,0.9738798141479492,0.0210017733768891,22,8.0
0.0003016788650985,0.0059525085907152,0.0021679356121291,59.84240627288818,0.0013350207007016,0.9544270038604736,0.0013360656226378,1.2884657382965088,0.0156094713304883,23,8.0
0.0001648624466634,0.0138573841533772,0.0054970893590536,60.477229595184326,0.0055080200388054,0.5716187953948975,0.0007329935094106,0.750091552734375,0.0065412790208227,24,8.0
0.0003205874115039,0.005614996933429,0.0132761041058787,60.46319794654846,0.0159578855446049,0.5223214626312256,0.0013571971973024,0.7587227821350098,0.0399204518853413,25,8.0
0.0240583424173413,0.0136533939925542,0.0115452643983397,59.08806419372559,0.0056439685450368,0.869377851486206,0.0011745626663015,1.031383037567139,0.0218045048105372,26,8.0
0.0001301539940645,0.0071644891318131,0.0035480444785679,59.09404253959656,0.0103986823693051,0.628777265548706,0.001346542939383,0.8433704376220703,0.078327394720674,27,8.0
5.424756421025615e-05,0.0081361879920764,0.0071336646227957,59.62255597114563,0.0017715226612866,0.6857249736785889,0.0018819336954697,0.9619581699371338,0.0217556216619576,28,8.0
0.0002756393917786,0.0255369562614268,0.0291100004544911,57.9470808506012,0.0026426614455638,0.6137254238128662,0.0007863005588118,0.6783592700958252,0.0188570312545715,29,8.0
0.0003013843843714,0.0181116293550487,0.0073389422349142,57.45933675765991,0.0050780891102453,0.5234253406524658,0.0014656312692619,0.6914198398590088,0.0287549589144198,0,16.0
9.140513618438964e-05,0.0119057639397454,0.0118047476536526,57.63577795028687,0.0105343908408241,0.3863871097564697,0.0015909517767345,0.6458392143249512,0.0311551529086739,1,16.0
0.0001752781901964,0.0150235857775699,0.0054627462106747,57.43886756896973,0.0014130513927407,0.571749210357666,0.0011319403051659,0.7659592628479004,0.0104427870430715,2,16.0
0.005067409089456,0.0496001919958025,0.0919782617174093,56.73409128189087,0.0102522455581574,0.4988510608673095,0.0034034168184281,0.6989796161651611,0.0156110165987744,3,16.0
6.019464563349342e-05,0.0183995585974504,0.0097470489756278,58.318928718566895,0.0054175726811013,0.5192539691925049,0.0019691202606937,0.7825648784637451,0.0110548807243937,4,16.0
0.0001063690323335,0.0085000897160849,0.0036536989603353,57.80167675018311,0.0021233381268569,0.8864476680755615,0.001682119474977,0.976696252822876,0.0233704686028102,5,16.0
0.0001274781523734,0.0113648112624859,0.0066512128262221,60.42919063568115,0.0025436922426546,0.677004337310791,0.0006415458083067,0.9589800834655762,0.0180984403163821,6,16.0
0.0001018031786189,0.0156840670529518,0.0112631247236535,49.62955331802368,0.005102863190575,0.4699654579162597,0.0014300133103451,0.8165638446807861,0.0184812933998346,7,16.0
0.0001665593838274,0.0063432395444152,0.0077477379435107,58.66980695724487,0.0125416781901671,0.5781054496765137,0.0014933804898418,0.8599734306335449,0.0992898915479891,8,16.0
6.436916063287482e-05,0.0139581395547393,0.0059269640188807,58.62312269210816,0.0041022165397906,0.5313208103179932,0.0011968574639314,0.7850501537322998,0.0120745867240835,9,16.0
8.362288618829113e-05,0.0086757863523004,0.0080554679151924,58.708444595336914,0.0005985359180455,0.6766164302825928,0.0004651134575382,0.8255124092102051,0.0149290920910158,10,16.0
0.0001141014268859,0.0076714427287597,0.0048772624778002,58.88548827171326,0.0021092024332564,0.6312048435211182,0.0013395691256456,0.9386496543884276,0.0179912834451602,11,16.0
0.0620431675756848,0.0208147885005857,0.0307315744489369,58.7783989906311,0.0062314365683302,0.6063442230224609,0.0008756037942837,0.8171422481536865,0.016153641426098,12,16.0
0.0003212203304128,0.012495908786246,0.0042552518757591,58.24335980415344,0.0014478822195333,0.6263687610626221,0.0018799473842471,0.8386316299438477,0.0279176978143176,13,16.0
0.0002281435154697,0.0233208170842766,0.03234608474323,52.45558333396912,0.0116911610274362,0.4833860397338867,0.0032120609223062,0.6163203716278076,0.0775445341412074,14,16.0
0.0011670137582215,0.0098394138630577,0.0053640196694789,58.48892593383789,0.0016747112877893,0.5846118927001953,0.0007281347245674,0.7809395790100098,0.011351806413412,15,16.0
0.0015116914078543,0.0351962554926747,0.04030281316832,58.23772668838501,0.0011090794575928,0.5851485729217529,0.0011091594625044,0.7622637748718262,0.0321523148686594,16,16.0
0.0001395779693933,0.0127813921657204,0.0164404720621278,58.49845004081726,0.0009553435946648,0.5867054462432861,0.001167555304243,0.6008007526397705,0.0222333582712066,17,16.0
0.0001129187927041,0.0102024556191173,0.0102449431946286,61.35791158676148,0.0011374730077801,0.4842469692230224,0.0013263557670808,0.6109733581542969,0.0212390371255796,18,16.0
6.330172064679118e-05,0.0092986124094838,0.0087049669739014,55.79671812057495,0.0035370806510036,0.466327428817749,0.0015315200646123,0.6344716548919678,0.011906667710423,19,16.0
0.0015524240456805,0.0111093170499041,0.006826680251232,56.03579497337341,0.0018954032391176,0.5519168376922607,0.0010260785984416,0.7686436176300049,0.0114049124665173,20,16.0
0.0002757952140661,0.0111216129369094,0.0088566794364798,56.39106249809265,0.0017952588193334,0.5154154300689697,0.0008742015799045,0.908088207244873,0.0127725387299707,21,16.0
0.0636767493915777,0.0094044631307189,0.0052630179577975,57.133604764938354,0.0024928203463413,0.7268614768981934,0.0007185179945221,0.9402074813842772,0.0210017733768891,22,16.0
0.0001743280679082,0.0055523708474719,0.0022008608905467,57.24418783187866,0.0013350207007016,0.9291596412658693,0.0013360656226378,1.176790475845337,0.0156094713304883,23,16.0
7.201469824815731e-05,0.0133256413287364,0.0066847370617677,58.93273973464966,0.0055080200388054,0.6212873458862305,0.0007329935094106,0.8252532482147217,0.0065412790208227,24,16.0
0.0001532091620114,0.0067347980692372,0.0184065796269111,58.37585663795471,0.0159578855446049,0.5521512031555176,0.0013571971973024,0.7392702102661133,0.0399204518853413,25,16.0
0.0065861009545886,0.0137370678001314,0.0116228821015209,58.155187368392944,0.0056439685450368,0.7428140640258789,0.0011745626663015,1.0123398303985596,0.0218045048105372,26,16.0
0.0001400918334943,0.0073712586466031,0.002164302877592,58.001648902893066,0.0103986823693051,0.7727329730987549,0.001346542939383,0.9263861179351808,0.078327394720674,27,16.0
5.382030227620849e-05,0.0092140226539775,0.0050064510832654,61.89403295516968,0.0017715226612866,0.6948580741882324,0.0018819336954697,0.9099390506744384,0.0217556216619576,28,16.0
6.386904515305325e-05,0.0066543555424539,0.0062107735463248,43.15770149230957,0.0026426614455638,0.5452539920806885,0.0007863005588118,0.6981852054595947,0.0188570312545715,29,16.0
0.0004877234229406,0.0304710338729155,0.0219032059852143,48.68160820007324,0.0050780891102453,0.6063845157623291,0.0014656312692619,0.7874588966369629,0.0287549589144198,0,32.0
8.66981951866815e-05,0.0101530465247696,0.0119003702180863,43.772897481918335,0.0105343908408241,0.4763059616088867,0.0015909517767345,0.7584192752838135,0.0311551529086739,1,32.0
7.400142293291594e-05,0.0115278495765037,0.0065726077536912,60.90806722640991,0.0014130513927407,0.5607452392578125,0.0011319403051659,0.7820148468017578,0.0104427870430715,2,32.0
0.0046988686835745,0.0573052004414943,0.0879660934214831,59.86479663848877,0.0102522455581574,0.4612131118774414,0.0034034168184281,0.6927754878997803,0.0156110165987744,3,32.0
6.020907810915983e-05,0.0140396224824673,0.006258772482383,50.60035729408264,0.0054175726811013,0.5204062461853027,0.0019691202606937,0.7180485725402832,0.0110548807243937,4,32.0
0.0001083425142795,0.0059393678756448,0.0068081509258874,47.037482023239136,0.0021233381268569,0.8522605895996094,0.001682119474977,1.106107234954834,0.0233704686028102,5,32.0
0.0599614824021043,0.0247221327378165,0.075513515594813,37.82523608207703,0.0025436922426546,0.6410329341888428,0.0006415458083067,0.9503378868103028,0.0180984403163821,6,32.0
9.582200526438988e-05,0.0115004514914817,0.0084066554666842,38.23509502410889,0.005102863190575,0.4030828475952148,0.0014300133103451,0.7682783603668213,0.0184812933998346,7,32.0
0.0001398986629681,0.0066177684245026,0.007543643577646,47.90568232536316,0.0125416781901671,0.5896115303039551,0.0014933804898418,0.8505368232727051,0.0992898915479891,8,32.0
5.5442911633115285e-05,0.0129989277916377,0.0040008613045208,43.59555888175965,0.0041022165397906,0.4124770164489746,0.0011968574639314,0.6352856159210205,0.0120745867240835,9,32.0
9.487532732497992e-05,0.0058158362775328,0.0063081252409681,58.00981307029724,0.0005985359180455,0.6046748161315918,0.0004651134575382,0.799461841583252,0.0149290920910158,10,32.0
0.0001337240805031,0.0088760633571029,0.0054482712053381,58.60443687438965,0.0021092024332564,0.7890434265136719,0.0013395691256456,0.9700527191162108,0.0179912834451602,11,32.0
0.0236832928036189,0.0211501403294658,0.0348806989295821,57.17562747001648,0.0062314365683302,0.5896482467651367,0.0008756037942837,0.8314359188079834,0.016153641426098,12,32.0
0.0001692685788599,0.008129729574835,0.0053266674965378,57.37754845619202,0.0014478822195333,0.6008205413818359,0.0018799473842471,0.7555522918701172,0.0279176978143176,13,32.0
0.0001982643533254,0.0082471845580975,0.0025109320340089,40.086790561676025,0.0116911610274362,0.4436824321746826,0.0032120609223062,0.623009204864502,0.0775445341412074,14,32.0
0.0001218998113372,0.0055064359106958,0.0089484463274289,57.217702865600586,0.0016747112877893,0.5772397518157959,0.0007281347245674,0.7244148254394531,0.011351806413412,15,32.0
0.0006241807126477,0.0266321539388056,0.0331370702111049,57.7947940826416,0.0011090794575928,0.6092910766601562,0.0011091594625044,0.7883038520812988,0.0321523148686594,16,32.0
0.0001349846290949,0.0107171737088619,0.0121987434119241,59.022624492645264,0.0009553435946648,0.4949402809143066,0.001167555304243,0.6331787109375,0.0222333582712066,17,32.0
0.0001212183968872,0.00404034318584,0.0079101973181858,45.56437873840332,0.0011374730077801,0.5259139537811279,0.0013263557670808,0.7526919841766357,0.0212390371255796,18,32.0
6.687939611152622e-05,0.0082799565494859,0.0076442755611126,43.860280990600586,0.0035370806510036,0.5220935344696045,0.0015315200646123,0.6868131160736084,0.011906667710423,19,32.0
7.355679599250208e-05,0.0106131730700336,0.0060236658457576,59.40728116035461,0.0018954032391176,0.6390824317932129,0.0010260785984416,0.8108320236206055,0.0114049124665173,20,32.0
0.0001330020828515,0.0109980392599516,0.0066462294392623,59.246078968048096,0.0017952588193334,0.5856311321258545,0.0008742015799045,0.9116122722625732,0.0127725387299707,21,32.0
0.0027176719281604,0.0086183138274129,0.004044290075571,60.0302004814148,0.0024928203463413,0.7766091823577881,0.0007185179945221,1.001906394958496,0.0210017733768891,22,32.0
0.0143343271200489,0.0103584372823189,0.1348623761267133,53.69094395637512,0.0013350207007016,0.867095947265625,0.0013360656226378,1.3868293762207031,0.0156094713304883,23,32.0
5.791599789592983e-05,0.0135569155728905,0.0072917934200561,60.531240701675415,0.0055080200388054,0.550133228302002,0.0007329935094106,0.7188119888305664,0.0065412790208227,24,32.0
0.0001579786481024,0.0038012008243626,0.0158573169171629,50.671130895614624,0.0159578855446049,0.4702720642089844,0.0013571971973024,0.6901979446411133,0.0399204518853413,25,32.0
0.0001061675120879,0.013980565386519,0.0043140499584453,56.90381669998169,0.0056439685450368,0.7305707931518555,0.0011745626663015,0.992927074432373,0.0218045048105372,26,32.0
0.000132755203659,0.0056725610791004,0.0051955545310231,51.59736227989197,0.0103986823693051,0.6260232925415039,0.001346542939383,0.7876229286193848,0.078327394720674,27,32.0
5.717508635669777e-05,0.0063546354282832,0.0047316953195424,33.67488884925842,0.0017715226612866,0.682680606842041,0.0018819336954697,0.960191249847412,0.0217556216619576,28,32.0
6.761513540574821e-05,0.0057289829708708,0.0070375959077078,28.70627474784851,0.0026426614455638,0.5674610137939453,0.0007863005588118,0.7736608982086182,0.0188570312545715,29,32.0
0.0002528994336338,0.0121037516612637,0.0026593596504621,28.05148220062256,0.0050780891102453,0.5138607025146484,0.0014656312692619,0.6506490707397461,0.0287549589144198,0,64.0
8.382773786762924e-05,0.0095633816891522,0.0073097947633203,26.5707905292511,0.0105343908408241,0.3308007717132568,0.0015909517767345,0.5695109367370605,0.0311551529086739,1,64.0
7.740899036967619e-05,0.0139072299104259,0.0088741283171895,32.69297003746033,0.0014130513927407,0.503791093826294,0.0011319403051659,0.7027382850646973,0.0104427870430715,2,64.0
0.0046576699353253,0.0647794881450112,0.0881206424064688,47.22315549850464,0.0102522455581574,0.4279637336730957,0.0034034168184281,0.6155638694763184,0.0156110165987744,3,64.0
5.969230265505664e-05,0.0110242716147656,0.0065713722116045,23.59564328193665,0.0054175726811013,0.4343678951263428,0.0019691202606937,0.6322922706604004,0.0110548807243937,4,64.0
0.0001045042558143,0.0057361540684992,0.006180660990801,36.7693943977356,0.0021233381268569,0.6598892211914062,0.001682119474977,0.8587148189544678,0.0233704686028102,5,64.0
0.0001273750716062,0.0056154560779848,0.0066506136779109,23.850074291229248,0.0025436922426546,0.5834743976593018,0.0006415458083067,0.8313097953796387,0.0180984403163821,6,64.0
8.770789473269889e-05,0.0098340778750856,0.0066241995590119,27.947942972183228,0.005102863190575,0.3605928421020508,0.0014300133103451,0.634375810623169,0.0184812933998346,7,64.0
0.0001444913462842,0.0050116277873927,0.0115237652573492,27.78271222114563,0.0125416781901671,0.4906134605407715,0.0014933804898418,0.6662266254425049,0.0992898915479891,8,64.0
6.432083512192636e-05,0.0122235231374432,0.0036093984047299,23.08406162261963,0.0041022165397906,0.3854920864105224,0.0011968574639314,0.5944108963012695,0.0120745867240835,9,64.0
9.523655033139753e-05,0.0084023681972743,0.0064038254962693,40.891900300979614,0.0005985359180455,0.585629940032959,0.0004651134575382,0.7778944969177246,0.0149290920910158,10,64.0
0.0001320498146135,0.0076245584536857,0.0055220161268558,41.78280210494995,0.0021092024332564,0.5887336730957031,0.0013395691256456,0.8800160884857178,0.0179912834451602,11,64.0
0.0185249920408949,0.0255535584921999,0.0352109284106917,45.36264634132385,0.0062314365683302,0.5412154197692871,0.0008756037942837,0.7652575969696045,0.016153641426098,12,64.0
0.0001451157210483,0.0141024520652585,0.005944689182376,49.13969016075134,0.0014478822195333,0.6099228858947754,0.0018799473842471,0.7613375186920166,0.0279176978143176,13,64.0
0.0002084387926513,0.0056883081779855,0.0016550630763455,31.54785370826721,0.0116911610274362,0.4443039894104004,0.0032120609223062,0.5865507125854492,0.0775445341412074,14,64.0
0.0001027561248132,0.0091390017183531,0.004689859927556,55.60178709030152,0.0016747112877893,0.5288853645324707,0.0007281347245674,0.6788456439971924,0.011351806413412,15,64.0
0.0001921875130194,0.0035253268839895,0.0058832821951703,55.37729549407959,0.0011090794575928,0.692521333694458,0.0011091594625044,0.7444980144500732,0.0321523148686594,16,64.0
0.0001336175562472,0.0103855521350321,0.0098679546568993,48.04718613624573,0.0009553435946648,0.4725930690765381,0.001167555304243,0.6095154285430908,0.0222333582712066,17,64.0
0.0001199789264878,0.0044251110272051,0.0081560610851582,36.9397394657135,0.0011374730077801,0.5884416103363037,0.0013263557670808,0.6490063667297363,0.0212390371255796,18,64.0
6.970631917912287e-05,0.0070601712815437,0.0048981628525595,25.90112853050232,0.0035370806510036,0.4809079170227051,0.0015315200646123,0.7188205718994141,0.011906667710423,19,64.0
7.05583346896669e-05,0.0064041955990404,0.0060024277258139,40.043416261672974,0.0018954032391176,0.5074722766876221,0.0010260785984416,0.6929371356964111,0.0114049124665173,20,64.0
0.0001430049090418,0.0101991617529254,0.0058902884338695,43.92563199996948,0.0017952588193334,0.4648590087890625,0.0008742015799045,0.8172881603240967,0.0127725387299707,21,64.0
0.0001124489805473,0.0184218010363728,0.0167598053493274,45.98900389671326,0.0024928203463413,0.6312880516052246,0.0007185179945221,0.834165096282959,0.0210017733768891,22,64.0
0.0133524426154437,0.0122684981532633,0.1358480061821166,32.7760796546936,0.0013350207007016,0.8112847805023193,0.0013360656226378,1.0892446041107178,0.0156094713304883,23,64.0
6.055305945448601e-05,0.0114300441774924,0.0061960791713853,28.294198274612427,0.0055080200388054,0.5953865051269531,0.0007329935094106,0.7392866611480713,0.0065412790208227,24,64.0
0.0001637414841699,0.0079997428096354,0.0138203630750389,45.69106411933899,0.0159578855446049,0.4756917953491211,0.0013571971973024,0.7026305198669434,0.0399204518853413,25,64.0
8.974792110966561e-05,0.0117254626854608,0.0062835788142484,50.44412398338318,0.0056439685450368,0.7498025894165039,0.0011745626663015,0.9993524551391602,0.0218045048105372,26,64.0
0.0001352022528152,0.0047149947953886,0.0036558526193419,28.78245639801025,0.0103986823693051,0.6066873073577881,0.001346542939383,0.8658294677734375,0.078327394720674,27,64.0
5.457417827277785e-05,0.0069010974981343,0.0032026429654609,31.917966842651367,0.0017715226612866,0.6706688404083252,0.0018819336954697,1.0573687553405762,0.0217556216619576,28,64.0
6.602268338880743e-05,0.0054314475465761,0.0065268399380045,23.910935878753666,0.0026426614455638,0.6729183197021484,0.0007863005588118,0.7653212547302246,0.0188570312545715,29,64.0
0.0002537650666017,0.0094356271903442,0.0059108175664242,38.92773866653442,0.0050780891102453,0.5788524150848389,0.0014656312692619,0.7876863479614258,0.0287549589144198,0,128.0
8.45268174511545e-05,0.0077931761659849,0.0067584362391131,31.93706440925598,0.0105343908408241,0.4388661384582519,0.0015909517767345,0.7134366035461426,0.0311551529086739,1,128.0
7.284824630658567e-05,0.0077683109251648,0.0045375164924435,35.671600580215454,0.0014130513927407,0.5459556579589844,0.0011319403051659,0.7056028842926025,0.0104427870430715,2,128.0
0.0183414158422236,0.0952634266806379,0.0504644037082521,39.065481185913086,0.0102522455581574,0.491915225982666,0.0034034168184281,0.6675412654876709,0.0156110165987744,3,128.0
6.080020722898372e-05,0.0086338881406814,0.0062806424282797,20.437458753585812,0.0054175726811013,0.4628620147705078,0.0019691202606937,0.6900913715362549,0.0110548807243937,4,128.0
0.0001056574901455,0.0056926648567225,0.0061700806554895,25.974550008773804,0.0021233381268569,0.6582090854644775,0.001682119474977,0.8978629112243652,0.0233704686028102,5,128.0
0.0001274897707347,0.007044019879984,0.0062717219134537,22.21599006652832,0.0025436922426546,0.6392097473144531,0.0006415458083067,0.9821100234985352,0.0180984403163821,6,128.0
9.316049469314524e-05,0.0069965824913239,0.0086442236504077,22.52814030647278,0.005102863190575,0.3739662170410156,0.0014300133103451,0.6686832904815674,0.0184812933998346,7,128.0
0.0001446754149332,0.0023510422265495,0.0067022822223345,33.282840728759766,0.0125416781901671,0.5095934867858887,0.0014933804898418,0.6873414516448975,0.0992898915479891,8,128.0
6.70852258752852e-05,0.0070800604241477,0.0045814177810491,17.95941138267517,0.0041022165397906,0.3807568550109863,0.0011968574639314,0.6046764850616455,0.0120745867240835,9,128.0
9.761523353719604e-05,0.0028954137613954,0.0048609575135691,27.054914951324463,0.0005985359180455,0.572396993637085,0.0004651134575382,0.7757894992828369,0.0149290920910158,10,128.0
0.0001375910158947,0.0023925253034474,0.0050105844613923,34.00120306015015,0.0021092024332564,0.6410098075866699,0.0013395691256456,0.9604706764221193,0.0179912834451602,11,128.0
0.0014492630114701,0.0063896982209535,0.0038047464642918,50.4980309009552,0.0062314365683302,0.5501158237457275,0.0008756037942837,0.8548715114593506,0.016153641426098,12,128.0
0.0001444422242726,0.0120257556052965,0.0025020272021645,34.3593430519104,0.0014478822195333,0.582388162612915,0.0018799473842471,0.7672693729400635,0.0279176978143176,13,128.0
0.0002057622832482,0.0064244090739957,0.0021192734425013,20.53941559791565,0.0116911610274362,0.4277682304382324,0.0032120609223062,0.564924955368042,0.0775445341412074,14,128.0
9.635378582313338e-05,0.0102267447886135,0.0064301162781314,56.66915798187256,0.0016747112877893,0.5216848850250244,0.0007281347245674,0.6790072917938232,0.011351806413412,15,128.0
0.0001451609184215,0.0051536905116612,0.0073480628027763,39.90684723854065,0.0011090794575928,0.5938122272491455,0.0011091594625044,0.7539839744567871,0.0321523148686594,16,128.0
0.0001281412489534,0.0057594907339822,0.0068639932364125,32.294167041778564,0.0009553435946648,0.4467878341674804,0.001167555304243,0.579693078994751,0.0222333582712066,17,128.0
0.0001184729804928,0.0045705402793091,0.0078989080856401,27.94770312309265,0.0011374730077801,0.4760191440582275,0.0013263557670808,0.631209135055542,0.0212390371255796,18,128.0
6.90695818629535e-05,0.0046818400713287,0.0070450118983443,20.072896480560303,0.0035370806510036,0.4494009017944336,0.0015315200646123,0.6128630638122559,0.011906667710423,19,128.0
7.095574220378579e-05,0.0105709216253579,0.0102006738654083,24.87430953979492,0.0018954032391176,0.5215921401977539,0.0010260785984416,0.6606485843658447,0.0114049124665173,20,128.0
0.0001253981064859,0.0110959403327924,0.0033007819070411,35.7598295211792,0.0017952588193334,0.4480249881744385,0.0008742015799045,0.7863736152648926,0.0127725387299707,21,128.0
9.37774315975304e-05,0.0088089847729271,0.0042859270246541,52.10877060890198,0.0024928203463413,0.73453688621521,0.0007185179945221,0.8712224960327148,0.0210017733768891,22,128.0
0.0160150174335637,0.0344727974747971,0.0452134159232374,30.819629907608032,0.0013350207007016,0.865166187286377,0.0013360656226378,1.1588091850280762,0.0156094713304883,23,128.0
6.00447555580456e-05,0.0068676885848297,0.0030753955753526,26.96855640411377,0.0055080200388054,0.5424590110778809,0.0007329935094106,0.7343823909759521,0.0065412790208227,24,128.0
0.000161164129224,0.0057857926114774,0.0118535659290847,32.42817258834839,0.0159578855446049,0.4629302024841308,0.0013571971973024,0.6876542568206787,0.0399204518853413,25,128.0
9.509848892298816e-05,0.0107454422545587,0.0161070964325359,38.08441734313965,0.0056439685450368,0.6993536949157715,0.0011745626663015,0.9355757236480712,0.0218045048105372,26,128.0
0.0032392467395864,0.0080725822015728,0.0236233213001055,27.89909839630127,0.0103986823693051,0.6796400547027588,0.001346542939383,0.8287935256958008,0.078327394720674,27,128.0
5.556310267826141e-05,0.0072797556929091,0.0045630492048277,24.95613503456116,0.0017715226612866,0.6818547248840332,0.0018819336954697,0.8611929416656494,0.0217556216619576,28,128.0
6.65215992826799e-05,0.0053886922605821,0.0058549393991816,20.32901382446289,0.0026426614455638,0.5261967182159424,0.0007863005588118,0.644873857498169,0.0188570312545715,29,128.0
0.0002522919267006,0.008427707319493,0.0029977779579028,26.49246072769165,0.0050780891102453,0.5111346244812012,0.0014656312692619,0.6965286731719971,0.0287549589144198,0,256.0
8.695573372198655e-05,0.0060602041585903,0.0069924087811645,23.16151475906372,0.0105343908408241,0.348912239074707,0.0015909517767345,0.5882840156555176,0.0311551529086739,1,256.0
7.474905154400969e-05,0.0042678683756835,0.002631505883472,31.390124797821045,0.0014130513927407,0.5263586044311523,0.0011319403051659,0.7654647827148438,0.0104427870430715,2,256.0
0.0046374162285452,0.047999148064571,0.0854523319315856,34.606173276901245,0.0102522455581574,0.4209845066070556,0.0034034168184281,0.6176276206970215,0.0156110165987744,3,256.0
6.355818555978666e-05,0.0077973422424766,0.0072909924411158,18.828070640563965,0.0054175726811013,0.4462335109710693,0.0019691202606937,0.653134822845459,0.0110548807243937,4,256.0
0.000108772222519,0.0025941483075709,0.0063295632320872,22.48053002357483,0.0021233381268569,0.6778824329376221,0.001682119474977,0.8973028659820557,0.0233704686028102,5,256.0
0.0001314342195404,0.0067946741850172,0.0064141295631279,21.4248468875885,0.0025436922426546,0.6695215702056885,0.0006415458083067,0.9588422775268556,0.0180984403163821,6,256.0
8.807496863226423e-05,0.0075860649666646,0.0072916539723521,19.61126732826233,0.005102863190575,0.3656203746795654,0.0014300133103451,0.6504371166229248,0.0184812933998346,7,256.0
0.0001397148101298,0.0015427782980562,0.0055703217651145,19.48168969154358,0.0125416781901671,0.5216701030731201,0.0014933804898418,0.8555397987365723,0.0992898915479891,8,256.0
7.669326129338868e-05,0.0095651877682797,0.0067361258344202,25.10759449005127,0.0041022165397906,0.4069180488586426,0.0011968574639314,0.6240413188934326,0.0120745867240835,9,256.0
9.761798129810373e-05,0.00371665910225,0.0057813135253727,26.570576667785645,0.0005985359180455,0.5951814651489258,0.0004651134575382,0.7346596717834473,0.0149290920910158,10,256.0
0.0001391234581576,0.0022601713847993,0.0037577115727193,25.078720331192017,0.0021092024332564,0.5802502632141113,0.0013395691256456,0.8693842887878418,0.0179912834451602,11,256.0
0.0001602409279371,0.0077945474530413,0.0051072032249191,52.80013847351074,0.0062314365683302,0.5458946228027344,0.0008756037942837,0.7587535381317139,0.016153641426098,12,256.0
0.000143516526899,0.006644188415096,0.0039175639635032,31.836974143981934,0.0014478822195333,0.5693261623382568,0.0018799473842471,0.7360107898712158,0.0279176978143176,13,256.0
0.0002079157881126,0.0062079745209694,0.0015851143618528,25.647890090942383,0.0116911610274362,0.4507184028625488,0.0032120609223062,0.5559871196746826,0.0775445341412074,14,256.0
9.792114061123828e-05,0.0073507251038767,0.0110373282310881,29.125075340271,0.0016747112877893,0.5407617092132568,0.0007281347245674,0.6593770980834961,0.011351806413412,15,256.0
0.0001549185820107,0.0035965240001091,0.0082906484742604,33.091492652893066,0.0011090794575928,0.6275949478149414,0.0011091594625044,0.7421360015869141,0.0321523148686594,16,256.0
0.0001324487989155,0.0048983895387857,0.0065722041209839,21.91909861564636,0.0009553435946648,0.4873504638671875,0.001167555304243,0.6243472099304199,0.0222333582712066,17,256.0
0.0001174192832134,0.0053378123658086,0.0063350970786785,22.23491144180298,0.0011374730077801,0.6254754066467285,0.0013263557670808,0.6152300834655762,0.0212390371255796,18,256.0
7.012175899359837e-05,0.0042203830380962,0.0065060080265561,18.776099681854248,0.0035370806510036,0.5555007457733154,0.0015315200646123,0.6500778198242188,0.011906667710423,19,256.0
9.225052528982018e-05,0.0092965538632878,0.0106657533553098,22.440065383911133,0.0018954032391176,0.5167019367218018,0.0010260785984416,0.7075881958007812,0.0114049124665173,20,256.0
0.0001253629819711,0.0075938957528832,0.0052177315492134,36.16326928138733,0.0017952588193334,0.4796416759490967,0.0008742015799045,0.8699080944061279,0.0127725387299707,21,256.0
9.113135197506377e-05,0.0098238303232608,0.0053198036167156,36.22454452514648,0.0024928203463413,0.7723679542541504,0.0007185179945221,0.8969659805297852,0.0210017733768891,22,256.0
0.014508476058661,0.0214574745424577,0.0292520666053286,26.1104576587677,0.0013350207007016,0.8083999156951904,0.0013360656226378,1.077411413192749,0.0156094713304883,23,256.0
6.181993381271974e-05,0.0063644241407526,0.0034962205382656,21.932717323303223,0.0055080200388054,0.5460526943206787,0.0007329935094106,0.7420904636383057,0.0065412790208227,24,256.0
0.0001675038483059,0.0074647503954163,0.0084684868644045,24.68863558769226,0.0159578855446049,0.6264653205871582,0.0013571971973024,0.8944604396820068,0.0399204518853413,25,256.0
9.00827424728042e-05,0.0123430081757891,0.0125138286324609,31.094610929489136,0.0056439685450368,0.6894643306732178,0.0011745626663015,0.926189422607422,0.0218045048105372,26,256.0
0.0033167242268757,0.0086737124520448,0.0249418804715543,21.658295392990112,0.0103986823693051,0.6668334007263184,0.001346542939383,1.132584571838379,0.078327394720674,27,256.0
5.394673661914448e-05,0.0068684615080263,0.0031227911854623,20.033161878585812,0.0017715226612866,0.8193211555480957,0.0018819336954697,1.038630485534668,0.0217556216619576,28,256.0
6.596730372433838e-05,0.0045441511868321,0.0063856593549722,19.609272956848145,0.0026426614455638,0.5304114818572998,0.0007863005588118,0.703624963760376,0.0188570312545715,29,256.0
0.0002653558025975,0.0074900801275097,0.0045769239715608,21.710082054138184,0.0050780891102453,0.4626133441925049,0.0014656312692619,0.649202823638916,0.0287549589144198,0,512.0
8.753781415329342e-05,0.0065509265975749,0.0073841170280272,21.05790615081787,0.0105343908408241,0.3575117588043213,0.0015909517767345,0.5990409851074219,0.0311551529086739,1,512.0
7.609549518692305e-05,0.0041367330513313,0.0029289652054946,20.322999715805054,0.0014130513927407,0.5228044986724854,0.0011319403051659,0.7162182331085205,0.0104427870430715,2,512.0
0.0056567563898276,0.0143453313809769,0.0191991017958455,43.29220008850098,0.0102522455581574,0.4535930156707763,0.0034034168184281,0.6541094779968262,0.0156110165987744,3,512.0
6.428565582627942e-05,0.0081316637590535,0.006538457351194,19.785107374191284,0.0054175726811013,0.4595375061035156,0.0019691202606937,0.6565635204315186,0.0110548807243937,4,512.0
0.0001060755354128,0.0030426657271491,0.0076422918578351,22.674695253372192,0.0021233381268569,0.7791240215301514,0.001682119474977,0.9788618087768556,0.0233704686028102,5,512.0
0.0001289304731934,0.006901528743469,0.0068553726937398,21.84616613388061,0.0025436922426546,0.6177628040313721,0.0006415458083067,0.8599951267242432,0.0180984403163821,6,512.0
9.346333377893888e-05,0.0068887082956438,0.0072321256362741,18.76977777481079,0.005102863190575,0.3673830032348633,0.0014300133103451,0.6670761108398438,0.0184812933998346,7,512.0
0.0001401338250391,0.0025261962087586,0.0054132147756003,21.90337061882019,0.0125416781901671,0.5246102809906006,0.0014933804898418,0.7270150184631348,0.0992898915479891,8,512.0
7.699523244473206e-05,0.0092785262772986,0.0082705745401017,22.28378629684448,0.0041022165397906,0.422285795211792,0.0011968574639314,0.6541731357574463,0.0120745867240835,9,512.0
9.715299460554642e-05,0.0041006065505541,0.0069780431110802,24.1484215259552,0.0005985359180455,0.5710289478302002,0.0004651134575382,0.7339568138122559,0.0149290920910158,10,512.0
0.0001376225494541,0.002497826451213,0.0047988757895756,28.407552242279053,0.0021092024332564,0.6139490604400635,0.0013395691256456,0.9243340492248536,0.0179912834451602,11,512.0
0.0002267752268364,0.0081875848746664,0.0080406515514043,51.76422905921936,0.0062314365683302,0.5350673198699951,0.0008756037942837,0.7437200546264648,0.016153641426098,12,512.0
0.0001455873805856,0.0053083330051212,0.0055850658192325,35.34132218360901,0.0014478822195333,0.633709192276001,0.0018799473842471,0.7293353080749512,0.0279176978143176,13,512.0
0.0002019102881701,0.0063708003306878,0.0017086103201899,22.37761425971985,0.0116911610274362,0.4748857021331787,0.0032120609223062,0.6182072162628174,0.0775445341412074,14,512.0
0.0001005794847378,0.005143795713844,0.0063878938435909,34.181499004364014,0.0016747112877893,0.4960243701934814,0.0007281347245674,0.7144255638122559,0.011351806413412,15,512.0
0.0001499203713536,0.0014521128749833,0.0051755181235404,29.53489327430725,0.0011090794575928,0.5625512599945068,0.0011091594625044,0.7270646095275879,0.0321523148686594,16,512.0
0.000131904416719,0.0037871889140938,0.0062968440810062,21.86188697814941,0.0009553435946648,0.5150012969970703,0.001167555304243,0.7042529582977295,0.0222333582712066,17,512.0
0.0001225644914742,0.0048813994545053,0.0067215220168908,20.75458693504333,0.0011374730077801,0.5082981586456299,0.0013263557670808,0.6782259941101074,0.0212390371255796,18,512.0
6.882155748659802e-05,0.0043193039718718,0.0055798349424884,20.352425813674927,0.0035370806510036,0.4404866695404053,0.0015315200646123,0.5845358371734619,0.011906667710423,19,512.0
6.966206802550001e-05,0.0092002178074281,0.0076543546249929,40.757611989974976,0.0018954032391176,0.5994179248809814,0.0010260785984416,0.6967840194702148,0.0114049124665173,20,512.0
0.0001216363102321,0.0056997937360836,0.0052317932331054,38.65856456756592,0.0017952588193334,0.4808404445648193,0.0008742015799045,0.8047504425048828,0.0127725387299707,21,512.0
8.676071700757238e-05,0.0076110743018602,0.003121746086745,42.10888886451721,0.0024928203463413,0.6648435592651367,0.0007185179945221,0.9352009296417236,0.0210017733768891,22,512.0
0.0160291578248422,0.03430050239687,0.0427638550719533,40.65086555480957,0.0013350207007016,0.8851268291473389,0.0013360656226378,1.1061463356018066,0.0156094713304883,23,512.0
6.095548137392548e-05,0.0059862552845489,0.0037428733870491,21.008992195129395,0.0055080200388054,0.5285279750823975,0.0007329935094106,0.7160255908966064,0.0065412790208227,24,512.0
0.0001678257608318,0.0084028087217534,0.010463603223573,22.09535121917725,0.0159578855446049,0.4450969696044922,0.0013571971973024,0.7623169422149658,0.0399204518853413,25,512.0
9.227096420361864e-05,0.0065921209793174,0.0084571713085506,36.16372084617615,0.0056439685450368,0.6912093162536621,0.0011745626663015,0.9553320407867432,0.0218045048105372,26,512.0
0.0033670142208521,0.0088818556046376,0.0250582771803427,20.79538631439209,0.0103986823693051,0.5804393291473389,0.001346542939383,0.7377932071685791,0.078327394720674,27,512.0
5.5000605358931e-05,0.0073146153938323,0.0043227014098728,20.919514417648315,0.0017715226612866,0.6378047466278076,0.0018819336954697,0.8132205009460449,0.0217556216619576,28,512.0
6.694398594867164e-05,0.0049981847926884,0.0062309512815697,18.94730234146118,0.0026426614455638,0.5056779384613037,0.0007863005588118,0.6182839870452881,0.0188570312545715,29,512.0
0.0002682565246038,0.0073514800803504,0.004715688216674,22.8740816116333,0.0050780891102453,0.5075290203094482,0.0014656312692619,0.7173938751220703,0.0287549589144198,0,1024.0
8.742427664565344e-05,0.0066951190041036,0.0066644249598485,21.582451343536377,0.0105343908408241,0.3337459564208984,0.0015909517767345,0.60123610496521,0.0311551529086739,1,1024.0
7.388794924227949e-05,0.0042209717873052,0.0029744083652663,19.95508575439453,0.0014130513927407,0.5821678638458252,0.0011319403051659,0.7694830894470215,0.0104427870430715,2,1024.0
0.0192113722000074,0.0857192339577956,0.05558139901159,46.19497871398926,0.0102522455581574,0.4687161445617676,0.0034034168184281,0.6238763332366943,0.0156110165987744,3,1024.0
6.025984760043014e-05,0.0076903847234295,0.0074543229241605,21.719890117645264,0.0054175726811013,0.4535825252532959,0.0019691202606937,0.6499407291412354,0.0110548807243937,4,1024.0
0.0001116497852899,0.002275494088636,0.0065532900486994,23.576496601104736,0.0021233381268569,0.6808145046234131,0.001682119474977,0.9260728359222412,0.0233704686028102,5,1024.0
0.0001290602456258,0.006851852300176,0.0071076611372672,22.86277675628662,0.0025436922426546,0.6102204322814941,0.0006415458083067,0.8663167953491211,0.0180984403163821,6,1024.0
8.605019464762443e-05,0.0062397199586717,0.0076345925510749,21.05062961578369,0.005102863190575,0.3674042224884033,0.0014300133103451,0.6394555568695068,0.0184812933998346,7,1024.0
0.0001392995954737,0.002322703271024,0.0063062562255293,19.967706203460693,0.0125416781901671,0.5293388366699219,0.0014933804898418,0.7059309482574463,0.0992898915479891,8,1024.0
9.604945256544984e-05,0.0118547693289265,0.0111645156345736,24.579090356826782,0.0041022165397906,0.4215333461761474,0.0011968574639314,0.6388840675354004,0.0120745867240835,9,1024.0
9.871951214586172e-05,0.0043171959983274,0.0078847276744078,25.082316398620605,0.0005985359180455,0.5687642097473145,0.0004651134575382,0.7846629619598389,0.0149290920910158,10,1024.0
0.000133729297311,0.0031365278902244,0.0048790020965698,30.328398942947388,0.0021092024332564,0.5899362564086914,0.0013395691256456,0.887855052947998,0.0179912834451602,11,1024.0
0.000326915640443,0.0074139088780744,0.0070440988235154,54.69344854354858,0.0062314365683302,0.6497156620025635,0.0008756037942837,0.8363313674926758,0.016153641426098,12,1024.0
0.0001477292336237,0.0039872785609042,0.0044463316022974,25.76810646057129,0.0014478822195333,0.6265170574188232,0.0018799473842471,0.7563443183898926,0.0279176978143176,13,1024.0
0.0002098743267417,0.0059779825239395,0.0023030652856457,23.9378981590271,0.0116911610274362,0.4806764125823974,0.0032120609223062,0.6977417469024658,0.0775445341412074,14,1024.0
0.0001056142972775,0.00600709070956,0.0054731064335151,27.26473903656006,0.0016747112877893,0.5127794742584229,0.0007281347245674,0.7008635997772217,0.011351806413412,15,1024.0
0.0001522746255095,0.0034487847176947,0.0041091818716448,29.90594840049744,0.0011090794575928,0.6739871501922607,0.0011091594625044,0.7643802165985107,0.0321523148686594,16,1024.0
0.0001333139836414,0.0043504501977978,0.0073508206063976,22.947811365127563,0.0009553435946648,0.50180983543396,0.001167555304243,0.654604434967041,0.0222333582712066,17,1024.0
0.0001201088745386,0.0049669731990112,0.0064102765981139,21.925762176513672,0.0011374730077801,0.6892099380493164,0.0013263557670808,0.871145486831665,0.0212390371255796,18,1024.0
6.908971539325572e-05,0.0038399760803414,0.0059313923321534,18.898338556289676,0.0035370806510036,0.4571292400360107,0.0015315200646123,0.7091765403747559,0.011906667710423,19,1024.0
7.088145295668369e-05,0.0096166056625478,0.0042060325471718,49.85150146484375,0.0018954032391176,0.679326057434082,0.0010260785984416,0.8243229389190674,0.0114049124665173,20,1024.0
0.0001265864489159,0.0054207147189517,0.0060997546764709,43.75784611701965,0.0017952588193334,0.7069640159606934,0.0008742015799045,1.174647569656372,0.0127725387299707,21,1024.0
9.363428437278998e-05,0.0027074543086314,0.0047735576653655,51.38968563079834,0.0024928203463413,0.8016340732574463,0.0007185179945221,1.0159165859222412,0.0210017733768891,22,1024.0
0.0157998895768608,0.0353803156967267,0.0441334684707687,66.99546265602112,0.0013350207007016,1.0310444831848145,0.0013360656226378,1.1365461349487305,0.0156094713304883,23,1024.0
6.178071368136232e-05,0.00567879611272,0.0041723364338306,36.7604923248291,0.0055080200388054,0.575221061706543,0.0007329935094106,0.7941694259643555,0.0065412790208227,24,1024.0
0.0001680354031645,0.0083350216797843,0.0103321681720091,31.111860752105716,0.0159578855446049,0.4778866767883301,0.0013571971973024,0.8268752098083496,0.0399204518853413,25,1024.0
9.202990027839714e-05,0.0059706895855306,0.006926478524619,33.87738823890686,0.0056439685450368,0.7003984451293945,0.0011745626663015,0.935344696044922,0.0218045048105372,26,1024.0
0.003363931691966,0.0086784932372275,0.0253784407551975,24.9421501159668,0.0103986823693051,0.5984318256378174,0.001346542939383,0.7822690010070801,0.078327394720674,27,1024.0
5.488524873735005e-05,0.0080078105844746,0.005556194580188,19.50618004798889,0.0017715226612866,0.7028799057006836,0.0018819336954697,0.8874702453613281,0.0217556216619576,28,1024.0
6.713124060476379e-05,0.0052528926128819,0.0064615324542346,24.024529218673703,0.0026426614455638,0.5218715667724609,0.0007863005588118,0.6520555019378662,0.0188570312545715,29,1024.0
0.0002669881282042,0.0069794444441331,0.0042101552494472,22.14849877357483,0.0050780891102453,0.5448698997497559,0.0014656312692619,0.68485426902771,0.0287549589144198,0,2048.0
8.842756397996107e-05,0.0066248673981522,0.0071206088561044,28.730708122253414,0.0105343908408241,0.4572606086730957,0.0015909517767345,0.7045159339904785,0.0311551529086739,1,2048.0
7.829689820273433e-05,0.0031831596693072,0.0020244684368931,27.971657514572144,0.0014130513927407,0.635901927947998,0.0011319403051659,0.7918188571929932,0.0104427870430715,2,2048.0
0.0055928105068453,0.0087787205821384,0.0140455225920016,57.73243021965027,0.0102522455581574,0.5094418525695801,0.0034034168184281,0.6983520984649658,0.0156110165987744,3,2048.0
6.468012854508782e-05,0.0078843972741544,0.0067516979020396,30.848830223083496,0.0054175726811013,0.5303988456726074,0.0019691202606937,0.7475669384002686,0.0110548807243937,4,2048.0
0.000108872444191,0.0021708427836188,0.0058022155112231,32.96344065666199,0.0021233381268569,0.7613279819488525,0.001682119474977,1.102617263793945,0.0233704686028102,5,2048.0
0.0001306163769335,0.0070588991300459,0.0068738778111055,30.417850255966187,0.0025436922426546,0.7063536643981934,0.0006415458083067,1.193019151687622,0.0180984403163821,6,2048.0
9.230479989916774e-05,0.0069505807470116,0.0072283151718038,36.0783998966217,0.005102863190575,0.5648365020751953,0.0014300133103451,0.9746463298797609,0.0184812933998346,7,2048.0
0.0001434512902405,0.0020503004172503,0.0058689040288824,38.03944540023804,0.0125416781901671,0.7175264358520508,0.0014933804898418,0.9066381454467772,0.0992898915479891,8,2048.0
7.119634283800914e-05,0.0089526433871954,0.0079501692097242,36.21053981781006,0.0041022165397906,0.5034613609313965,0.0011968574639314,0.7617526054382324,0.0120745867240835,9,2048.0
9.818356409343476e-05,0.0045013958836495,0.0075575539834815,39.949005126953125,0.0005985359180455,0.785651683807373,0.0004651134575382,0.9456336498260498,0.0149290920910158,10,2048.0
0.0001382930400909,0.0028835575586609,0.004759364226579,34.43654942512512,0.0021092024332564,0.7938530445098877,0.0013395691256456,1.0479726791381836,0.0179912834451602,11,2048.0
0.0002356241768883,0.0057279069704855,0.0090831510726058,64.48560643196106,0.0062314365683302,0.6919219493865967,0.0008756037942837,0.891094446182251,0.016153641426098,12,2048.0
0.0001507139692043,0.0045453152836957,0.0049390356603294,33.393882513046265,0.0014478822195333,0.6487913131713867,0.0018799473842471,0.7786610126495361,0.0279176978143176,13,2048.0
0.0002082475680668,0.0061350063664381,0.0019845794058448,32.90066719055176,0.0116911610274362,0.5031375885009766,0.0032120609223062,0.5888195037841797,0.0775445341412074,14,2048.0
0.000102091427806,0.0052550925552373,0.0064810182136275,49.162105083465576,0.0016747112877893,0.5908854007720947,0.0007281347245674,0.8498184680938721,0.011351806413412,15,2048.0
0.0001506328029051,0.0042282160773491,0.0029233795179569,38.79034471511841,0.0011090794575928,0.7538487911224365,0.0011091594625044,0.939201831817627,0.0321523148686594,16,2048.0
0.0001290008026441,0.0043157214825559,0.0075619663798071,31.674506425857544,0.0009553435946648,0.6018707752227783,0.001167555304243,0.7169859409332275,0.0222333582712066,17,2048.0
0.0001195529718399,0.0045717400301958,0.0062000878262147,27.708800315856934,0.0011374730077801,0.5502228736877441,0.0013263557670808,0.7227787971496582,0.0212390371255796,18,2048.0
6.861386586207719e-05,0.0038708229832148,0.0053892861055406,29.931612491607662,0.0035370806510036,0.522815465927124,0.0015315200646123,0.6625261306762695,0.011906667710423,19,2048.0
7.006448474476586e-05,0.0084702584974737,0.0061914163111973,55.796902656555176,0.0018954032391176,0.5479624271392822,0.0010260785984416,0.7137970924377441,0.0114049124665173,20,2048.0
0.0001224005700671,0.0048457899957097,0.0064953649525207,33.28609538078308,0.0017952588193334,0.6112849712371826,0.0008742015799045,1.0663468837738037,0.0127725387299707,21,2048.0
9.138899513634336e-05,0.0037808203968497,0.0028330843326079,57.57354021072388,0.0024928203463413,0.6658210754394531,0.0007185179945221,0.8963382244110107,0.0210017733768891,22,2048.0
0.0147354497162519,0.0229441650302418,0.030922521417723,53.84713077545166,0.0013350207007016,0.8848302364349365,0.0013360656226378,1.2145590782165527,0.0156094713304883,23,2048.0
5.976898870797184e-05,0.0064834952021972,0.004273633466277,29.686758518218998,0.0055080200388054,0.6052377223968506,0.0007329935094106,0.7418661117553711,0.0065412790208227,24,2048.0
0.0001676445169149,0.0083496455124876,0.0100339446871192,32.540382385253906,0.0159578855446049,0.530550479888916,0.0013571971973024,0.7740817070007324,0.0399204518853413,25,2048.0
9.327803474061812e-05,0.0054079440909542,0.0064054998906912,45.21452784538269,0.0056439685450368,0.8834102153778076,0.0011745626663015,1.1188981533050537,0.0218045048105372,26,2048.0
0.003291648536282,0.0076935711769523,0.0235540440216077,37.05396056175232,0.0103986823693051,0.7149426937103271,0.001346542939383,0.8334593772888184,0.078327394720674,27,2048.0
5.466186453993622e-05,0.0078970941347804,0.0058381647673596,33.18831753730774,0.0017715226612866,0.8273851871490479,0.0018819336954697,0.9394450187683104,0.0217556216619576,28,2048.0
6.726614371119025e-05,0.0048358957878737,0.0064290832851446,34.48035645484924,0.0026426614455638,0.5009586811065674,0.0007863005588118,0.6717534065246582,0.0188570312545715,29,2048.0
