Amari LBFGSB,Dilations error LBFGSB,Shifts error LBFGSB,Time LBFGSB,Amari MVICAD,Time MVICAD,Amari MVICAD ext,Time MVICAD ext,Amari permica,random state,penalization_scale
0.0003431123770139,0.0167237504033481,0.0034664297998137,62.69262170791626,0.0050780891102458,0.4909074306488037,0.0014656312692619,0.6984508037567139,0.0287549589155338,0,1e-08
9.550408911418452e-05,0.0128135105853425,0.0075110220852346,62.66505718231201,0.0105343908408243,0.3459131717681885,0.0015909517767346,0.5989336967468262,0.0311551529089707,1,1e-08
0.0001229471714092,0.0079901115205906,0.0053271667720968,63.28984928131104,0.0014130513927408,0.5349500179290771,0.0011319403051659,0.735323429107666,0.0104427871068834,2,1e-08
0.00622558424863,0.0597723852203337,0.0872673932854094,65.47895884513855,0.0102522455581574,0.451230525970459,0.0034034168184281,0.6991701126098633,0.0156110166122706,3,1e-08
6.709575837549053e-05,0.0212265454939351,0.0075070954083354,65.05569815635681,0.0054175726811012,0.4648778438568115,0.001969120260694,0.6495239734649658,0.0110548807241868,4,1e-08
0.0001409828979498,0.0094931657283384,0.0061570843307519,66.39956617355347,0.0021233381268569,0.669513463973999,0.001682119474977,0.874605655670166,0.0233704686210114,5,1e-08
0.000139178206334,0.0063786867949573,0.0087218536348895,69.10302257537842,0.0025436922426547,0.7392213344573975,0.0006415458083068,0.8789310455322266,0.0180984403504118,6,1e-08
0.0001034426382685,0.0149468313635042,0.0120446413077915,68.6650743484497,0.0051028631905751,0.4200930595397949,0.0014300133103451,0.6420962810516357,0.018481293385996,7,1e-08
0.0001937268077128,0.0092405085735846,0.0112164943489446,70.00373530387878,0.0125416781901671,0.5853619575500488,0.0014933804898419,0.6860718727111816,0.0992898915501972,8,1e-08
6.719397231283638e-05,0.0088679862998004,0.0024777355249201,64.80940127372742,0.0041022165397906,0.4032752513885498,0.0011968574639314,0.5836460590362549,0.0120745867264876,9,1e-08
0.0001465035155306,0.007521153478552,0.0114504045781722,65.89090633392334,0.0005985359180455,0.5646562576293945,0.0004651134575383,0.7837977409362793,0.0149290920858751,10,1e-08
0.0001478198831228,0.0079731813667002,0.0073705406657226,68.65664720535278,0.0021092024332566,0.8563141822814941,0.0013395691256456,1.0541396141052246,0.017991283440632,11,1e-08
0.0778754641712705,0.0236857965927067,0.0391380802551077,71.19046187400818,0.0062314365683309,0.5393400192260742,0.0008756037942838,0.7416737079620361,0.0161536414255663,12,1e-08
0.0001749220209085,0.01264143320534,0.0102965158075411,67.92620086669922,0.0014478822195257,0.7035257816314697,0.0018799473842399,0.7086935043334961,0.0279176978005599,13,1e-08
0.0002326702949961,0.0059590861442313,0.0052169794217243,70.24610424041748,0.0116911610274254,0.4190196990966797,0.0032120609223017,0.5374104976654053,0.0775445341226934,14,1e-08
0.0003320443642149,0.0076601794920584,0.0091378592049621,67.93764233589172,0.0016747112877894,0.5577120780944824,0.0007281347245675,0.7373805046081543,0.0113518064035797,15,1e-08
0.0066958735244689,0.0247980211940627,0.0272955477744323,67.58591842651367,0.001109079457593,0.5939621925354004,0.0011091594625043,0.7331268787384033,0.0321523148817684,16,1e-08
0.0001399633463874,0.0097408375888746,0.0067908135322759,66.50997996330261,0.0009553435946639,0.4980530738830566,0.0011675553042428,0.6539597511291504,0.022233358257453,17,1e-08
0.0001428123123662,0.0063001642409069,0.009971521502688,66.79397106170654,0.0011374730077799,0.5738029479980469,0.0013263557670806,0.682530403137207,0.0212390371136807,18,1e-08
7.615684174298032e-05,0.0083184606352997,0.0102136334116072,73.64410305023193,0.0035370806510032,0.4439709186553955,0.0015315200646124,0.6465885639190674,0.0119066676979462,19,1e-08
0.0003290180856592,0.0243327945430441,0.0173049488462587,72.83580160140991,0.0050780891102458,0.4948511123657226,0.0014656312692619,0.6600949764251709,0.0287549589155338,0,3.162277660168379e-08
9.208652166215656e-05,0.0128501963945295,0.0061160546234284,68.45492172241211,0.0105343908408243,0.4208333492279053,0.0015909517767346,0.7798471450805664,0.0311551529089707,1,3.162277660168379e-08
0.0002469399905413,0.0070008738572292,0.0056329063206702,67.90791749954224,0.0014130513927408,0.5541954040527344,0.0011319403051659,0.7396693229675293,0.0104427871068834,2,3.162277660168379e-08
0.0051828498033192,0.0594146736972389,0.0925603507788258,67.21133947372437,0.0102522455581574,0.5368831157684326,0.0034034168184281,0.6451826095581055,0.0156110166122706,3,3.162277660168379e-08
7.183546239009074e-05,0.0171780839787742,0.0069812308216173,74.6349675655365,0.0054175726811012,0.468048095703125,0.001969120260694,0.6792316436767578,0.0110548807241868,4,3.162277660168379e-08
0.0001189858398805,0.0091847515371847,0.0038322152321713,70.28980875015259,0.0021233381268569,0.8066554069519043,0.001682119474977,0.9281141757965088,0.0233704686210114,5,3.162277660168379e-08
0.000140914019406,0.0089069267583067,0.0090818860703902,73.6293306350708,0.0025436922426547,0.6445004940032959,0.0006415458083068,0.9596619606018066,0.0180984403504118,6,3.162277660168379e-08
0.0001014637964656,0.0096710878770571,0.0067425055116289,70.5879864692688,0.0051028631905751,0.3928000926971435,0.0014300133103451,0.6903047561645508,0.018481293385996,7,3.162277660168379e-08
0.0003856007295009,0.0237525666614989,0.0446781637559569,70.54281497001648,0.0125416781901671,0.8617324829101562,0.0014933804898419,0.9623301029205322,0.0992898915501972,8,3.162277660168379e-08
7.707531313522568e-05,0.0090611652671299,0.0052116564806237,64.64971733093262,0.0041022165397906,0.4594109058380127,0.0011968574639314,0.6131303310394287,0.0120745867264876,9,3.162277660168379e-08
0.0001655207391276,0.0078756460490487,0.0175324062975605,71.6080858707428,0.0005985359180455,0.6278190612792969,0.0004651134575383,0.7791249752044678,0.0149290920858751,10,3.162277660168379e-08
0.0002272649412869,0.0146874166925932,0.0212536789418631,72.2959451675415,0.0021092024332566,0.5896203517913818,0.0013395691256456,1.056288242340088,0.017991283440632,11,3.162277660168379e-08
0.0755012205718456,0.0241892820074741,0.0395127948625036,72.50628614425659,0.0062314365683309,0.9343500137329102,0.0008756037942838,0.8759636878967285,0.0161536414255663,12,3.162277660168379e-08
0.0006477291695649,0.0099531188377854,0.0067461333796024,72.58428239822388,0.0014478822195257,0.8571317195892334,0.0018799473842399,0.8263473510742188,0.0279176978005599,13,3.162277660168379e-08
0.0002344312730641,0.006174522492337,0.0035077927954987,68.10251522064209,0.0116911610274254,0.4468920230865478,0.0032120609223017,0.5219254493713379,0.0775445341226934,14,3.162277660168379e-08
0.0011227471105753,0.009969836373271,0.0052963538907687,65.25417232513428,0.0016747112877894,0.539910078048706,0.0007281347245675,0.7412617206573486,0.0113518064035797,15,3.162277660168379e-08
0.001510368121118,0.0282685679564278,0.0356073715391518,68.25251197814941,0.001109079457593,0.5935764312744141,0.0011091594625043,0.8189022541046143,0.0321523148817684,16,3.162277660168379e-08
0.000181244983579,0.0110014826581789,0.0099518425843803,69.78038597106934,0.0009553435946639,0.7942309379577637,0.0011675553042428,0.6683363914489746,0.022233358257453,17,3.162277660168379e-08
0.0001444064212523,0.0039511161584198,0.0082440651626789,76.50180149078369,0.0011374730077799,0.7005681991577148,0.0013263557670806,0.705066442489624,0.0212390371136807,18,3.162277660168379e-08
7.657855067408904e-05,0.0070226246764193,0.0088530310446461,67.95249581336975,0.0035370806510032,0.4910464286804199,0.0015315200646124,0.681321382522583,0.0119066676979462,19,3.162277660168379e-08
0.0002921142444724,0.0222711356009538,0.0154413627832604,75.44739580154419,0.0050780891102458,0.4855556488037109,0.0014656312692619,0.714111328125,0.0287549589155338,0,1e-07
9.2825726715214e-05,0.0122680782186215,0.0109736065320979,77.41406583786011,0.0105343908408243,0.5132935047149658,0.0015909517767346,0.7213644981384277,0.0311551529089707,1,1e-07
0.0001397641430319,0.0065184626061499,0.0062662748180319,73.35705971717834,0.0014130513927408,0.5384414196014404,0.0011319403051659,0.734849214553833,0.0104427871068834,2,1e-07
0.0056122431984869,0.0548663842865064,0.0941811157025668,72.22949290275574,0.0102522455581574,0.5694143772125244,0.0034034168184281,0.7038066387176514,0.0156110166122706,3,1e-07
7.277662931868268e-05,0.0154651030757451,0.0050905725905854,71.62488746643066,0.0054175726811012,0.5095064640045166,0.001969120260694,0.6990070343017578,0.0110548807241868,4,1e-07
0.0001310292461705,0.0091988906656294,0.0066518004262516,72.04586791992188,0.0021233381268569,0.7988424301147461,0.001682119474977,0.9503393173217772,0.0233704686210114,5,1e-07
0.0001374098294994,0.006329808377483,0.0093145102407506,74.5837345123291,0.0025436922426547,0.6562771797180176,0.0006415458083068,1.1648948192596436,0.0180984403504118,6,1e-07
0.00010274391737,0.0094742191135093,0.0123463142240411,65.15066981315613,0.0051028631905751,0.4739882946014404,0.0014300133103451,0.7601778507232666,0.018481293385996,7,1e-07
0.0002099384180504,0.0070069683675858,0.0049185185588798,77.70951128005981,0.0125416781901671,0.5350930690765381,0.0014933804898419,0.7880287170410156,0.0992898915501972,8,1e-07
7.991516585128532e-05,0.0104081199947295,0.0080587254506682,72.74927616119385,0.0041022165397906,0.583507776260376,0.0011968574639314,0.6772568225860596,0.0120745867264876,9,1e-07
0.0001409306153449,0.0093261045654434,0.014657984610542,73.86270236968994,0.0005985359180455,0.6834113597869873,0.0004651134575383,0.8170328140258789,0.0149290920858751,10,1e-07
0.0001198891425734,0.0210134819195163,0.0253171512971374,76.70314455032349,0.0021092024332566,0.7665505409240723,0.0013395691256456,1.0532636642456057,0.017991283440632,11,1e-07
0.0735754420251255,0.0318606368174979,0.0497179731734683,74.23720598220825,0.0062314365683309,0.5730667114257812,0.0008756037942838,0.8210437297821045,0.0161536414255663,12,1e-07
0.0001492166530274,0.0118443893968814,0.0062904703929981,75.94105410575867,0.0014478822195257,0.7161910533905029,0.0018799473842399,0.8944971561431885,0.0279176978005599,13,1e-07
0.0002352092755372,0.0061109951559019,0.0066933587655894,75.0732991695404,0.0116911610274254,0.4318270683288574,0.0032120609223017,0.6503102779388428,0.0775445341226934,14,1e-07
0.0002945604928605,0.0093447851915629,0.0088687880306981,73.69950795173645,0.0016747112877894,0.710315465927124,0.0007281347245675,0.8644843101501465,0.0113518064035797,15,1e-07
0.0012496800633763,0.0468258996123762,0.0736534986922913,73.25640392303467,0.001109079457593,0.6230285167694092,0.0011091594625043,0.8248591423034668,0.0321523148817684,16,1e-07
0.0001455365454242,0.0138287726343829,0.0117657193507332,78.61571669578552,0.0009553435946639,0.4681246280670166,0.0011675553042428,0.7487387657165527,0.022233358257453,17,1e-07
0.0001432970897169,0.0051273417971105,0.0100782213513791,63.37103319168091,0.0011374730077799,0.7715163230895996,0.0013263557670806,0.9262232780456544,0.0212390371136807,18,1e-07
7.644887511199331e-05,0.009899340397065,0.0080650545003205,66.01863098144531,0.0035370806510032,0.4549293518066406,0.0015315200646124,0.6060097217559814,0.0119066676979462,19,1e-07
0.0003154908533652,0.0182772113836249,0.0044422947716795,76.52722311019897,0.0050780891102458,0.5228686332702637,0.0014656312692619,0.6727814674377441,0.0287549589155338,0,3.162277660168379e-07
0.0001020992304594,0.0118516149867652,0.0143755173004847,72.34754157066345,0.0105343908408243,0.3851408958435058,0.0015909517767346,0.6189639568328857,0.0311551529089707,1,3.162277660168379e-07
0.0001556917196636,0.007805407578383,0.0045613217754856,73.419842004776,0.0014130513927408,0.8285367488861084,0.0011319403051659,0.8006250858306885,0.0104427871068834,2,3.162277660168379e-07
0.0051692953912295,0.0641538320520841,0.0891148551489342,71.69529604911804,0.0102522455581574,0.456357479095459,0.0034034168184281,0.6895496845245361,0.0156110166122706,3,3.162277660168379e-07
6.710841841454465e-05,0.0198326405713958,0.010210720582808,63.37127423286438,0.0054175726811012,0.4578523635864258,0.001969120260694,0.6855370998382568,0.0110548807241868,4,3.162277660168379e-07
0.000113581650689,0.0078970661864846,0.0084377685711236,72.6303768157959,0.0021233381268569,0.6913013458251953,0.001682119474977,0.9057285785675048,0.0233704686210114,5,3.162277660168379e-07
0.000138664261146,0.0067849169461183,0.0084873777978583,71.36436891555786,0.0025436922426547,0.7630107402801514,0.0006415458083068,0.9973950386047364,0.0180984403504118,6,3.162277660168379e-07
0.000108391529316,0.015186295064433,0.0101186295721292,63.61715006828308,0.0051028631905751,0.5387594699859619,0.0014300133103451,0.6862125396728516,0.018481293385996,7,3.162277660168379e-07
0.0001686598206123,0.0092191201950832,0.0095402391331553,75.89196705818176,0.0125416781901671,0.7924637794494629,0.0014933804898419,0.8167285919189453,0.0992898915501972,8,3.162277660168379e-07
7.901500613307632e-05,0.0133471010486537,0.0075324717118358,70.90239596366882,0.0041022165397906,0.538999080657959,0.0011968574639314,0.6656413078308105,0.0120745867264876,9,3.162277660168379e-07
0.0001046177806576,0.0084772120868911,0.0137372960499964,73.43802237510681,0.0005985359180455,0.6508474349975586,0.0004651134575383,0.8498859405517578,0.0149290920858751,10,3.162277660168379e-07
7.657810715306172e-05,0.0102151384309937,0.0097604262221864,72.56923413276672,0.0021092024332566,0.632922887802124,0.0013395691256456,1.0635404586791992,0.017991283440632,11,3.162277660168379e-07
0.0691684701961567,0.0222266129578497,0.0360092403765311,74.02933478355408,0.0062314365683309,0.6375799179077148,0.0008756037942838,0.8703293800354004,0.0161536414255663,12,3.162277660168379e-07
0.0004603924694867,0.0123349490664888,0.0080112847545681,67.94595193862915,0.0014478822195257,0.7059147357940674,0.0018799473842399,0.7228519916534424,0.0279176978005599,13,3.162277660168379e-07
0.0002352985575859,0.0069397647339498,0.0065507393755454,68.70532131195068,0.0116911610274254,0.4462771415710449,0.0032120609223017,0.5530061721801758,0.0775445341226934,14,3.162277660168379e-07
0.0006949516948118,0.0114980729335625,0.0077855512516119,74.21739029884338,0.0016747112877894,0.5369627475738525,0.0007281347245675,0.6664786338806152,0.0113518064035797,15,3.162277660168379e-07
0.0043834867661547,0.0257307814479936,0.0288866337836855,71.99533462524414,0.001109079457593,0.6095659732818604,0.0011091594625043,0.798306941986084,0.0321523148817684,16,3.162277660168379e-07
0.0001461156531381,0.0142382439954304,0.0069816699632237,72.31239676475525,0.0009553435946639,0.4829926490783691,0.0011675553042428,0.6201694011688232,0.022233358257453,17,3.162277660168379e-07
0.0001447846710479,0.0035493215086175,0.0075511442204926,67.99331283569336,0.0011374730077799,0.5319724082946777,0.0013263557670806,0.6598978042602539,0.0212390371136807,18,3.162277660168379e-07
7.854891773308262e-05,0.0084746660935427,0.0075701654816448,59.97974371910095,0.0035370806510032,0.6703131198883057,0.0015315200646124,0.5733182430267334,0.0119066676979462,19,3.162277660168379e-07
0.0002591908104318,0.0405997523124369,0.024432146486383,71.71241545677185,0.0050780891102458,0.5162551403045654,0.0014656312692619,0.6408042907714844,0.0287549589155338,0,1e-06
9.244745528342868e-05,0.0152231215301576,0.0069739774748734,73.95083141326904,0.0105343908408243,0.3500270843505859,0.0015909517767346,0.6064798831939697,0.0311551529089707,1,1e-06
0.0003918270643782,0.0078545287834834,0.0053454850853417,73.04344940185547,0.0014130513927408,0.5460600852966309,0.0011319403051659,0.7303299903869629,0.0104427871068834,2,1e-06
0.0048360603863315,0.0624917573864821,0.086349009514605,71.10213565826416,0.0102522455581574,0.452383279800415,0.0034034168184281,0.8284380435943604,0.0156110166122706,3,1e-06
6.753598887841624e-05,0.0148707034693432,0.0092740126572761,73.36952710151672,0.0054175726811012,0.6066274642944336,0.001969120260694,0.6712193489074707,0.0110548807241868,4,1e-06
0.0001221140210667,0.0090862234216476,0.0055731362636079,77.37983512878418,0.0021233381268569,0.7311084270477295,0.001682119474977,1.0645184516906738,0.0233704686210114,5,1e-06
0.0001351800225121,0.0070287303177291,0.0095008998616292,62.29387831687927,0.0025436922426547,0.6135351657867432,0.0006415458083068,0.8569338321685791,0.0180984403504118,6,1e-06
9.946437504719056e-05,0.0116463537216268,0.0067325347856433,73.35828924179077,0.0051028631905751,0.4460389614105224,0.0014300133103451,0.6625528335571289,0.018481293385996,7,1e-06
0.0001648087127208,0.0080994709611519,0.004051643820834,75.90515947341919,0.0125416781901671,0.5116472244262695,0.0014933804898419,0.6751563549041748,0.0992898915501972,8,1e-06
6.764861186811336e-05,0.0138860197990311,0.0098294106640261,78.17096328735352,0.0041022165397906,0.4591288566589355,0.0011968574639314,0.6263587474822998,0.0120745867264876,9,1e-06
0.0001245063054796,0.0073814275756392,0.0128997758197497,74.59238958358765,0.0005985359180455,0.7005460262298584,0.0004651134575383,0.833411693572998,0.0149290920858751,10,1e-06
0.0002343110158674,0.0042572044289118,0.0050112166885926,73.79320478439331,0.0021092024332566,0.6718542575836182,0.0013395691256456,1.087918043136597,0.017991283440632,11,1e-06
0.0742892265661125,0.021529734373121,0.035339727193164,72.8682234287262,0.0062314365683309,0.9270877838134766,0.0008756037942838,0.8175432682037354,0.0161536414255663,12,1e-06
0.0007089316217997,0.0122936974219075,0.0085508249668776,74.17958211898804,0.0014478822195257,0.5689520835876465,0.0018799473842399,0.8081629276275635,0.0279176978005599,13,1e-06
0.0002331131181521,0.0061640327320325,0.0047867991227391,61.53260231018066,0.0116911610274254,0.4586727619171142,0.0032120609223017,0.5970861911773682,0.0775445341226934,14,1e-06
0.0004187730205231,0.0088538955802729,0.0076880718873832,81.71294212341309,0.0016747112877894,0.5813555717468262,0.0007281347245675,0.7348461151123047,0.0113518064035797,15,1e-06
0.0004889154588969,0.0044651837729958,0.0072647910133615,71.70438766479492,0.001109079457593,0.5807487964630127,0.0011091594625043,0.7886033058166504,0.0321523148817684,16,1e-06
0.0002006082815181,0.0093466955126927,0.0055033144115584,73.77394032478333,0.0009553435946639,0.5204923152923584,0.0011675553042428,0.6034135818481445,0.022233358257453,17,1e-06
0.0001458296715123,0.0052550350541319,0.0098349930519687,78.51490616798401,0.0011374730077799,0.5538997650146484,0.0013263557670806,0.8036637306213379,0.0212390371136807,18,1e-06
8.364028403971732e-05,0.0096791263618487,0.0085993063134829,73.9256546497345,0.0035370806510032,0.5887317657470703,0.0015315200646124,0.7007608413696289,0.0119066676979462,19,1e-06
0.0003077648568877,0.0336947125232531,0.017371370658194,75.61413025856018,0.0050780891102458,0.531696081161499,0.0014656312692619,0.7570440769195557,0.0287549589155338,0,3.162277660168379e-06
9.477696946426456e-05,0.012116122805004,0.0103980873352789,76.0820083618164,0.0105343908408243,0.3896040916442871,0.0015909517767346,0.6800847053527832,0.0311551529089707,1,3.162277660168379e-06
0.0001306653937881,0.0070556592023493,0.0039971707481444,77.55157423019409,0.0014130513927408,0.5464978218078613,0.0011319403051659,0.7468726634979248,0.0104427871068834,2,3.162277660168379e-06
0.0049112280604873,0.0687003451119296,0.0883541567830736,71.25794196128845,0.0102522455581574,0.6396133899688721,0.0034034168184281,0.6599419116973877,0.0156110166122706,3,3.162277660168379e-06
7.212831586141574e-05,0.017982279599296,0.0064382194695235,78.49875664710999,0.0054175726811012,0.4896092414855957,0.001969120260694,0.6408917903900146,0.0110548807241868,4,3.162277660168379e-06
0.000137601926588,0.0075645094719149,0.0058039966143383,75.56727409362793,0.0021233381268569,0.6687624454498291,0.001682119474977,0.8938901424407959,0.0233704686210114,5,3.162277660168379e-06
0.0001421224809478,0.0045350709758628,0.0059765230792831,72.74788212776184,0.0025436922426547,0.8434302806854248,0.0006415458083068,0.9532911777496338,0.0180984403504118,6,3.162277660168379e-06
0.0001043941203937,0.0116774505769928,0.0105621946536466,72.10636687278748,0.0051028631905751,0.4900918006896972,0.0014300133103451,0.7838068008422852,0.018481293385996,7,3.162277660168379e-06
0.0001605948272056,0.0065972742480079,0.0112773322229544,70.40668368339539,0.0125416781901671,0.5509703159332275,0.0014933804898419,0.815291166305542,0.0992898915501972,8,3.162277660168379e-06
5.785779949725178e-05,0.0134239534771831,0.0037110346401351,72.3193428516388,0.0041022165397906,0.665635347366333,0.0011968574639314,0.7068777084350586,0.0120745867264876,9,3.162277660168379e-06
0.0001137062836734,0.0085036489291366,0.0122189513654644,75.58494973182678,0.0005985359180455,0.6774921417236328,0.0004651134575383,0.7852957248687744,0.0149290920858751,10,3.162277660168379e-06
0.0001468167756958,0.0063383894445652,0.0060726084383296,72.28809404373169,0.0021092024332566,0.62485671043396,0.0013395691256456,1.077019214630127,0.017991283440632,11,3.162277660168379e-06
0.0542562290571566,0.0215204105066032,0.0347816492019062,75.20090699195862,0.0062314365683309,0.5717208385467529,0.0008756037942838,0.8564496040344238,0.0161536414255663,12,3.162277660168379e-06
0.0003164281871261,0.0113619008577852,0.0061029779007455,73.0027494430542,0.0014478822195257,0.7259151935577393,0.0018799473842399,0.8170108795166016,0.0279176978005599,13,3.162277660168379e-06
0.0002424774924438,0.0051717191245295,0.0068803087252312,64.95783233642578,0.0116911610274254,0.4900236129760742,0.0032120609223017,0.6065268516540527,0.0775445341226934,14,3.162277660168379e-06
0.0005844160634895,0.0088257090900352,0.008932679371853,73.14216709136963,0.0016747112877894,0.6813771724700928,0.0007281347245675,0.6972031593322754,0.0113518064035797,15,3.162277660168379e-06
0.0017145373376078,0.0326428906636722,0.0348736982009916,71.88817620277405,0.001109079457593,0.5763752460479736,0.0011091594625043,0.7742700576782227,0.0321523148817684,16,3.162277660168379e-06
0.0001782469407503,0.0134058332353135,0.0084628835953054,77.90023112297058,0.0009553435946639,0.480729341506958,0.0011675553042428,0.6322479248046875,0.022233358257453,17,3.162277660168379e-06
0.0001408834762145,0.004568826219197,0.0093410738885393,73.64940142631531,0.0011374730077799,0.4902710914611816,0.0013263557670806,0.6376891136169434,0.0212390371136807,18,3.162277660168379e-06
7.980605820162208e-05,0.0081081128281862,0.0055246483036708,77.25589728355408,0.0035370806510032,0.5609314441680908,0.0015315200646124,0.6602957248687744,0.0119066676979462,19,3.162277660168379e-06
0.0002692427854648,0.0348756305910274,0.0213011011154926,76.65068650245667,0.0050780891102458,0.4743716716766357,0.0014656312692619,0.6542363166809082,0.0287549589155338,0,1e-05
0.0003670316828359,0.037535453065526,0.0425822638215869,70.65541005134583,0.0105343908408243,0.4001500606536865,0.0015909517767346,0.6918826103210449,0.0311551529089707,1,1e-05
0.0001871191198252,0.0073452583147919,0.0048908429024667,76.21139001846313,0.0014130513927408,0.5757002830505371,0.0011319403051659,0.8517622947692871,0.0104427871068834,2,1e-05
0.0050923809764768,0.0613846192087557,0.1005362698914918,76.0219657421112,0.0102522455581574,0.588062047958374,0.0034034168184281,0.9191431999206544,0.0156110166122706,3,1e-05
7.231340137526428e-05,0.0182296206626812,0.0077026162894973,71.59124064445496,0.0054175726811012,0.4857749938964844,0.001969120260694,1.0027997493743896,0.0110548807241868,4,1e-05
0.000124515852553,0.0084873106215667,0.0105904058897626,73.29706931114197,0.0021233381268569,0.7493505477905273,0.001682119474977,0.9781534671783448,0.0233704686210114,5,1e-05
0.0001372732298193,0.0054916228675563,0.0060052418431715,69.80559945106506,0.0025436922426547,0.6836023330688477,0.0006415458083068,0.9405133724212646,0.0180984403504118,6,1e-05
0.0001052794061235,0.0160596837894678,0.0085473619509377,78.92406034469604,0.0051028631905751,0.4355103969573974,0.0014300133103451,0.7525131702423096,0.018481293385996,7,1e-05
0.0001687637167066,0.0075853396239707,0.0053029122978505,81.79318261146545,0.0125416781901671,0.745891809463501,0.0014933804898419,0.7026181221008301,0.0992898915501972,8,1e-05
0.0001020078306991,0.0126662638223718,0.012595308089695,82.03763914108276,0.0041022165397906,0.5097243785858154,0.0011968574639314,0.6927428245544434,0.0120745867264876,9,1e-05
0.0002067720318759,0.0027638012504664,0.0121644569290151,73.67781472206116,0.0005985359180455,0.6039993762969971,0.0004651134575383,0.8198432922363281,0.0149290920858751,10,1e-05
0.0001643536282856,0.0078705158002177,0.0074746267851738,78.7873888015747,0.0021092024332566,0.683474063873291,0.0013395691256456,1.343142032623291,0.017991283440632,11,1e-05
0.0943034742838255,0.0164395180981261,0.0357743204844081,72.84438395500183,0.0062314365683309,0.6553206443786621,0.0008756037942838,0.838698148727417,0.0161536414255663,12,1e-05
0.0003025424457992,0.0120174920674938,0.0080327513331617,77.5003604888916,0.0014478822195257,0.928840160369873,0.0018799473842399,0.8312296867370605,0.0279176978005599,13,1e-05
0.0002374063796941,0.0051105628706217,0.0055690738565545,72.85545229911804,0.0116911610274254,0.4457769393920898,0.0032120609223017,0.5693426132202148,0.0775445341226934,14,1e-05
0.0021037902129949,0.0067426426654935,0.0035713503491003,77.18131184577942,0.0016747112877894,0.536888599395752,0.0007281347245675,0.7828013896942139,0.0113518064035797,15,1e-05
0.0010453781634475,0.0024074859033489,0.0040784012433494,72.00423741340637,0.001109079457593,0.5728604793548584,0.0011091594625043,0.7141938209533691,0.0321523148817684,16,1e-05
0.000164716903521,0.0104401982728646,0.0058003069289379,77.5033278465271,0.0009553435946639,0.650111198425293,0.0011675553042428,0.6186554431915283,0.022233358257453,17,1e-05
0.0001424222588352,0.007050797522306,0.0092024739561194,76.43341708183289,0.0011374730077799,0.4743649959564209,0.0013263557670806,0.6012003421783447,0.0212390371136807,18,1e-05
7.685723882328392e-05,0.0087452434135844,0.0100443780923957,71.72535991668701,0.0035370806510032,0.637768030166626,0.0015315200646124,0.6792042255401611,0.0119066676979462,19,1e-05
0.000545850334614,0.0451301317379783,0.0313841937939321,72.3564043045044,0.0050780891102458,0.5230762958526611,0.0014656312692619,0.6705009937286377,0.0287549589155338,0,3.1622776601683795e-05
9.736508784496204e-05,0.0123451823939965,0.0046907005694924,78.87261772155762,0.0105343908408243,0.5566737651824951,0.0015909517767346,0.9177520275115968,0.0311551529089707,1,3.1622776601683795e-05
0.0001527293620436,0.0073694640271828,0.0038468095133573,73.54143118858337,0.0014130513927408,0.9023993015289308,0.0011319403051659,0.7451269626617432,0.0104427871068834,2,3.1622776601683795e-05
0.0048728850156458,0.0624256324953214,0.0881807956360756,76.04759883880615,0.0102522455581574,0.5110023021697998,0.0034034168184281,0.7608757019042969,0.0156110166122706,3,3.1622776601683795e-05
7.515428241972416e-05,0.0169168950759915,0.0085359697050357,76.05557370185852,0.0054175726811012,0.5124752521514893,0.001969120260694,0.7555434703826904,0.0110548807241868,4,3.1622776601683795e-05
0.000129810741439,0.0094567626997088,0.0062428511842766,75.92019605636597,0.0021233381268569,0.804018497467041,0.001682119474977,0.9837048053741456,0.0233704686210114,5,3.1622776601683795e-05
0.0001415663842752,0.0074044297801587,0.0065216802448419,72.37769675254822,0.0025436922426547,0.8328654766082764,0.0006415458083068,0.8877661228179932,0.0180984403504118,6,3.1622776601683795e-05
0.0001059525242969,0.012406222112821,0.0100376879720331,72.85471272468567,0.0051028631905751,0.4146671295166015,0.0014300133103451,0.7037069797515869,0.018481293385996,7,3.1622776601683795e-05
0.0001546333006489,0.006230267089476,0.0085782667135554,71.57583093643188,0.0125416781901671,0.533733606338501,0.0014933804898419,0.7708547115325928,0.0992898915501972,8,3.1622776601683795e-05
7.93010195343428e-05,0.0076702395330375,0.0054446195214307,72.17616963386536,0.0041022165397906,0.4567527770996094,0.0011968574639314,0.607633113861084,0.0120745867264876,9,3.1622776601683795e-05
0.0002232646386196,0.008864617030967,0.0154793357999634,81.39726233482361,0.0005985359180455,0.7614786624908447,0.0004651134575383,0.9710922241210938,0.0149290920858751,10,3.1622776601683795e-05
0.0002018871128073,0.006171006040435,0.0110384148386211,77.23663830757141,0.0021092024332566,0.6511034965515137,0.0013395691256456,1.0587193965911863,0.017991283440632,11,3.1622776601683795e-05
0.0674936871173894,0.0218758686093555,0.034008154667136,74.11937379837036,0.0062314365683309,0.66937255859375,0.0008756037942838,0.7692852020263672,0.0161536414255663,12,3.1622776601683795e-05
0.0002505821956641,0.0114995867481884,0.0056117093424122,75.63645577430725,0.0014478822195257,0.6080012321472168,0.0018799473842399,0.8155171871185303,0.0279176978005599,13,3.1622776601683795e-05
0.0002472192166681,0.0074187020889717,0.0023540556259669,61.31343483924866,0.0116911610274254,0.4842007160186767,0.0032120609223017,0.5540823936462402,0.0775445341226934,14,3.1622776601683795e-05
0.002774429326673,0.0102389344259777,0.0059634590184133,74.14229655265808,0.0016747112877894,0.6347379684448242,0.0007281347245675,0.7346019744873047,0.0113518064035797,15,3.1622776601683795e-05
0.0008813530039568,0.0250108215605601,0.0306232258532241,74.1882541179657,0.001109079457593,0.6478779315948486,0.0011091594625043,0.7985928058624268,0.0321523148817684,16,3.1622776601683795e-05
0.0001582685352638,0.0106051388112393,0.0111333664857296,78.43290710449219,0.0009553435946639,0.602198600769043,0.0011675553042428,0.6486999988555908,0.022233358257453,17,3.1622776601683795e-05
0.0001449755365789,0.0040812935237378,0.0100878645537752,72.27743411064148,0.0011374730077799,0.5070874691009521,0.0013263557670806,0.6507883071899414,0.0212390371136807,18,3.1622776601683795e-05
7.934730904723963e-05,0.010204349937998,0.0106065632694834,78.34753346443176,0.0035370806510032,0.7116608619689941,0.0015315200646124,0.8047082424163818,0.0119066676979462,19,3.1622776601683795e-05
0.0002847414413195,0.017293000416107,0.0042538727450195,77.18060159683228,0.0050780891102458,0.6035585403442383,0.0014656312692619,0.7141613960266113,0.0287549589155338,0,0.0001
0.0003466474886856,0.0323571134191913,0.0383239488005497,72.23633360862732,0.0105343908408243,0.3970482349395752,0.0015909517767346,0.6387224197387695,0.0311551529089707,1,0.0001
0.0002388261666146,0.007421274459503,0.0039985682722495,73.15681719779968,0.0014130513927408,0.7304997444152832,0.0011319403051659,0.870328426361084,0.0104427871068834,2,0.0001
0.0049855152844013,0.0574956722473492,0.08894879525889,70.08070611953735,0.0102522455581574,0.4987304210662842,0.0034034168184281,0.626187801361084,0.0156110166122706,3,0.0001
7.169383136453138e-05,0.0165043202777812,0.0072819525997829,74.9236707687378,0.0054175726811012,0.511777400970459,0.001969120260694,0.8999848365783691,0.0110548807241868,4,0.0001
0.0001060604901997,0.0056897057021194,0.0107516236049541,72.98474383354187,0.0021233381268569,0.675926923751831,0.001682119474977,0.8638629913330078,0.0233704686210114,5,0.0001
0.0001367836739597,0.006454824332131,0.0080754684069014,66.23937726020813,0.0025436922426547,0.6877970695495605,0.0006415458083068,0.927445650100708,0.0180984403504118,6,0.0001
0.0001018221554388,0.0073012236607198,0.0121596331896805,79.1109504699707,0.0051028631905751,0.4288983345031738,0.0014300133103451,0.892920732498169,0.018481293385996,7,0.0001
0.0001583521415089,0.0060588944832191,0.0085038819938151,74.29428148269653,0.0125416781901671,0.5631093978881836,0.0014933804898419,0.7112812995910645,0.0992898915501972,8,0.0001
0.0001010968574218,0.0112396098061178,0.0070951021665942,72.61230802536011,0.0041022165397906,0.5448033809661865,0.0011968574639314,0.6499178409576416,0.0120745867264876,9,0.0001
0.0002459573505163,0.0084343109376142,0.0116015730500762,73.27258348464966,0.0005985359180455,0.6700048446655273,0.0004651134575383,0.7872457504272461,0.0149290920858751,10,0.0001
0.0001414120268127,0.017640701113241,0.0203092477230208,73.36885619163513,0.0021092024332566,0.7553784847259521,0.0013395691256456,0.9377295970916748,0.017991283440632,11,0.0001
0.0793469727468874,0.021880532756641,0.0343860204552152,79.21640634536743,0.0062314365683309,0.5836801528930664,0.0008756037942838,0.7396936416625977,0.0161536414255663,12,0.0001
0.0005120803449215,0.0114023491893187,0.0077126419737728,71.69729042053223,0.0014478822195257,0.6916816234588623,0.0018799473842399,0.8333871364593506,0.0279176978005599,13,0.0001
0.0002470763739051,0.0066510512988469,0.0028760838715987,76.43541383743286,0.0116911610274254,0.4496676921844482,0.0032120609223017,0.6600768566131592,0.0775445341226934,14,0.0001
0.0007707434661218,0.0090763608267237,0.0033815586415689,72.48204851150513,0.0016747112877894,0.5389535427093506,0.0007281347245675,0.7300670146942139,0.0113518064035797,15,0.0001
0.0045032292535262,0.0034052894137085,0.0039145440473297,72.89620161056519,0.001109079457593,0.8728940486907959,0.0011091594625043,0.783405065536499,0.0321523148817684,16,0.0001
0.0001531922290681,0.0114676655197749,0.0105948452511349,72.33430743217468,0.0009553435946639,0.5043952465057373,0.0011675553042428,0.8095266819000244,0.022233358257453,17,0.0001
0.0001462881660249,0.0032660751050136,0.0096904841842313,73.03274822235107,0.0011374730077799,0.6392767429351807,0.0013263557670806,0.6816608905792236,0.0212390371136807,18,0.0001
7.543830119095171e-05,0.0089264623733628,0.0139706719498696,67.11305618286133,0.0035370806510032,0.4835333824157715,0.0015315200646124,0.6506593227386475,0.0119066676979462,19,0.0001
0.00033152045867,0.0424506713944526,0.0306555658416419,72.47835063934326,0.0050780891102458,0.4889249801635742,0.0014656312692619,0.6545019149780273,0.0287549589155338,0,0.0003162277660168
0.0003538866113408,0.0327079089565279,0.0401595911892036,76.21030020713806,0.0105343908408243,0.404005765914917,0.0015909517767346,0.7075588703155518,0.0311551529089707,1,0.0003162277660168
0.0001725678893034,0.0091405740461289,0.0038418327148016,72.8352165222168,0.0014130513927408,0.5619633197784424,0.0011319403051659,0.8711087703704834,0.0104427871068834,2,0.0003162277660168
0.004893757570364,0.0582131087812759,0.0886442599202869,69.21419787406921,0.0102522455581574,0.6019554138183594,0.0034034168184281,0.6645731925964355,0.0156110166122706,3,0.0003162277660168
6.540729679492449e-05,0.0180529247712197,0.0123560030639266,68.61945652961731,0.0054175726811012,0.476959228515625,0.001969120260694,0.666478157043457,0.0110548807241868,4,0.0003162277660168
0.0001096037457466,0.009327545890836,0.0081834845211774,74.00236010551453,0.0021233381268569,0.978358268737793,0.001682119474977,1.1959116458892822,0.0233704686210114,5,0.0003162277660168
0.0001376913894637,0.0062843468426618,0.0076394262771268,73.25835108757019,0.0025436922426547,0.761965274810791,0.0006415458083068,1.0000815391540527,0.0180984403504118,6,0.0003162277660168
0.0001008458045126,0.0095444755392651,0.0119695990445857,75.39236330986023,0.0051028631905751,0.3838658332824707,0.0014300133103451,0.7843327522277832,0.018481293385996,7,0.0003162277660168
0.0001699163671226,0.0075997011197537,0.0089291254045574,73.65072274208069,0.0125416781901671,0.5539412498474121,0.0014933804898419,0.7156751155853271,0.0992898915501972,8,0.0003162277660168
6.782484908861945e-05,0.012437915363616,0.0101723969415479,76.70737671852112,0.0041022165397906,0.4411449432373047,0.0011968574639314,0.7801320552825928,0.0120745867264876,9,0.0003162277660168
0.0001079324398509,0.0092117723248656,0.0161079594358369,71.08965468406677,0.0005985359180455,0.5839807987213135,0.0004651134575383,0.792161226272583,0.0149290920858751,10,0.0003162277660168
0.0001592614090611,0.0088156385793076,0.0138384970873477,67.58487343788147,0.0021092024332566,0.7359158992767334,0.0013395691256456,0.901829957962036,0.017991283440632,11,0.0003162277660168
0.0611963845387138,0.0224657843457075,0.0352817325960483,72.85453391075134,0.0062314365683309,0.590411901473999,0.0008756037942838,0.8163406848907471,0.0161536414255663,12,0.0003162277660168
0.0003082391123635,0.0116613970016244,0.0053661552544182,75.94251585006714,0.0014478822195257,0.7067344188690186,0.0018799473842399,0.7783644199371338,0.0279176978005599,13,0.0003162277660168
0.0002447918663963,0.0066523747188671,0.0033352679126979,65.84701657295227,0.0116911610274254,0.4173519611358642,0.0032120609223017,0.5538125038146973,0.0775445341226934,14,0.0003162277660168
0.0039185867971415,0.0071759670784789,0.009338369114437,71.94547533988953,0.0016747112877894,0.5258431434631348,0.0007281347245675,0.6780424118041992,0.0113518064035797,15,0.0003162277660168
0.0006041242633264,0.0050291911960919,0.005241345808235,76.44059300422668,0.001109079457593,0.5865235328674316,0.0011091594625043,0.9294300079345704,0.0321523148817684,16,0.0003162277660168
0.0001703381260628,0.0135292199635529,0.0067751416049141,71.61828303337097,0.0009553435946639,0.4698362350463867,0.0011675553042428,0.6172976493835449,0.022233358257453,17,0.0003162277660168
0.000142143169924,0.0063936495882383,0.0086605220662105,73.30796384811401,0.0011374730077799,0.479405403137207,0.0013263557670806,0.5966522693634033,0.0212390371136807,18,0.0003162277660168
8.632371802586025e-05,0.0096281028533435,0.0100166762238153,53.60154581069946,0.0035370806510032,0.4596211910247803,0.0015315200646124,0.5947163105010986,0.0119066676979462,19,0.0003162277660168
0.0002280698209714,0.0356484571491139,0.0176202891719705,75.8669605255127,0.0050780891102458,0.6324834823608398,0.0014656312692619,0.6983537673950195,0.0287549589155338,0,0.001
9.23952080469433e-05,0.0103722499718553,0.0064749844011662,70.26152324676514,0.0105343908408243,0.3499667644500732,0.0015909517767346,0.6087729930877686,0.0311551529089707,1,0.001
0.0001479635167725,0.0076069588453656,0.0052611763438366,75.97189903259277,0.0014130513927408,0.5748898983001709,0.0011319403051659,0.8376688957214355,0.0104427871068834,2,0.001
0.0054348930125236,0.0578339472540202,0.0890450274243478,72.5568597316742,0.0102522455581574,0.493255615234375,0.0034034168184281,0.6682875156402588,0.0156110166122706,3,0.001
7.291784308527394e-05,0.0154766801828668,0.0043299024458226,75.75113320350647,0.0054175726811012,0.4806604385375976,0.001969120260694,0.7739038467407227,0.0110548807241868,4,0.001
0.0001020845409189,0.0096145322335281,0.0067058503609558,70.42026686668396,0.0021233381268569,0.928830623626709,0.001682119474977,0.9699327945709229,0.0233704686210114,5,0.001
0.0001317394839003,0.0062687120594851,0.0066432374386495,74.40669012069702,0.0025436922426547,0.9449191093444824,0.0006415458083068,1.025360107421875,0.0180984403504118,6,0.001
0.0001028895350425,0.0121016175972442,0.0043636843742717,71.01600193977356,0.0051028631905751,0.3752064704895019,0.0014300133103451,0.6283698081970215,0.018481293385996,7,0.001
0.0001570436526544,0.0056511628026843,0.0094329806950304,72.61947441101074,0.0125416781901671,0.6616406440734863,0.0014933804898419,0.792658805847168,0.0992898915501972,8,0.001
0.0001049229060915,0.0124151215488762,0.0106817805678893,73.13556051254272,0.0041022165397906,0.4412698745727539,0.0011968574639314,0.7339949607849121,0.0120745867264876,9,0.001
0.0001126891263077,0.0085568991985972,0.0150709693566922,75.07037615776062,0.0005985359180455,0.7879095077514648,0.0004651134575383,0.8383750915527344,0.0149290920858751,10,0.001
0.0002057655723436,0.0044414614061234,0.0096724898573441,74.3094093799591,0.0021092024332566,0.6812195777893066,0.0013395691256456,0.9930057525634766,0.017991283440632,11,0.001
0.0869184211257203,0.0244168948312125,0.0386680270667837,74.55303573608398,0.0062314365683309,0.6607251167297363,0.0008756037942838,0.8024895191192627,0.0161536414255663,12,0.001
0.0005962801400651,0.0130078304794504,0.0046981841024688,76.08965396881104,0.0014478822195257,0.7283928394317627,0.0018799473842399,0.785304069519043,0.0279176978005599,13,0.001
0.0002381078880081,0.00610115957293,0.0050501167690552,70.87986016273499,0.0116911610274254,0.4610860347747803,0.0032120609223017,0.599419355392456,0.0775445341226934,14,0.001
0.0012709908832815,0.0091255267634272,0.0050947273599853,76.16511702537537,0.0016747112877894,0.7002503871917725,0.0007281347245675,0.7258312702178955,0.0113518064035797,15,0.001
0.0008075012015251,0.0273665132211124,0.0344206726958128,74.5980019569397,0.001109079457593,0.5768098831176758,0.0011091594625043,0.7476365566253662,0.0321523148817684,16,0.001
0.0001421164209652,0.0142972350084497,0.0105422940530851,71.94637870788574,0.0009553435946639,0.5666122436523438,0.0011675553042428,0.7548439502716064,0.022233358257453,17,0.001
0.0001441529906474,0.0055608226470247,0.0075760815460411,70.43920612335205,0.0011374730077799,0.520390510559082,0.0013263557670806,0.613957405090332,0.0212390371136807,18,0.001
7.67664928876958e-05,0.0051211072895033,0.0103468326676104,65.33820486068726,0.0035370806510032,0.4588727951049804,0.0015315200646124,0.5967605113983154,0.0119066676979462,19,0.001
0.0004128712147424,0.0249800332137485,0.0136820859919393,73.65490961074829,0.0050780891102458,0.4931187629699707,0.0014656312692619,0.7000658512115479,0.0287549589155338,0,0.0031622776601683
8.819501873601847e-05,0.0122993394194564,0.0092980348941167,74.38279962539673,0.0105343908408243,0.3657593727111816,0.0015909517767346,0.6251120567321777,0.0311551529089707,1,0.0031622776601683
0.000221343894339,0.0071677809596148,0.0047678606673164,72.21221733093262,0.0014130513927408,0.531700849533081,0.0011319403051659,0.7186806201934814,0.0104427871068834,2,0.0031622776601683
0.005799513295711,0.0581710975647537,0.1033449283495503,77.56396651268005,0.0102522455581574,0.4693531990051269,0.0034034168184281,0.7151823043823242,0.0156110166122706,3,0.0031622776601683
7.469833681423103e-05,0.015807915338904,0.0048150086412872,75.93110752105713,0.0054175726811012,0.4723656177520752,0.001969120260694,0.7034053802490234,0.0110548807241868,4,0.0031622776601683
0.0001090824303209,0.0095627859508762,0.0053879738286583,73.2095422744751,0.0021233381268569,0.7557456493377686,0.001682119474977,1.3309168815612793,0.0233704686210114,5,0.0031622776601683
0.0001327157284611,0.0077181180891981,0.0063465958077717,76.77280497550964,0.0025436922426547,0.6223032474517822,0.0006415458083068,0.9227924346923828,0.0180984403504118,6,0.0031622776601683
0.000100073355282,0.0118798182345265,0.012973619435798,76.1894040107727,0.0051028631905751,0.5167639255523682,0.0014300133103451,0.685889720916748,0.018481293385996,7,0.0031622776601683
0.0001690061417191,0.0036678232360982,0.0071316938415947,70.69392466545105,0.0125416781901671,0.5557155609130859,0.0014933804898419,0.714240312576294,0.0992898915501972,8,0.0031622776601683
0.0001061549202495,0.0145879165676245,0.0122785297312548,76.5559151172638,0.0041022165397906,0.3989479541778564,0.0011968574639314,0.6647143363952637,0.0120745867264876,9,0.0031622776601683
0.0001280427289919,0.0076221426915459,0.0117057022807757,74.859041929245,0.0005985359180455,0.6341474056243896,0.0004651134575383,0.8384125232696533,0.0149290920858751,10,0.0031622776601683
0.0001633207165082,0.0077052835824006,0.0075504536533752,72.62384176254272,0.0021092024332566,0.7930681705474854,0.0013395691256456,1.019498348236084,0.017991283440632,11,0.0031622776601683
0.0861115152810445,0.0244753380962615,0.0375350014958294,75.15985941886902,0.0062314365683309,0.7091400623321533,0.0008756037942838,0.7936077117919922,0.0161536414255663,12,0.0031622776601683
0.0003741672717089,0.0114186166859796,0.0061225823735825,72.58587431907654,0.0014478822195257,0.6107685565948486,0.0018799473842399,0.9562609195709229,0.0279176978005599,13,0.0031622776601683
0.0002357188679111,0.0067806597926947,0.0089748938318276,74.74425673484802,0.0116911610274254,0.4410939216613769,0.0032120609223017,0.6246960163116455,0.0775445341226934,14,0.0031622776601683
0.0012123872738246,0.0088207695037428,0.0076527516854358,71.96449947357178,0.0016747112877894,0.59657883644104,0.0007281347245675,0.8230512142181396,0.0113518064035797,15,0.0031622776601683
0.0049194424361173,0.0043951162862819,0.0035273847027937,72.72688794136047,0.001109079457593,0.6345922946929932,0.0011091594625043,0.8067221641540527,0.0321523148817684,16,0.0031622776601683
0.000170613943048,0.0104792430455323,0.0052610625792924,76.2451479434967,0.0009553435946639,0.4641931056976318,0.0011675553042428,0.6062829494476318,0.022233358257453,17,0.0031622776601683
0.0001431830410879,0.0067130132655992,0.0081629179910158,67.35123610496521,0.0011374730077799,0.5701563358306885,0.0013263557670806,0.63519287109375,0.0212390371136807,18,0.0031622776601683
7.680694991528311e-05,0.0080680838794955,0.0101552673430035,62.180007219314575,0.0035370806510032,0.5148184299468994,0.0015315200646124,0.5990407466888428,0.0119066676979462,19,0.0031622776601683
0.0003290578741209,0.0486782909876325,0.0383011010602021,72.88776779174805,0.0050780891102458,0.6453783512115479,0.0014656312692619,0.6644413471221924,0.0287549589155338,0,0.01
8.846718918683976e-05,0.0115203163083767,0.0109361011475604,70.3115496635437,0.0105343908408243,0.3608946800231933,0.0015909517767346,0.612602710723877,0.0311551529089707,1,0.01
0.0001204881743983,0.0062384296030757,0.0070505077970799,75.07969307899475,0.0014130513927408,0.5301165580749512,0.0011319403051659,0.7480125427246094,0.0104427871068834,2,0.01
0.0049406311008355,0.0589846061193704,0.0860708989554979,70.04082417488098,0.0102522455581574,0.4435160160064697,0.0034034168184281,0.6349108219146729,0.0156110166122706,3,0.01
7.327466080421601e-05,0.0146068183260983,0.0067138329841249,74.61216378211975,0.0054175726811012,0.5253493785858154,0.001969120260694,0.7708086967468262,0.0110548807241868,4,0.01
0.0001639958215475,0.005507470681757,0.0049228610743456,69.11141014099121,0.0021233381268569,0.7727577686309814,0.001682119474977,0.9484598636627196,0.0233704686210114,5,0.01
0.0001442282233266,0.0059996665996236,0.00499786387865,77.19823884963989,0.0025436922426547,0.7296915054321289,0.0006415458083068,1.0411643981933594,0.0180984403504118,6,0.01
0.0001047041434645,0.0144811721949249,0.0101160551046073,72.04332399368286,0.0051028631905751,0.3874697685241699,0.0014300133103451,0.6404037475585938,0.018481293385996,7,0.01
0.0001705237200361,0.0087321433728524,0.0096367120164726,75.48380374908447,0.0125416781901671,0.5339043140411377,0.0014933804898419,0.7414157390594482,0.0992898915501972,8,0.01
8.470782268145497e-05,0.0137647273701516,0.0102254762916009,72.90616035461426,0.0041022165397906,0.4679033756256103,0.0011968574639314,0.757866621017456,0.0120745867264876,9,0.01
0.000269605288844,0.0076238262079202,0.0149753525588583,74.11928391456604,0.0005985359180455,0.6304678916931152,0.0004651134575383,0.7723326683044434,0.0149290920858751,10,0.01
0.0001224877161471,0.0176100559249343,0.016265804371476,77.24543762207031,0.0021092024332566,0.6824820041656494,0.0013395691256456,1.012207269668579,0.017991283440632,11,0.01
0.075892803936704,0.02081418936532,0.0338226954496459,78.13976764678955,0.0062314365683309,0.7004694938659668,0.0008756037942838,0.8321309089660645,0.0161536414255663,12,0.01
0.0002207926764927,0.0128209359301077,0.0080884084951181,74.49047613143921,0.0014478822195257,0.6141881942749023,0.0018799473842399,0.8558216094970703,0.0279176978005599,13,0.01
0.0002265762033091,0.0034226174704218,0.0046228572727265,73.98236274719238,0.0116911610274254,0.6475005149841309,0.0032120609223017,0.7026951313018799,0.0775445341226934,14,0.01
0.0057862265789946,0.0078002357425703,0.0123631523369318,71.32448625564575,0.0016747112877894,0.5605144500732422,0.0007281347245675,0.7669243812561035,0.0113518064035797,15,0.01
0.0037224412563624,0.0037103042413685,0.0046786825464387,72.2685797214508,0.001109079457593,0.7515840530395508,0.0011091594625043,0.7742853164672852,0.0321523148817684,16,0.01
0.0001402261025212,0.0115639839989706,0.0111553160050276,72.61452054977417,0.0009553435946639,0.512923002243042,0.0011675553042428,0.6403605937957764,0.022233358257453,17,0.01
0.0001416535767543,0.0063625275154099,0.009449197207219,74.12253665924072,0.0011374730077799,0.5461409091949463,0.0013263557670806,0.6594645977020264,0.0212390371136807,18,0.01
7.799497945883232e-05,0.007740485518361,0.0180986080478023,73.54327368736267,0.0035370806510032,0.4806251525878906,0.0015315200646124,0.7784421443939209,0.0119066676979462,19,0.01
0.0005457814605614,0.0454092264133893,0.0327096702854185,74.38822412490845,0.0050780891102458,0.4941699504852295,0.0014656312692619,0.8067400455474854,0.0287549589155338,0,0.0316227766016837
0.0004056064511776,0.0322296219350297,0.0378648571282393,72.03045749664307,0.0105343908408243,0.4095618724822998,0.0015909517767346,0.6495761871337891,0.0311551529089707,1,0.0316227766016837
0.0002963858857317,0.0076147160959794,0.0038591993318312,76.53338122367859,0.0014130513927408,0.6379528045654297,0.0011319403051659,0.7653594017028809,0.0104427871068834,2,0.0316227766016837
0.0065104220332111,0.0581605842715559,0.0875269718623764,75.93411755561829,0.0102522455581574,0.4859511852264404,0.0034034168184281,0.7893044948577881,0.0156110166122706,3,0.0316227766016837
6.542019417274947e-05,0.0188435450792252,0.0140783410029288,71.66197967529297,0.0054175726811012,0.5666511058807373,0.001969120260694,0.8205587863922119,0.0110548807241868,4,0.0316227766016837
0.0001236450201811,0.0084135501395144,0.0057722924541406,74.35310339927673,0.0021233381268569,0.738278865814209,0.001682119474977,1.0178930759429932,0.0233704686210114,5,0.0316227766016837
0.0001370257310203,0.0059040387850508,0.0059836337984791,73.56998705863953,0.0025436922426547,1.0298218727111816,0.0006415458083068,0.8760840892791748,0.0180984403504118,6,0.0316227766016837
9.271080068364856e-05,0.0119272578953619,0.0143806024263812,74.97084641456604,0.0051028631905751,0.4055066108703613,0.0014300133103451,0.6531994342803955,0.018481293385996,7,0.0316227766016837
0.0004208986104507,0.0284395662722038,0.0525959066401806,73.84996366500854,0.0125416781901671,0.5294938087463379,0.0014933804898419,0.7601094245910645,0.0992898915501972,8,0.0316227766016837
7.498818406450613e-05,0.0125722956539786,0.0129892463224661,71.00606656074524,0.0041022165397906,0.5583302974700928,0.0011968574639314,0.6861224174499512,0.0120745867264876,9,0.0316227766016837
0.0001139787255382,0.0071069802891451,0.0134746135778477,71.62518954277039,0.0005985359180455,0.6851797103881836,0.0004651134575383,0.911588191986084,0.0149290920858751,10,0.0316227766016837
0.0001177395904136,0.0070913915849824,0.0066203608485837,77.88778328895569,0.0021092024332566,0.6659643650054932,0.0013395691256456,1.0285048484802246,0.017991283440632,11,0.0316227766016837
0.0729441470542723,0.0221655265555562,0.0363733236041683,77.9410834312439,0.0062314365683309,0.5600707530975342,0.0008756037942838,0.9188125133514404,0.0161536414255663,12,0.0316227766016837
0.000269646216031,0.0131828092420168,0.0055292288252421,73.46071171760559,0.0014478822195257,0.7809114456176758,0.0018799473842399,0.9204461574554444,0.0279176978005599,13,0.0316227766016837
0.000233141443273,0.0076345767486506,0.0087282937257117,72.7276086807251,0.0116911610274254,0.4932327270507812,0.0032120609223017,0.6271822452545166,0.0775445341226934,14,0.0316227766016837
0.0005427783751988,0.0084456107727137,0.0068895742683334,72.38759541511536,0.0016747112877894,0.7861955165863037,0.0007281347245675,0.7166852951049805,0.0113518064035797,15,0.0316227766016837
0.0026804079735607,0.0325692339362428,0.0371490224058678,72.84121346473694,0.001109079457593,0.5673604011535645,0.0011091594625043,0.7415237426757812,0.0321523148817684,16,0.0316227766016837
0.0001612510303834,0.0125747471038809,0.0105462438445241,76.34592962265015,0.0009553435946639,0.5638141632080078,0.0011675553042428,0.6528854370117188,0.022233358257453,17,0.0316227766016837
0.0001438459550002,0.0046985347434394,0.0078844934432346,73.20854711532593,0.0011374730077799,0.5019006729125977,0.0013263557670806,0.7966525554656982,0.0212390371136807,18,0.0316227766016837
7.61620900872284e-05,0.006122546743204,0.013321837104413,71.26677942276001,0.0035370806510032,0.5379631519317627,0.0015315200646124,0.6449325084686279,0.0119066676979462,19,0.0316227766016837
0.00034252196735,0.0236971125815202,0.0118370108498342,73.66760349273682,0.0050780891102458,0.475658655166626,0.0014656312692619,0.640190601348877,0.0287549589155338,0,0.1
0.0003561491743028,0.0312958825901074,0.0401503349746226,78.00658178329468,0.0105343908408243,0.3471648693084717,0.0015909517767346,0.5942826271057129,0.0311551529089707,1,0.1
0.0001029319727196,0.0083201020802252,0.00508118845455,71.39341163635254,0.0014130513927408,0.5269184112548828,0.0011319403051659,0.7647378444671631,0.0104427871068834,2,0.1
0.0059813255093038,0.0581333494618218,0.0862625320174636,70.34339118003845,0.0102522455581574,0.4671261310577392,0.0034034168184281,0.6564760208129883,0.0156110166122706,3,0.1
6.28132962095999e-05,0.0202062811676657,0.0123584444840265,76.18003034591675,0.0054175726811012,0.4521567821502685,0.001969120260694,0.6275923252105713,0.0110548807241868,4,0.1
0.0001005890610155,0.0085873063176545,0.0070937919303643,71.44553351402283,0.0021233381268569,0.7683031558990479,0.001682119474977,0.9511349201202391,0.0233704686210114,5,0.1
0.0001370640584261,0.0072131907377144,0.00670083805355,73.73483800888062,0.0025436922426547,0.6369006633758545,0.0006415458083068,0.9149210453033448,0.0180984403504118,6,0.1
0.0001216210171528,0.0145487635963889,0.0081455243031625,69.06522250175476,0.0051028631905751,0.3835773468017578,0.0014300133103451,0.7336528301239014,0.018481293385996,7,0.1
0.0001536020895732,0.0072880484322546,0.0080754522188519,76.05066657066345,0.0125416781901671,0.6830959320068359,0.0014933804898419,0.7294223308563232,0.0992898915501972,8,0.1
7.607466068894435e-05,0.0129058187493559,0.004001056943106,74.37377548217773,0.0041022165397906,0.504774808883667,0.0011968574639314,0.6175827980041504,0.0120745867264876,9,0.1
0.0001541339636597,0.0069187282674871,0.0091921120189708,72.49978923797607,0.0005985359180455,0.7214174270629883,0.0004651134575383,0.8195934295654297,0.0149290920858751,10,0.1
0.0001889050691588,0.0059040706356943,0.0076808458555196,74.82910323143005,0.0021092024332566,0.6837270259857178,0.0013395691256456,0.9893479347229004,0.017991283440632,11,0.1
0.0762879933694833,0.0218260407616654,0.0329838659826516,79.99663162231445,0.0062314365683309,0.6231727600097656,0.0008756037942838,0.8530170917510986,0.0161536414255663,12,0.1
0.0003893110565971,0.0112059997479919,0.0077678928780203,77.46546530723572,0.0014478822195257,0.6818091869354248,0.0018799473842399,0.8915784358978271,0.0279176978005599,13,0.1
0.0002449285780001,0.0074059997226931,0.0034084674152454,71.62982439994812,0.0116911610274254,0.4076340198516845,0.0032120609223017,0.5143013000488281,0.0775445341226934,14,0.1
0.0026115925418537,0.008572787677367,0.0048441454916077,75.89173722267151,0.0016747112877894,0.5184566974639893,0.0007281347245675,0.6737020015716553,0.0113518064035797,15,0.1
0.0037364386370644,0.0312445337153344,0.0312462885643838,73.49946975708008,0.001109079457593,0.597599983215332,0.0011091594625043,0.7937695980072021,0.0321523148817684,16,0.1
0.0001537559774766,0.0094465113198314,0.0115989773323618,70.8316068649292,0.0009553435946639,0.5176069736480713,0.0011675553042428,0.7153646945953369,0.022233358257453,17,0.1
0.0001466348753722,0.006942180737304,0.0077240266787496,80.10324120521545,0.0011374730077799,0.5788469314575195,0.0013263557670806,0.6067492961883545,0.0212390371136807,18,0.1
7.912405450384666e-05,0.0106492744205185,0.0106156833589854,74.81044363975525,0.0035370806510032,0.4780170917510986,0.0015315200646124,0.6307151317596436,0.0119066676979462,19,0.1
0.0002616728328725,0.0237211930932438,0.0181840321096178,70.8445987701416,0.0050780891102458,0.5814182758331299,0.0014656312692619,0.6949505805969238,0.0287549589155338,0,0.3162277660168379
9.438853299071532e-05,0.0098146057087324,0.0093206967954752,72.36040425300598,0.0105343908408243,0.3792030811309814,0.0015909517767346,0.6303496360778809,0.0311551529089707,1,0.3162277660168379
0.000109792175792,0.0076404515745133,0.0046360464565713,71.6442563533783,0.0014130513927408,0.5485508441925049,0.0011319403051659,0.802513599395752,0.0104427871068834,2,0.3162277660168379
0.0048863340362845,0.0573263191600231,0.0895426620325359,71.25111293792725,0.0102522455581574,0.5720815658569336,0.0034034168184281,0.7685320377349854,0.0156110166122706,3,0.3162277660168379
7.077121594306993e-05,0.0155301061666091,0.0050198761051374,62.682772159576416,0.0054175726811012,0.4838464260101318,0.001969120260694,0.6457903385162354,0.0110548807241868,4,0.3162277660168379
0.0001147573044337,0.0034109580870243,0.0096727945497926,71.8807418346405,0.0021233381268569,0.7305400371551514,0.001682119474977,1.0664637088775637,0.0233704686210114,5,0.3162277660168379
0.0001465834356214,0.0074193037238252,0.0067456107620626,67.68303537368774,0.0025436922426547,0.798133373260498,0.0006415458083068,0.9409832954406738,0.0180984403504118,6,0.3162277660168379
9.85710076145674e-05,0.0107142254862021,0.0063312694628574,71.26962018013,0.0051028631905751,0.3955903053283691,0.0014300133103451,0.6988437175750732,0.018481293385996,7,0.3162277660168379
0.0001574170217277,0.0050516619176841,0.0095806520620181,74.30279207229614,0.0125416781901671,0.6496868133544922,0.0014933804898419,0.813406229019165,0.0992898915501972,8,0.3162277660168379
7.405704906805107e-05,0.0078549878251626,0.0045514504224784,71.63545894622803,0.0041022165397906,0.4408316612243652,0.0011968574639314,0.6192131042480469,0.0120745867264876,9,0.3162277660168379
0.000162294920938,0.0070443131960816,0.014800947366822,74.31177806854248,0.0005985359180455,0.7438211441040039,0.0004651134575383,0.8389403820037842,0.0149290920858751,10,0.3162277660168379
0.0001337051428187,0.005534677717009,0.0058319707327409,72.64495706558228,0.0021092024332566,0.6082038879394531,0.0013395691256456,1.0027329921722412,0.017991283440632,11,0.3162277660168379
0.0768022022273598,0.0077739838445906,0.024749999317459,76.22795057296753,0.0062314365683309,0.5826375484466553,0.0008756037942838,0.7810182571411133,0.0161536414255663,12,0.3162277660168379
0.0004193478887531,0.0099033861138336,0.0054952850054244,72.3496081829071,0.0014478822195257,0.6427102088928223,0.0018799473842399,0.8838872909545898,0.0279176978005599,13,0.3162277660168379
0.0002317606236323,0.0056024135322093,0.0059440348467368,73.24360752105713,0.0116911610274254,0.4382085800170898,0.0032120609223017,0.7137432098388672,0.0775445341226934,14,0.3162277660168379
0.0012922423743197,0.0072190179733258,0.0046289438882562,70.51249599456787,0.0016747112877894,0.6106116771697998,0.0007281347245675,0.7302591800689697,0.0113518064035797,15,0.3162277660168379
0.000825795770538,0.0027623613542863,0.0062468178355047,67.67591619491577,0.001109079457593,0.546921968460083,0.0011091594625043,0.7060604095458984,0.0321523148817684,16,0.3162277660168379
0.0001479798733792,0.0087698969065532,0.0078566632962866,70.78527116775513,0.0009553435946639,0.5174229145050049,0.0011675553042428,0.7623205184936523,0.022233358257453,17,0.3162277660168379
0.0001400485520306,0.0075909956545883,0.0095008834710372,68.39040756225586,0.0011374730077799,0.5829310417175293,0.0013263557670806,0.6872329711914062,0.0212390371136807,18,0.3162277660168379
7.783212542202081e-05,0.0084142633667512,0.0105148933657956,69.34686374664307,0.0035370806510032,0.4756889343261719,0.0015315200646124,0.6135456562042236,0.0119066676979462,19,0.3162277660168379
0.0003438268441609,0.011888066738783,0.0071668381736054,67.22267484664917,0.0050780891102458,0.4937388896942138,0.0014656312692619,0.6803247928619385,0.0287549589155338,0,1.0
9.308132656192422e-05,0.009976393715235,0.0055932380040196,68.47852945327759,0.0105343908408243,0.3693780899047851,0.0015909517767346,0.6588973999023438,0.0311551529089707,1,1.0
0.0002014340491364,0.0048097972770415,0.0039529117520177,68.59345531463623,0.0014130513927408,0.5870542526245117,0.0011319403051659,0.8648509979248047,0.0104427871068834,2,1.0
0.0064523661761508,0.0541676732028112,0.0857999078819148,68.43210482597351,0.0102522455581574,0.5467946529388428,0.0034034168184281,0.6656279563903809,0.0156110166122706,3,1.0
7.516653628629003e-05,0.0106472467059318,0.0066965107661941,68.89972853660583,0.0054175726811012,0.4782929420471191,0.001969120260694,0.6798882484436035,0.0110548807241868,4,1.0
0.0001268761462944,0.0050745153351211,0.0058876499007185,69.87522220611572,0.0021233381268569,0.8160407543182373,0.001682119474977,1.1428399085998535,0.0233704686210114,5,1.0
0.0001406929210471,0.0077067319322083,0.0065060293074056,69.00821852684021,0.0025436922426547,0.6979410648345947,0.0006415458083068,0.9573764801025392,0.0180984403504118,6,1.0
9.307569195795564e-05,0.0103309499603441,0.0078998411705287,71.44950819015503,0.0051028631905751,0.37026047706604,0.0014300133103451,0.7972607612609863,0.018481293385996,7,1.0
0.0002133157548553,0.0047853033728101,0.0078855901449371,70.62100267410278,0.0125416781901671,0.5197939872741699,0.0014933804898419,0.8849434852600098,0.0992898915501972,8,1.0
6.924033217079462e-05,0.0072727388303665,0.0043628844597561,66.51959156990051,0.0041022165397906,0.433560848236084,0.0011968574639314,0.7980380058288574,0.0120745867264876,9,1.0
0.0001325398026243,0.0060793620554689,0.0083137147736813,71.82109928131104,0.0005985359180455,0.6108627319335938,0.0004651134575383,0.7671432495117188,0.0149290920858751,10,1.0
0.0002055013962091,0.0019436400711964,0.0048902345528737,67.79342365264893,0.0021092024332566,0.6276485919952393,0.0013395691256456,0.9168829917907716,0.017991283440632,11,1.0
0.066217637844195,0.0056768979339651,0.0215475438483495,71.11092519760132,0.0062314365683309,0.5305130481719971,0.0008756037942838,0.7154529094696045,0.0161536414255663,12,1.0
0.0005313014607599,0.0057090555962807,0.0059123459603064,68.90030860900879,0.0014478822195257,0.5755670070648193,0.0018799473842399,0.7441060543060303,0.0279176978005599,13,1.0
0.0002498009890326,0.0054772704896515,0.0034355576920084,52.88987374305725,0.0116911610274254,0.4372150897979736,0.0032120609223017,0.5378382205963135,0.0775445341226934,14,1.0
0.0030459696551875,0.0058477635793704,0.0042879245656644,69.65611338615417,0.0016747112877894,0.6055145263671875,0.0007281347245675,1.060307502746582,0.0113518064035797,15,1.0
0.0006814443926786,0.0018587886307849,0.0018728308962839,68.02338981628418,0.001109079457593,0.6188492774963379,0.0011091594625043,0.8540525436401367,0.0321523148817684,16,1.0
0.0001392343398102,0.0062413196405981,0.0065078415458204,67.12758612632751,0.0009553435946639,0.4809091091156006,0.0011675553042428,0.5869753360748291,0.022233358257453,17,1.0
0.0001420459190064,0.0065203039664898,0.0063422088621737,68.02605247497559,0.0011374730077799,0.4780614376068115,0.0013263557670806,0.6147129535675049,0.0212390371136807,18,1.0
8.383188922961674e-05,0.0059002483581285,0.0060117101880904,72.5890908241272,0.0035370806510032,0.4408621788024902,0.0015315200646124,0.5844604969024658,0.0119066676979462,19,1.0
0.0003047966308655,0.0168252963634982,0.0195027113570633,71.90370345115662,0.0050780891102458,0.5484521389007568,0.0014656312692619,0.7480924129486084,0.0287549589155338,0,3.1622776601683795
0.0001039116378828,0.0088752329785961,0.0069225940293594,71.57835602760315,0.0105343908408243,0.512232780456543,0.0015909517767346,0.6407320499420166,0.0311551529089707,1,3.1622776601683795
0.0002234066334099,0.0043379655042296,0.0043102427422422,70.81785440444946,0.0014130513927408,0.6627292633056641,0.0011319403051659,0.7743241786956787,0.0104427871068834,2,3.1622776601683795
0.005121240362762,0.0648274532076393,0.084585749595756,73.10241866111755,0.0102522455581574,0.491187572479248,0.0034034168184281,0.7903900146484375,0.0156110166122706,3,3.1622776601683795
7.124714787392073e-05,0.0104786539756758,0.0069703132679003,70.92202425003052,0.0054175726811012,0.48622727394104,0.001969120260694,0.704352855682373,0.0110548807241868,4,3.1622776601683795
0.0003528911896153,0.0264477252120134,0.0314002829157642,74.01687860488892,0.0021233381268569,0.7053582668304443,0.001682119474977,1.0102274417877195,0.0233704686210114,5,3.1622776601683795
0.0001428066152311,0.0078203273471536,0.0072479279135642,69.75285005569458,0.0025436922426547,0.7123384475708008,0.0006415458083068,1.0298280715942385,0.0180984403504118,6,3.1622776601683795
0.0001019264824669,0.0075907054884366,0.0064256759137884,71.09658122062683,0.0051028631905751,0.380495548248291,0.0014300133103451,0.7108662128448486,0.018481293385996,7,3.1622776601683795
0.0001835943615417,0.0018837661993339,0.0074017021923216,67.6094913482666,0.0125416781901671,0.5610206127166748,0.0014933804898419,0.8371026515960693,0.0992898915501972,8,3.1622776601683795
8.112415453242298e-05,0.0073904215839909,0.0069042327527538,71.0916519165039,0.0041022165397906,0.5030331611633301,0.0011968574639314,0.6357443332672119,0.0120745867264876,9,3.1622776601683795
0.000214336003066,0.0034917088936705,0.0066223596523441,71.04302334785461,0.0005985359180455,0.5526895523071289,0.0004651134575383,0.7158880233764648,0.0149290920858751,10,3.1622776601683795
0.0001555500536603,0.0027008046730149,0.0058294553074813,69.18521571159363,0.0021092024332566,0.6467380523681641,0.0013395691256456,0.9299767017364502,0.017991283440632,11,3.1622776601683795
0.0709297114940895,0.0055140524707981,0.020990014352545,69.38582062721252,0.0062314365683309,0.5624713897705078,0.0008756037942838,0.7979583740234375,0.0161536414255663,12,3.1622776601683795
0.000589901313149,0.0076920914247541,0.0081588433010425,68.62855100631714,0.0014478822195257,0.6248135566711426,0.0018799473842399,0.8876948356628418,0.0279176978005599,13,3.1622776601683795
0.0002528270406047,0.0053529937124589,0.0043030329293877,71.26014375686646,0.0116911610274254,0.5142307281494141,0.0032120609223017,0.6246652603149414,0.0775445341226934,14,3.1622776601683795
0.0020211151392098,0.0064343025353107,0.0062197006650286,70.84995484352112,0.0016747112877894,0.5853216648101807,0.0007281347245675,0.7489449977874756,0.0113518064035797,15,3.1622776601683795
0.0003789520279229,0.0035337814635851,0.0039607811912637,67.23336434364319,0.001109079457593,0.5577306747436523,0.0011091594625043,0.7362186908721924,0.0321523148817684,16,3.1622776601683795
0.000124432806911,0.0048092489767712,0.0057257549085007,71.05522775650024,0.0009553435946639,0.5070278644561768,0.0011675553042428,0.5949721336364746,0.022233358257453,17,3.1622776601683795
0.0001486937796858,0.0051519690422887,0.006890901231826,72.22856760025024,0.0011374730077799,0.5005667209625244,0.0013263557670806,0.7149078845977783,0.0212390371136807,18,3.1622776601683795
8.238862236046676e-05,0.0037157011854829,0.0063589081586455,57.57293343544006,0.0035370806510032,0.5669617652893066,0.0015315200646124,0.6271250247955322,0.0119066676979462,19,3.1622776601683795
0.000477083112306,0.0220356172189816,0.0150913773847743,72.11491632461548,0.0050780891102458,0.5194482803344727,0.0014656312692619,0.6357107162475586,0.0287549589155338,0,10.0
0.0002344395893387,0.014969892162818,0.0192846209627674,67.86940312385559,0.0105343908408243,0.4605176448822021,0.0015909517767346,0.6747949123382568,0.0311551529089707,1,10.0
0.0003614102098101,0.0040066420604717,0.004319172749307,71.91544079780579,0.0014130513927408,0.5729629993438721,0.0011319403051659,0.7972443103790283,0.0104427871068834,2,10.0
0.0065527246797345,0.0647612619784819,0.0859694589361849,67.59467720985413,0.0102522455581574,0.4354584217071533,0.0034034168184281,0.6254334449768066,0.0156110166122706,3,10.0
7.546530882924044e-05,0.0074545832635268,0.0072975211522059,65.9516327381134,0.0054175726811012,0.4334285259246826,0.001969120260694,0.7589354515075684,0.0110548807241868,4,10.0
0.0001236292835422,0.0025737173389045,0.0055689268320474,64.25290513038635,0.0021233381268569,0.7264320850372314,0.001682119474977,0.9230976104736328,0.0233704686210114,5,10.0
0.0001432771071344,0.0067678437276222,0.0074787656221059,61.36848974227905,0.0025436922426547,0.727215051651001,0.0006415458083068,0.9457128047943116,0.0180984403504118,6,10.0
9.934187172599232e-05,0.0071407471209554,0.0070026458844003,70.2213921546936,0.0051028631905751,0.4083824157714844,0.0014300133103451,0.6974267959594727,0.018481293385996,7,10.0
0.0001655589751899,0.0034225546033993,0.0067832949683494,67.80333423614502,0.0125416781901671,0.6787257194519043,0.0014933804898419,0.8143961429595947,0.0992898915501972,8,10.0
0.0001710830500185,0.0152167772860614,0.0180914921758153,68.8126266002655,0.0041022165397906,0.397641658782959,0.0011968574639314,0.6352376937866211,0.0120745867264876,9,10.0
9.466913213186008e-05,0.0052392006761365,0.0106097151603631,68.59502577781677,0.0005985359180455,0.5549311637878418,0.0004651134575383,0.7187249660491943,0.0149290920858751,10,10.0
0.0001447210944347,0.0056095319449722,0.0081045056072312,66.06584215164185,0.0021092024332566,0.642878532409668,0.0013395691256456,0.909090518951416,0.017991283440632,11,10.0
0.0724813888922585,0.0051160167244524,0.0189094351798669,67.85010147094727,0.0062314365683309,0.5325174331665039,0.0008756037942838,0.8054695129394531,0.0161536414255663,12,10.0
0.000858424790436,0.0057124120667928,0.0071030094169752,68.9293224811554,0.0014478822195257,0.6208996772766113,0.0018799473842399,0.762291669845581,0.0279176978005599,13,10.0
0.0002393842369179,0.0060881568706172,0.0031037041670489,70.43930959701538,0.0116911610274254,0.460855484008789,0.0032120609223017,0.5688323974609375,0.0775445341226934,14,10.0
0.0004883071724796,0.007344863983097,0.0090179462547237,66.65384459495544,0.0016747112877894,0.5553839206695557,0.0007281347245675,0.6794450283050537,0.0113518064035797,15,10.0
0.0018711441586137,0.0049056317595751,0.0032334769287576,63.83554291725159,0.001109079457593,0.5660371780395508,0.0011091594625043,0.7441914081573486,0.0321523148817684,16,10.0
0.0001667905239234,0.0040701800478137,0.0068256632997057,64.8893563747406,0.0009553435946639,0.4951069355010986,0.0011675553042428,0.6587378978729248,0.022233358257453,17,10.0
0.0001513291913749,0.0053110617015734,0.0074028991618029,68.7672438621521,0.0011374730077799,0.763329267501831,0.0013263557670806,0.7714996337890625,0.0212390371136807,18,10.0
7.883272395007672e-05,0.0041810224436768,0.0061206274425461,72.75485420227051,0.0035370806510032,0.5006570816040039,0.0015315200646124,0.7218635082244873,0.0119066676979462,19,10.0
0.0003973571817702,0.0087595526397841,0.006960898641177,71.7400529384613,0.0050780891102458,0.5127747058868408,0.0014656312692619,0.6323752403259277,0.0287549589155338,0,31.622776601683796
0.0002621887426037,0.0155989496206084,0.0245025139366021,69.76228046417236,0.0105343908408243,0.3504307270050049,0.0015909517767346,0.6160693168640137,0.0311551529089707,1,31.622776601683796
0.0002107550002566,0.0069869038891277,0.0079967597455505,63.72910904884338,0.0014130513927408,0.5306756496429443,0.0011319403051659,0.7802278995513916,0.0104427871068834,2,31.622776601683796
0.0054759835005927,0.0645854537297881,0.0847854514213541,68.65091967582703,0.0102522455581574,0.4475572109222412,0.0034034168184281,0.668360710144043,0.0156110166122706,3,31.622776601683796
7.617016353684095e-05,0.0084303488458205,0.0095037264636965,70.41144442558289,0.0054175726811012,0.5728459358215332,0.001969120260694,0.675668478012085,0.0110548807241868,4,31.622776601683796
0.0001203982715594,0.0037813197802673,0.0069785761698569,68.6667411327362,0.0021233381268569,0.7736196517944336,0.001682119474977,0.898296594619751,0.0233704686210114,5,31.622776601683796
0.0001444131560194,0.0106886148854008,0.0116389744318907,65.8409514427185,0.0025436922426547,0.8622510433197021,0.0006415458083068,0.8911919593811035,0.0180984403504118,6,31.622776601683796
0.0001085199439273,0.0106851093275922,0.0140147148338112,73.2640027999878,0.0051028631905751,0.3682515621185303,0.0014300133103451,0.6389696598052979,0.018481293385996,7,31.622776601683796
0.0001523583627866,0.0028653524989945,0.0068421202696275,68.57588601112366,0.0125416781901671,0.5595858097076416,0.0014933804898419,0.8207054138183594,0.0992898915501972,8,31.622776601683796
0.0001821522722973,0.0149452519910108,0.019549283235435,69.54963183403015,0.0041022165397906,0.4281129837036133,0.0011968574639314,0.6301722526550293,0.0120745867264876,9,31.622776601683796
0.0001209515509928,0.0050008215502693,0.0095911375671022,72.38311004638672,0.0005985359180455,0.7100827693939209,0.0004651134575383,0.7337508201599121,0.0149290920858751,10,31.622776601683796
0.0001851761332186,0.0053305208477047,0.007583296002124,66.7216420173645,0.0021092024332566,0.5941622257232666,0.0013395691256456,0.9308488368988036,0.017991283440632,11,31.622776601683796
0.0649848902209476,0.0050129629572854,0.0180269337028592,69.69443964958191,0.0062314365683309,0.6255278587341309,0.0008756037942838,0.7589857578277588,0.0161536414255663,12,31.622776601683796
0.000164898942989,0.0056810269293564,0.0070472053614441,70.84367084503174,0.0014478822195257,0.6156585216522217,0.0018799473842399,0.8047406673431396,0.0279176978005599,13,31.622776601683796
0.0002591067052346,0.0205760522196818,0.023353644193242,62.439311027526855,0.0116911610274254,0.4151387214660644,0.0032120609223017,0.5431258678436279,0.0775445341226934,14,31.622776601683796
0.0004556898457634,0.007622534081076,0.0098322892520389,68.1984851360321,0.0016747112877894,0.5558578968048096,0.0007281347245675,0.7082111835479736,0.0113518064035797,15,31.622776601683796
0.0016035651242189,0.0051017719273231,0.0042134323583231,70.3630759716034,0.001109079457593,0.7269332408905029,0.0011091594625043,0.7807838916778564,0.0321523148817684,16,31.622776601683796
0.0001463248289946,0.0053622401878927,0.0077442904217225,69.22574043273926,0.0009553435946639,0.555875301361084,0.0011675553042428,0.6165027618408203,0.022233358257453,17,31.622776601683796
0.0001409621703171,0.0049135792460792,0.007311179680334,64.79825043678284,0.0011374730077799,0.7787859439849854,0.0013263557670806,0.9182898998260498,0.0212390371136807,18,31.622776601683796
8.105080896757174e-05,0.0050701204215135,0.0067505335447658,65.18818497657776,0.0035370806510032,0.4482278823852539,0.0015315200646124,0.6176021099090576,0.0119066676979462,19,31.622776601683796
0.0003139316981864,0.0075042950035091,0.0056268352525335,68.96298122406006,0.0050780891102458,0.570347785949707,0.0014656312692619,0.6818461418151855,0.0287549589155338,0,100.0
0.0003014473434012,0.0175440894271559,0.0283454236139184,66.4333803653717,0.0105343908408243,0.3431315422058105,0.0015909517767346,0.6204483509063721,0.0311551529089707,1,100.0
0.0001271208322767,0.0046844903009618,0.0031974530957234,63.0390260219574,0.0014130513927408,0.5434548854827881,0.0011319403051659,0.770503044128418,0.0104427871068834,2,100.0
0.0001748615933225,0.0062601694132506,0.0089378264518986,67.15032482147217,0.0102522455581574,0.4723811149597168,0.0034034168184281,0.6487030982971191,0.0156110166122706,3,100.0
7.475492775698515e-05,0.0079627156488927,0.0074877027843765,70.05666995048523,0.0054175726811012,0.4975378513336181,0.001969120260694,0.6714122295379639,0.0110548807241868,4,100.0
0.0001283547996477,0.0039137050893632,0.0104638086114808,70.53873324394226,0.0021233381268569,0.8211164474487305,0.001682119474977,1.1268348693847656,0.0233704686210114,5,100.0
0.0001436345097959,0.0068288082400572,0.0069368977776887,65.59738731384277,0.0025436922426547,0.6736383438110352,0.0006415458083068,0.8664000034332275,0.0180984403504118,6,100.0
9.985145167583644e-05,0.0087223880944137,0.0097820107534087,69.08605289459229,0.0051028631905751,0.3914318084716797,0.0014300133103451,0.680133581161499,0.018481293385996,7,100.0
0.0001682448253298,0.0031506452836762,0.0063580494423392,67.4150505065918,0.0125416781901671,0.5569028854370117,0.0014933804898419,0.7222900390625,0.0992898915501972,8,100.0
0.0001906704112283,0.0158251694396492,0.0209158020348737,67.84074354171753,0.0041022165397906,0.4002997875213623,0.0011968574639314,0.6114630699157715,0.0120745867264876,9,100.0
0.0001349573269086,0.0041957714975285,0.0085895529181239,65.31212520599365,0.0005985359180455,0.5669639110565186,0.0004651134575383,0.797276496887207,0.0149290920858751,10,100.0
0.0001416417993585,0.0055984901037399,0.007095090416057,70.52368378639221,0.0021092024332566,0.7081201076507568,0.0013395691256456,0.948566198348999,0.017991283440632,11,100.0
0.0870613146814556,0.0068080603188154,0.0195875784723834,70.36803770065308,0.0062314365683309,0.6441609859466553,0.0008756037942838,0.8369324207305908,0.0161536414255663,12,100.0
0.0012328480097899,0.006394676169781,0.007581644288035,69.68894004821777,0.0014478822195257,0.8280067443847656,0.0018799473842399,0.7608373165130615,0.0279176978005599,13,100.0
0.0002452799154227,0.0204105877056721,0.0231372122838675,66.61296129226685,0.0116911610274254,0.4647514820098877,0.0032120609223017,0.7121741771697998,0.0775445341226934,14,100.0
0.0004498540524982,0.0047868924988212,0.0065671689238738,68.95889544487,0.0016747112877894,0.5252420902252197,0.0007281347245675,0.6715822219848633,0.0113518064035797,15,100.0
0.001610930972525,0.0052885236747887,0.0036330343545703,68.90807342529297,0.001109079457593,0.628941535949707,0.0011091594625043,0.75162672996521,0.0321523148817684,16,100.0
0.000173365121982,0.0044804806925336,0.0062258008484401,70.50124621391296,0.0009553435946639,0.4729559421539306,0.0011675553042428,0.7406702041625977,0.022233358257453,17,100.0
0.0001481539771103,0.0051826225036759,0.0077305431153964,69.14741826057434,0.0011374730077799,0.6459310054779053,0.0013263557670806,0.6396088600158691,0.0212390371136807,18,100.0
7.991077644789641e-05,0.0048674624357389,0.0067010723285466,71.16984939575195,0.0035370806510032,0.4775500297546386,0.0015315200646124,0.5857317447662354,0.0119066676979462,19,100.0
0.0003431402493387,0.007638585847964,0.0057853681623573,71.1214542388916,0.0050780891102458,0.4826767444610595,0.0014656312692619,0.6592199802398682,0.0287549589155338,0,316.227766016838
0.0003094752707889,0.017605490433138,0.028884767202219,70.59242296218872,0.0105343908408243,0.3498713970184326,0.0015909517767346,0.644099235534668,0.0311551529089707,1,316.227766016838
0.0001122162175592,0.0064567600554121,0.0072623331842097,70.30791115760803,0.0014130513927408,0.5678298473358154,0.0011319403051659,0.9695184230804444,0.0104427871068834,2,316.227766016838
0.0001786710275619,0.0053927884862032,0.0090542496692011,67.78882598876953,0.0102522455581574,0.4952030181884765,0.0034034168184281,0.6855902671813965,0.0156110166122706,3,316.227766016838
7.936436281443803e-05,0.0089613892569914,0.0111173870821562,72.05778121948242,0.0054175726811012,0.7040531635284424,0.001969120260694,0.8933348655700684,0.0110548807241868,4,316.227766016838
0.0001190977067669,0.003096430755086,0.00762526342218,69.84846711158752,0.0021233381268569,0.8262090682983398,0.001682119474977,1.459582805633545,0.0233704686210114,5,316.227766016838
0.0001466659538253,0.007334531033103,0.0062751985696478,74.65775990486145,0.0025436922426547,0.6481740474700928,0.0006415458083068,0.9339232444763184,0.0180984403504118,6,316.227766016838
9.864371178747168e-05,0.0095558814206733,0.0099952090538178,68.08365869522095,0.0051028631905751,0.4021294116973877,0.0014300133103451,0.6192512512207031,0.018481293385996,7,316.227766016838
0.0001859778841693,0.003853996977154,0.0065056680267532,69.0491373538971,0.0125416781901671,0.5307247638702393,0.0014933804898419,0.7969810962677002,0.0992898915501972,8,316.227766016838
0.0001560105043585,0.0165037040759139,0.0211116965399864,72.45045208930969,0.0041022165397906,0.4819469451904297,0.0011968574639314,0.7145068645477295,0.0120745867264876,9,316.227766016838
0.0001375192436161,0.0061215206954362,0.0103685665469938,66.00273752212524,0.0005985359180455,0.5725281238555908,0.0004651134575383,0.7550547122955322,0.0149290920858751,10,316.227766016838
0.000143209989849,0.0061826472116528,0.0075342876918452,66.68056511878967,0.0021092024332566,0.6598732471466064,0.0013395691256456,0.9531068801879884,0.017991283440632,11,316.227766016838
0.0711902565650252,0.0058878959871794,0.0193262810873476,71.19074964523315,0.0062314365683309,0.5480320453643799,0.0008756037942838,0.8215749263763428,0.0161536414255663,12,316.227766016838
0.0003351007180022,0.0061501354418783,0.0080702168171261,69.42505931854248,0.0014478822195257,0.7659618854522705,0.0018799473842399,0.767777681350708,0.0279176978005599,13,316.227766016838
0.0002482402406389,0.0090343125731855,0.0080264440777288,70.64652109146118,0.0116911610274254,0.4000005722045898,0.0032120609223017,0.5226023197174072,0.0775445341226934,14,316.227766016838
0.0028782977263332,0.0050990786093996,0.0064916292912522,68.17771863937378,0.0016747112877894,0.5226213932037354,0.0007281347245675,0.7017621994018555,0.0113518064035797,15,316.227766016838
0.0007821995987387,0.0042199537112044,0.0037270405829466,69.31098866462708,0.001109079457593,0.6035950183868408,0.0011091594625043,0.7812542915344238,0.0321523148817684,16,316.227766016838
0.0001266365591029,0.0037828104803654,0.0057046902881391,70.49873852729797,0.0009553435946639,0.5662147998809814,0.0011675553042428,0.6460545063018799,0.022233358257453,17,316.227766016838
0.0001448809679398,0.0050866037491429,0.0071192218955218,71.76191711425781,0.0011374730077799,0.4846508502960205,0.0013263557670806,0.6853034496307373,0.0212390371136807,18,316.227766016838
8.234901540521052e-05,0.0056540830006954,0.0070261079081968,67.673171043396,0.0035370806510032,0.4954590797424316,0.0015315200646124,0.6444764137268066,0.0119066676979462,19,316.227766016838
0.0002446726568707,0.0077867581973132,0.0052368243374875,72.86148452758789,0.0050780891102458,0.5570340156555176,0.0014656312692619,0.8573439121246338,0.0287549589155338,0,1000.0
0.0003007699219398,0.0176592908863863,0.0290856594776404,72.52269959449768,0.0105343908408243,0.3952858448028564,0.0015909517767346,0.5998711585998535,0.0311551529089707,1,1000.0
0.0003578662966956,0.0062659570577418,0.0061734061664217,70.72194647789001,0.0014130513927408,0.5210950374603271,0.0011319403051659,0.7273156642913818,0.0104427871068834,2,1000.0
5.5669172840056014e-05,0.006455468877244,0.0106511924746894,67.25085163116455,0.0102522455581574,0.4894590377807617,0.0034034168184281,0.6813275814056396,0.0156110166122706,3,1000.0
7.564197074394484e-05,0.007948105060179,0.0075524175255037,70.31780409812927,0.0054175726811012,0.465364933013916,0.001969120260694,0.6615936756134033,0.0110548807241868,4,1000.0
0.0001380753240394,0.003368251479349,0.0080834997493713,67.45097732543945,0.0021233381268569,0.8346395492553711,0.001682119474977,1.1890218257904053,0.0233704686210114,5,1000.0
0.0001429981230733,0.0073273288229387,0.0063323915705915,70.09199357032776,0.0025436922426547,0.7251689434051514,0.0006415458083068,1.117926836013794,0.0180984403504118,6,1000.0
9.668176735651753e-05,0.0098900601443675,0.0101095881910403,69.58806443214417,0.0051028631905751,0.3806836605072021,0.0014300133103451,0.7403726577758789,0.018481293385996,7,1000.0
0.0001834965553964,0.00430095348819,0.0074287920118183,69.7528624534607,0.0125416781901671,0.6316409111022949,0.0014933804898419,0.7944562435150146,0.0992898915501972,8,1000.0
0.0001743007089434,0.0167303479478974,0.0208616612451519,69.17278861999512,0.0041022165397906,0.4131655693054199,0.0011968574639314,0.7059628963470459,0.0120745867264876,9,1000.0
0.0001638344871857,0.005739846109437,0.0091404721757889,70.61007237434387,0.0005985359180455,0.6349582672119141,0.0004651134575383,0.7598223686218262,0.0149290920858751,10,1000.0
0.0001389383974897,0.0072792268180193,0.0085303001708712,66.42900538444519,0.0021092024332566,0.8287699222564697,0.0013395691256456,0.8819222450256348,0.017991283440632,11,1000.0
0.0909604277878247,0.006128371275655,0.019062967353708,70.11750102043152,0.0062314365683309,0.5871403217315674,0.0008756037942838,0.8370428085327148,0.0161536414255663,12,1000.0
0.0006253112305845,0.0063994841508951,0.0076524068198605,66.03827118873596,0.0014478822195257,0.6326038837432861,0.0018799473842399,0.7950801849365234,0.0279176978005599,13,1000.0
0.0002543777325448,0.0089496811137947,0.008400134976932,73.15420842170715,0.0116911610274254,0.4223346710205078,0.0032120609223017,0.5495920181274414,0.0775445341226934,14,1000.0
0.000687014081384,0.0045918855724214,0.0070429217989976,69.9841296672821,0.0016747112877894,0.7922086715698242,0.0007281347245675,0.7921760082244873,0.0113518064035797,15,1000.0
0.0036998950843921,0.0324196353850849,0.0313387370916615,68.17019701004028,0.001109079457593,0.6088695526123047,0.0011091594625043,0.7707920074462891,0.0321523148817684,16,1000.0
0.0001708407214948,0.0038777136443741,0.0058452090864969,72.26659226417542,0.0009553435946639,0.5120842456817627,0.0011675553042428,0.6964731216430664,0.022233358257453,17,1000.0
0.000147096300822,0.0052495779647755,0.0069531362914343,73.17239379882812,0.0011374730077799,0.4943220615386963,0.0013263557670806,0.6768536567687988,0.0212390371136807,18,1000.0
8.37997617483118e-05,0.0046630806484334,0.0059842004903128,67.91122698783875,0.0035370806510032,0.4682455062866211,0.0015315200646124,0.6344811916351318,0.0119066676979462,19,1000.0
0.0002865168720612,0.0077488816428576,0.0052166513952551,71.45234894752502,0.0050780891102458,0.4968698024749756,0.0014656312692619,0.672093391418457,0.0287549589155338,0,3162.2776601683795
0.0003069908169415,0.0176970796623764,0.0292950733075317,69.86830615997314,0.0105343908408243,0.4381666183471679,0.0015909517767346,0.6960480213165283,0.0311551529089707,1,3162.2776601683795
0.0003310853564478,0.0065190049417979,0.008148152661768,70.97378659248352,0.0014130513927408,0.555823564529419,0.0011319403051659,0.8163716793060303,0.0104427871068834,2,3162.2776601683795
0.0004402421489327,0.0058230984804289,0.0095776749675565,69.35866737365723,0.0102522455581574,0.4721696376800537,0.0034034168184281,0.6927003860473633,0.0156110166122706,3,3162.2776601683795
7.425509743031651e-05,0.0080149089797387,0.0074910352706123,68.47941541671753,0.0054175726811012,0.4640271663665771,0.001969120260694,0.7095017433166504,0.0110548807241868,4,3162.2776601683795
0.0001284950664588,0.0037119120652596,0.0082995133349759,65.03934931755066,0.0021233381268569,0.7884583473205566,0.001682119474977,1.0038986206054688,0.0233704686210114,5,3162.2776601683795
0.0001481690277043,0.0077842848349444,0.0075216611586303,68.68994092941284,0.0025436922426547,0.673332691192627,0.0006415458083068,0.923041820526123,0.0180984403504118,6,3162.2776601683795
9.887171558645342e-05,0.0098989864868524,0.0101721496909312,69.31435298919678,0.0051028631905751,0.4675068855285644,0.0014300133103451,0.7415285110473633,0.018481293385996,7,3162.2776601683795
0.0002192321632646,0.0048464035138195,0.0080113286030196,70.91089868545532,0.0125416781901671,0.5320606231689453,0.0014933804898419,0.7470054626464844,0.0992898915501972,8,3162.2776601683795
0.0002080356888837,0.0168478127287546,0.0206827735876019,71.62772870063782,0.0041022165397906,0.417048692703247,0.0011968574639314,0.6903660297393799,0.0120745867264876,9,3162.2776601683795
0.0002103325619494,0.0057540462696379,0.0091468344442212,71.4559440612793,0.0005985359180455,0.6011660099029541,0.0004651134575383,0.7617359161376953,0.0149290920858751,10,3162.2776601683795
0.0001763686733426,0.0080648719403781,0.0092506924478547,66.99018168449402,0.0021092024332566,0.7586114406585693,0.0013395691256456,0.8823566436767578,0.017991283440632,11,3162.2776601683795
0.0806525804554978,0.0055987109429221,0.0046871263208335,71.26372051239014,0.0062314365683309,0.5618739128112793,0.0008756037942838,0.7258586883544922,0.0161536414255663,12,3162.2776601683795
0.0006021128320192,0.0068064074732535,0.0094081240154405,67.76831269264221,0.0014478822195257,0.5842673778533936,0.0018799473842399,0.7540202140808105,0.0279176978005599,13,3162.2776601683795
0.0002505475514157,0.0091414142914825,0.0087324993050265,72.63769006729126,0.0116911610274254,0.4747252464294433,0.0032120609223017,0.6733715534210205,0.0775445341226934,14,3162.2776601683795
0.0004483500394991,0.0046674255473432,0.0070973017433509,66.69221043586731,0.0016747112877894,0.516709566116333,0.0007281347245675,0.6660068035125732,0.0113518064035797,15,3162.2776601683795
0.0028772681786666,0.0069829667719592,0.0066110692963928,68.42927932739258,0.001109079457593,0.5594122409820557,0.0011091594625043,0.7115058898925781,0.0321523148817684,16,3162.2776601683795
0.0001399672751462,0.0039553776598207,0.0057137099114071,67.99073886871338,0.0009553435946639,0.5007305145263672,0.0011675553042428,0.62758469581604,0.022233358257453,17,3162.2776601683795
0.0001487978787255,0.0053161155236384,0.00724683755194,70.80086612701416,0.0011374730077799,0.4830021858215332,0.0013263557670806,0.6187825202941895,0.0212390371136807,18,3162.2776601683795
8.239761783756331e-05,0.0066335553656381,0.0086598247103224,67.35023856163025,0.0035370806510032,0.4373390674591064,0.0015315200646124,0.5708808898925781,0.0119066676979462,19,3162.2776601683795
0.0003461376571902,0.0079112761772517,0.0053747165983599,72.14323878288269,0.0050780891102458,0.603046178817749,0.0014656312692619,0.7092313766479492,0.0287549589155338,0,10000.0
0.0002951189465511,0.0181373345283397,0.0289572897106666,68.3534767627716,0.0105343908408243,0.3421955108642578,0.0015909517767346,0.5907919406890869,0.0311551529089707,1,10000.0
0.0006825112448257,0.0060265567162851,0.0065128111835553,70.70108246803284,0.0014130513927408,0.63863205909729,0.0011319403051659,0.8739559650421143,0.0104427871068834,2,10000.0
0.0003760050422802,0.0058697180675277,0.0094216258093921,70.98483180999756,0.0102522455581574,0.6073355674743652,0.0034034168184281,0.7106454372406006,0.0156110166122706,3,10000.0
7.669144520729975e-05,0.0068191575769671,0.0085996671154495,65.22248935699463,0.0054175726811012,0.4883339405059814,0.001969120260694,0.6948955059051514,0.0110548807241868,4,10000.0
0.0002471956702929,0.0032595691162392,0.0082624892031773,70.60719895362854,0.0021233381268569,0.8684823513031006,0.001682119474977,1.495626449584961,0.0233704686210114,5,10000.0
0.0001417076530471,0.0066754860643391,0.0072003094732799,68.1626136302948,0.0025436922426547,0.6619760990142822,0.0006415458083068,1.0220460891723633,0.0180984403504118,6,10000.0
0.0001110728907427,0.0101713087606535,0.0101021687267011,72.39198684692383,0.0051028631905751,0.4302515983581543,0.0014300133103451,0.789893627166748,0.018481293385996,7,10000.0
0.0002066220013768,0.0042912169568149,0.0068574037129125,72.10463500022888,0.0125416781901671,0.5938737392425537,0.0014933804898419,0.7725143432617188,0.0992898915501972,8,10000.0
0.0001673438040082,0.0164650627271314,0.0211629004882196,69.00573682785034,0.0041022165397906,0.4481067657470703,0.0011968574639314,0.6708452701568604,0.0120745867264876,9,10000.0
0.0002931043335158,0.005714952986583,0.0089914788973206,68.64222073554993,0.0005985359180455,0.771388053894043,0.0004651134575383,0.7837378978729248,0.0149290920858751,10,10000.0
0.0005776917083475,0.0066694691785758,0.0076221178691702,67.80654430389404,0.0021092024332566,0.6070685386657715,0.0013395691256456,0.9560198783874512,0.017991283440632,11,10000.0
0.1278989060740568,0.0134672180602028,0.0205818444977617,74.08798956871033,0.0062314365683309,0.5732123851776123,0.0008756037942838,0.8036525249481201,0.0161536414255663,12,10000.0
0.0003579226384213,0.0063399932439424,0.0080428552547336,74.66150164604187,0.0014478822195257,0.5829079151153564,0.0018799473842399,0.7427113056182861,0.0279176978005599,13,10000.0
0.0002570020713646,0.0208802194155974,0.0237820500169244,76.62397408485413,0.0116911610274254,0.4026191234588623,0.0032120609223017,0.5168256759643555,0.0775445341226934,14,10000.0
0.0080428083491318,0.0083908668251141,0.01027286803355,73.28713250160217,0.0016747112877894,0.5448660850524902,0.0007281347245675,0.7309000492095947,0.0113518064035797,15,10000.0
0.0021555056134095,0.0053124560309997,0.0058617743522795,70.58125686645508,0.001109079457593,0.6725833415985107,0.0011091594625043,0.8276174068450928,0.0321523148817684,16,10000.0
0.0001650787822096,0.0035431093583103,0.0058077884449845,71.16312742233276,0.0009553435946639,0.5264778137207031,0.0011675553042428,0.6577739715576172,0.022233358257453,17,10000.0
0.000153009122072,0.0053425864992304,0.0072745169566589,71.3419349193573,0.0011374730077799,0.485741376876831,0.0013263557670806,0.6135811805725098,0.0212390371136807,18,10000.0
8.191523446739643e-05,0.0049348638214115,0.0065063230161841,73.05346345901489,0.0035370806510032,0.4711787700653076,0.0015315200646124,0.6295108795166016,0.0119066676979462,19,10000.0
0.0005526274932695,0.0071257188863572,0.0056952087111546,74.82004594802856,0.0050780891102458,0.5516164302825928,0.0014656312692619,0.7133519649505615,0.0287549589155338,0,31622.776601683792
0.0003250803331685,0.018421169550096,0.0290075919037653,72.14161562919617,0.0105343908408243,0.3606693744659424,0.0015909517767346,0.6007201671600342,0.0311551529089707,1,31622.776601683792
0.004799169360996,0.0063409208745721,0.0066346180439923,71.21446943283081,0.0014130513927408,0.5544428825378418,0.0011319403051659,1.0276055335998535,0.0104427871068834,2,31622.776601683792
0.0120267513449191,0.0065800777269131,0.0121133211446685,74.01948976516724,0.0102522455581574,0.4519264698028564,0.0034034168184281,0.644737958908081,0.0156110166122706,3,31622.776601683792
7.539573328575096e-05,0.0080387868623913,0.0072844143692683,75.00315284729004,0.0054175726811012,0.4915211200714111,0.001969120260694,0.6431884765625,0.0110548807241868,4,31622.776601683792
0.0004761459658346,0.0032824403149082,0.0080752363391276,73.13755798339844,0.0021233381268569,0.82228684425354,0.001682119474977,0.963881492614746,0.0233704686210114,5,31622.776601683792
0.0001300251093204,0.007101457564495,0.0065410849737062,66.8184244632721,0.0025436922426547,0.6289060115814209,0.0006415458083068,0.8995895385742188,0.0180984403504118,6,31622.776601683792
0.0001531998774168,0.0100366673392006,0.0101627897195434,73.79384088516235,0.0051028631905751,0.4011764526367187,0.0014300133103451,0.7042782306671143,0.018481293385996,7,31622.776601683792
0.0005828417302215,0.0047683111778501,0.0073036520860816,69.84298825263977,0.0125416781901671,0.5488553047180176,0.0014933804898419,0.7189819812774658,0.0992898915501972,8,31622.776601683792
0.001534937813289,0.0159309646428074,0.0209411612618334,74.2361147403717,0.0041022165397906,0.4047956466674804,0.0011968574639314,1.006105899810791,0.0120745867264876,9,31622.776601683792
0.0011467381860388,0.0052802956321466,0.0105266170038777,74.03087711334229,0.0005985359180455,0.5530564785003662,0.0004651134575383,0.8843762874603271,0.0149290920858751,10,31622.776601683792
0.001701700878193,0.005106647991164,0.0058497752000438,72.00271034240723,0.0021092024332566,0.935600519180298,0.0013395691256456,1.0423121452331543,0.017991283440632,11,31622.776601683792
0.1938053132168486,0.0287951281643056,0.0392875238305786,71.52611351013184,0.0062314365683309,0.7335147857666016,0.0008756037942838,0.938103199005127,0.0161536414255663,12,31622.776601683792
0.0067347486280383,0.007001515640432,0.0102908009917942,72.82996988296509,0.0014478822195257,0.5825107097625732,0.0018799473842399,0.7570819854736328,0.0279176978005599,13,31622.776601683792
0.000286601910645,0.0091355913665938,0.0087416285439878,71.62338256835938,0.0116911610274254,0.6151916980743408,0.0032120609223017,0.5261178016662598,0.0775445341226934,14,31622.776601683792
0.0439993676604012,0.0077274000694293,0.0094203169891923,72.34179282188416,0.0016747112877894,0.6570587158203125,0.0007281347245675,0.7175772190093994,0.0113518064035797,15,31622.776601683792
0.0232658315270074,0.0310484674739699,0.030617338864332,70.53893876075745,0.001109079457593,0.5786452293395996,0.0011091594625043,0.7557744979858398,0.0321523148817684,16,31622.776601683792
0.0007724633445361,0.005081445173073,0.0066921414609212,66.83424043655396,0.0009553435946639,0.4627554416656494,0.0011675553042428,0.6101102828979492,0.022233358257453,17,31622.776601683792
0.0001337247540995,0.005206938350869,0.0072512408358876,68.44689726829529,0.0011374730077799,0.6616382598876953,0.0013263557670806,0.6237292289733887,0.0212390371136807,18,31622.776601683792
0.0001024040416783,0.0044864712466047,0.0061393116879443,70.56028199195862,0.0035370806510032,0.4640648365020752,0.0015315200646124,0.6335592269897461,0.0119066676979462,19,31622.776601683792
0.0031930769456213,0.0333691713086553,0.0260634065732268,71.63543319702148,0.0050780891102458,0.4948229789733886,0.0014656312692619,0.6939241886138916,0.0287549589155338,0,100000.0
0.0004089741445969,0.0183319633336966,0.0290219929990585,67.44059538841248,0.0105343908408243,0.3541080951690674,0.0015909517767346,0.6366853713989258,0.0311551529089707,1,100000.0
0.0201584280110555,0.0077992498153692,0.006791133084507,69.14408612251282,0.0014130513927408,0.5447754859924316,0.0011319403051659,0.7699251174926758,0.0104427871068834,2,100000.0
0.0267033769436663,0.0059880135283271,0.0114837547361751,70.90006375312805,0.0102522455581574,0.439687967300415,0.0034034168184281,0.6332087516784668,0.0156110166122706,3,100000.0
0.0001569155845472,0.0068771839079691,0.0086628005225315,69.21312355995178,0.0054175726811012,0.4397058486938476,0.001969120260694,0.6128754615783691,0.0110548807241868,4,100000.0
0.0021553354915708,0.003985143727055,0.0066780332342097,70.0542733669281,0.0021233381268569,0.7547681331634521,0.001682119474977,0.8937151432037354,0.0233704686210114,5,100000.0
0.0003011788436551,0.0069204107833698,0.0064096252113724,71.50487899780273,0.0025436922426547,0.7121181488037109,0.0006415458083068,0.9364314079284668,0.0180984403504118,6,100000.0
0.0004583723272028,0.0099991515689222,0.0102382311819118,72.5552191734314,0.0051028631905751,0.4375135898590088,0.0014300133103451,0.6522581577301025,0.018481293385996,7,100000.0
0.0035148624421992,0.0056922911979992,0.0097644899562226,69.4253282546997,0.0125416781901671,0.5457553863525391,0.0014933804898419,0.6812167167663574,0.0992898915501972,8,100000.0
0.0068190870446442,0.0157522078641372,0.0212847712224116,73.6800651550293,0.0041022165397906,0.3899054527282715,0.0011968574639314,0.5930476188659668,0.0120745867264876,9,100000.0
0.0176931546801843,0.0061822595703087,0.0101569669446619,70.55541110038757,0.0005985359180455,0.6015195846557617,0.0004651134575383,0.7096009254455566,0.0149290920858751,10,100000.0
0.0077498993127873,0.0127161343119951,0.0137946589258493,74.81233096122742,0.0021092024332566,0.619807243347168,0.0013395691256456,0.9137811660766602,0.017991283440632,11,100000.0
0.2847877130215692,0.0432321909471285,0.0577675474717747,72.84462404251099,0.0062314365683309,0.5595309734344482,0.0008756037942838,0.8435871601104736,0.0161536414255663,12,100000.0
0.0358413665202107,0.0067194879013709,0.0098080054849492,71.0567717552185,0.0014478822195257,0.6144092082977295,0.0018799473842399,0.806847095489502,0.0279176978005599,13,100000.0
0.0003626858693862,0.0091911710914974,0.0089399896208634,73.99004936218262,0.0116911610274254,0.4307229518890381,0.0032120609223017,0.527402400970459,0.0775445341226934,14,100000.0
0.1024901520863257,0.0088273362448958,0.0121143020821241,72.69951438903809,0.0016747112877894,0.5405657291412354,0.0007281347245675,0.6891002655029297,0.0113518064035797,15,100000.0
0.0541398331972209,0.0085567518487934,0.0098091350587136,68.25205087661743,0.001109079457593,0.9462497234344482,0.0011091594625043,1.107647180557251,0.0321523148817684,16,100000.0
0.0010333552037806,0.0056737010870183,0.0083681019866503,68.2464747428894,0.0009553435946639,0.4799046516418457,0.0011675553042428,0.6397957801818848,0.022233358257453,17,100000.0
0.0002188054287821,0.0051891368379438,0.0070614239762876,68.20220851898193,0.0011374730077799,0.5363366603851318,0.0013263557670806,0.6440560817718506,0.0212390371136807,18,100000.0
0.0001317243528207,0.0040276704821534,0.0058237598104095,67.14777994155884,0.0035370806510032,0.5043528079986572,0.0015315200646124,0.6570422649383545,0.0119066676979462,19,100000.0
