Amari LBFGSB,Dilations error LBFGSB,Shifts error LBFGSB,Time LBFGSB,Amari MVICAD,Time MVICAD,Amari MVICAD ext,Time MVICAD ext,Amari permica,penalization scale,random state
0.002357255771909313,0.10910453594097076,0.1513157637346354,50.977328062057495,0.006611884348605638,0.2681460380554199,0.0017164781910369003,0.28298115730285645,0.04926107424003548,1e-05,0
0.0028534473222552098,0.09611700903901083,0.11403350343876785,35.550896406173706,0.013562037072114771,0.19075632095336914,0.002224482237575513,0.2640960216522217,0.01650000700398288,1e-05,1
0.005528882283624537,0.12328570242165092,0.11926269074120656,48.61945343017578,0.002582378818966591,0.20930910110473633,0.001535505744536166,0.2329411506652832,0.013761926832637317,1e-05,2
0.0015975649186458294,0.046879335847368225,0.053401242580753835,51.08492302894592,0.00971999224079755,0.267183780670166,0.0028594538218343307,0.2904551029205322,0.02256837573003838,1e-05,3
0.005675934954527036,0.061103040851924875,0.0862406598675378,35.025657415390015,0.0036060611368473683,0.20952725410461426,0.00083335415362642,0.2858107089996338,0.010415192921432434,1e-05,4
0.0012962170522115755,0.07507631673212914,0.09603319695525983,52.00980067253113,0.004868336638626232,0.22637009620666504,0.0019357005553425788,0.2762434482574463,0.016901616827138533,1e-05,5
0.0010561206547134254,0.05618164624091981,0.07515526782441856,33.06515693664551,0.003510657470294931,0.20907282829284668,0.0008025483643761952,0.26891231536865234,0.01705513561688267,1e-05,6
0.0007339364150010871,0.08894228701217871,0.12449829361680158,40.813146352767944,0.008379899483784384,0.26671361923217773,0.0010981336178477628,0.28528261184692383,0.0208467939893236,1e-05,7
0.0024778274299072237,0.0829484924726286,0.11454480450641723,49.15451645851135,0.012600781705307687,0.24481892585754395,0.002015931537189419,0.2776033878326416,0.11917530766264839,1e-05,8
0.0008663391113512997,0.03849988356934979,0.0423911841113821,52.14162230491638,0.004312316398683695,0.2097795009613037,0.0021520489605413085,0.2575874328613281,0.017085128777717576,1e-05,9
0.0013673822917467768,0.037375972997260413,0.03653840796972864,49.686079025268555,0.0018874668667947514,0.20830798149108887,0.0017508100580200842,0.2518174648284912,0.024523380431641414,1e-05,10
0.0019576792807649126,0.1298785905865154,0.1805958278234361,49.909204959869385,0.0034452754298933165,0.2215125560760498,0.001973256764498451,0.2680623531341553,0.018432654464952757,1e-05,11
0.0714769032015769,0.07192355344071272,0.09825133164849213,51.25287580490112,0.008584193674448825,0.2279057502746582,0.0007697682711055975,0.24699139595031738,0.009311227899011865,1e-05,12
0.002443737832127435,0.09109732452473228,0.10883348941907398,51.40935564041138,0.0018312324236039088,0.3519742488861084,0.0010845387058151226,0.4413871765136719,0.026815253069185845,1e-05,13
0.0013712427246716469,0.07222098608700582,0.08561875747358429,34.720391035079956,0.009306873594572251,0.23213458061218262,0.002911656338303281,0.2906825542449951,0.11593081967101906,1e-05,14
0.0031160378610441295,0.057987910405198066,0.0827859732193624,49.896435260772705,0.0029506123864457244,0.30590224266052246,0.0019299457067030474,0.3669710159301758,0.018818875844194095,1e-05,15
0.0041228944638227166,0.10327699789000896,0.14183952865305793,50.19462060928345,0.0017731696619504912,0.2402324676513672,0.0025339558307627685,0.3275458812713623,0.03755588254178641,1e-05,16
0.0003945152210961256,0.08586210837782954,0.13205927148952773,48.86201620101929,0.0011005964996363342,0.2672419548034668,0.0017213602311841364,0.30730199813842773,0.030626057777692083,1e-05,17
0.0015576258480472244,0.057516512494143246,0.06539544567544536,31.601038932800293,0.005048351733767549,0.24915790557861328,0.0023484911191756774,0.31023168563842773,0.02297842858899418,1e-05,18
0.0005470255329026823,0.04155661786190299,0.05504677164417275,30.31801176071167,0.002860977558001898,0.24804091453552246,0.002522784001842656,0.256655216217041,0.012963708747113464,1e-05,19
0.007804872418307118,0.025606587576819204,0.014577794394564886,50.21332144737244,0.002339083290031363,0.22877264022827148,0.0030512964002166114,0.25839924812316895,0.014056905993115945,1e-05,20
0.003231323595986162,0.05975694572904813,0.08288644542722796,49.67210912704468,0.0009277021384520281,0.23063063621520996,0.0015759253246740695,0.2919917106628418,0.024636317317071478,1e-05,21
0.033114989305849205,0.08301462607090156,0.0990001157619736,49.09611535072327,0.00424954885552895,0.24606728553771973,0.0011718719333959776,0.27794790267944336,0.015823988775939095,1e-05,22
0.0013776086388332647,0.03894318451391365,0.060833916906799394,48.17004370689392,0.0036987543467973173,0.261460542678833,0.0036958150961882152,0.2959425449371338,0.013878441336328637,1e-05,23
0.0007345469666797759,0.07496284239511196,0.08696536646120077,49.22573399543762,0.007936927547333772,0.256091833114624,0.0013309104753557622,0.26630687713623047,0.011079870005950268,1e-05,24
0.0014107765767376415,0.06367520979828406,0.09154419590522615,51.69738221168518,0.013195107892565016,0.23369455337524414,0.002291458918694459,0.28094935417175293,0.043466002725174174,1e-05,25
0.0076507756006575,0.06596940801514235,0.08895707186692992,52.07849431037903,0.007063488904441364,0.2172384262084961,0.0022312919800666557,0.28971338272094727,0.018845512021321002,1e-05,26
0.004406045562845947,0.09583596868016331,0.09758967993963229,39.9921989440918,0.01105176843851655,0.23012304306030273,0.0018272090084171966,0.3531382083892822,0.0853288098671669,1e-05,27
0.001761433879712297,0.07151182875111814,0.09138506083865926,37.36020851135254,0.0031016501302662497,0.2196025848388672,0.0031811886090082455,0.2581491470336914,0.038873920951235756,1e-05,28
0.000945405180468654,0.07703688485891179,0.09161595631973274,25.996748208999634,0.003077529861385083,0.23583126068115234,0.0016407654495373069,0.2548050880432129,0.02840052311013681,1e-05,29
0.02632578125940757,0.1308946724761199,0.15068161654989873,48.921159505844116,0.006611884348605638,0.2637617588043213,0.0017164781910369003,0.27347612380981445,0.04926107424003548,3.1622776601683795e-05,0
0.0024733890030821386,0.09168860819069279,0.10408077030163414,39.07619071006775,0.013562037072114771,0.1878678798675537,0.002224482237575513,0.25180864334106445,0.01650000700398288,3.1622776601683795e-05,1
0.006180193241336067,0.09747428535983538,0.11672722443683216,49.107587575912476,0.002582378818966591,0.21017074584960938,0.001535505744536166,0.23652982711791992,0.013761926832637317,3.1622776601683795e-05,2
0.00127364155997034,0.04126447728348832,0.049688017605277295,51.14358043670654,0.00971999224079755,0.2722158432006836,0.0028594538218343307,0.28772783279418945,0.02256837573003838,3.1622776601683795e-05,3
0.0007189220037400635,0.05594445780814225,0.0627227578855693,40.35222625732422,0.0036060611368473683,0.21181488037109375,0.00083335415362642,0.2904839515686035,0.010415192921432434,3.1622776601683795e-05,4
0.0012077480272003765,0.07294034760969964,0.1084462113318922,50.765016317367554,0.004868336638626232,0.22227787971496582,0.0019357005553425788,0.26604771614074707,0.016901616827138533,3.1622776601683795e-05,5
0.0015293800220001525,0.04232261716004612,0.05909858495243722,41.89972186088562,0.003510657470294931,0.2088005542755127,0.0008025483643761952,0.25971126556396484,0.01705513561688267,3.1622776601683795e-05,6
0.001088160485691936,0.0978878119389492,0.1272132368988561,48.8921103477478,0.008379899483784384,0.2823505401611328,0.0010981336178477628,0.29340028762817383,0.0208467939893236,3.1622776601683795e-05,7
0.001554111501487987,0.08518779603108077,0.0935383011976383,48.83209681510925,0.012600781705307687,0.24634623527526855,0.002015931537189419,0.27628397941589355,0.11917530766264839,3.1622776601683795e-05,8
0.0010840838986627467,0.040219823716913114,0.0583981987673478,50.04195523262024,0.004312316398683695,0.21197509765625,0.0021520489605413085,0.26078176498413086,0.017085128777717576,3.1622776601683795e-05,9
0.001110339693362198,0.04545570303651167,0.07547418422356436,51.59014058113098,0.0018874668667947514,0.2135772705078125,0.0017508100580200842,0.2585172653198242,0.024523380431641414,3.1622776601683795e-05,10
0.0031801118390626234,0.12759239046962384,0.15933122924148183,49.4133574962616,0.0034452754298933165,0.2172105312347412,0.001973256764498451,0.25817298889160156,0.018432654464952757,3.1622776601683795e-05,11
0.09438913891636616,0.055860327291529156,0.07649138017681754,51.15203380584717,0.008584193674448825,0.23002028465270996,0.0007697682711055975,0.25914835929870605,0.009311227899011865,3.1622776601683795e-05,12
0.002295497507008756,0.060004295354216926,0.08375527291241446,51.93872261047363,0.0018312324236039088,0.3496849536895752,0.0010845387058151226,0.44728517532348633,0.026815253069185845,3.1622776601683795e-05,13
0.0014595147809115898,0.08320881915403652,0.10438840613898773,35.42482280731201,0.009306873594572251,0.2250363826751709,0.002911656338303281,0.27965688705444336,0.11593081967101906,3.1622776601683795e-05,14
0.0077214590158615716,0.04033280093463247,0.054619386286001034,52.100226402282715,0.0029506123864457244,0.28812670707702637,0.0019299457067030474,0.3444943428039551,0.018818875844194095,3.1622776601683795e-05,15
0.005324437566610192,0.0883019849685614,0.11337824076731974,51.910916328430176,0.0017731696619504912,0.2472519874572754,0.0025339558307627685,0.319166898727417,0.03755588254178641,3.1622776601683795e-05,16
0.0006136989795064496,0.05028711773864047,0.05348839480125385,52.15129017829895,0.0011005964996363342,0.2647416591644287,0.0017213602311841364,0.3082261085510254,0.030626057777692083,3.1622776601683795e-05,17
0.0014322088163864675,0.03317218343243731,0.032969932833953525,33.25048208236694,0.005048351733767549,0.24923348426818848,0.0023484911191756774,0.30744314193725586,0.02297842858899418,3.1622776601683795e-05,18
0.0006293571890600609,0.04050475131073797,0.05854112349084573,37.12434768676758,0.002860977558001898,0.2493746280670166,0.002522784001842656,0.25923991203308105,0.012963708747113464,3.1622776601683795e-05,19
0.0011913654826839334,0.04835231600768661,0.044754786284001806,50.4560763835907,0.002339083290031363,0.22778010368347168,0.0030512964002166114,0.25789666175842285,0.014056905993115945,3.1622776601683795e-05,20
0.004608361296263253,0.10140278097070082,0.12346612592542373,50.26762390136719,0.0009277021384520281,0.2262418270111084,0.0015759253246740695,0.28253650665283203,0.024636317317071478,3.1622776601683795e-05,21
0.039829426095425176,0.05329379172184835,0.07147155832534269,52.79568886756897,0.00424954885552895,0.249739408493042,0.0011718719333959776,0.27739453315734863,0.015823988775939095,3.1622776601683795e-05,22
0.0017305351194595088,0.05512513833774797,0.06820243442236501,49.41552114486694,0.0036987543467973173,0.25799012184143066,0.0036958150961882152,0.2933311462402344,0.013878441336328637,3.1622776601683795e-05,23
0.0009506519252295545,0.05943162975690909,0.0817804420370711,50.56761026382446,0.007936927547333772,0.24352598190307617,0.0013309104753557622,0.2469782829284668,0.011079870005950268,3.1622776601683795e-05,24
0.0015209937065249796,0.05252689721687756,0.06163398421143161,51.29769778251648,0.013195107892565016,0.22861695289611816,0.002291458918694459,0.28479957580566406,0.043466002725174174,3.1622776601683795e-05,25
0.017136661668889514,0.06236928605383924,0.05881317337441368,48.60932278633118,0.007063488904441364,0.21683812141418457,0.0022312919800666557,0.28994202613830566,0.018845512021321002,3.1622776601683795e-05,26
0.010140567686673315,0.0718741149200139,0.07348393489555508,45.13866853713989,0.01105176843851655,0.22813010215759277,0.0018272090084171966,0.33335161209106445,0.0853288098671669,3.1622776601683795e-05,27
0.0007683297834976861,0.015754527883261992,0.031781009751948266,36.797404050827026,0.0031016501302662497,0.2167339324951172,0.0031811886090082455,0.2543759346008301,0.038873920951235756,3.1622776601683795e-05,28
0.001297994014939034,0.07110025905226261,0.07197438671168742,25.479400634765625,0.003077529861385083,0.23923611640930176,0.0016407654495373069,0.2648189067840576,0.02840052311013681,3.1622776601683795e-05,29
0.0036307076883601947,0.15048698416602896,0.150860714096743,52.34084486961365,0.006611884348605638,0.2676966190338135,0.0017164781910369003,0.28668832778930664,0.04926107424003548,0.0001,0
0.0018722897982597446,0.0887344058381983,0.09995595015115111,40.84862041473389,0.013562037072114771,0.19255757331848145,0.002224482237575513,0.25940990447998047,0.01650000700398288,0.0001,1
0.004240649275631443,0.07259309869843014,0.09974872554797434,49.572333097457886,0.002582378818966591,0.20405793190002441,0.001535505744536166,0.21161127090454102,0.013761926832637317,0.0001,2
0.0019322823883429318,0.04621553237919285,0.04785754637207825,51.10313630104065,0.00971999224079755,0.2670712471008301,0.0028594538218343307,0.2817065715789795,0.02256837573003838,0.0001,3
0.0008425938382456164,0.05816467792540741,0.0655082882693619,34.94913411140442,0.0036060611368473683,0.20912742614746094,0.00083335415362642,0.2893078327178955,0.010415192921432434,0.0001,4
0.0010792459399033912,0.08652740625448525,0.11104461232440221,49.426494121551514,0.004868336638626232,0.22610950469970703,0.0019357005553425788,0.27353596687316895,0.016901616827138533,0.0001,5
0.0012221521412109895,0.031389525922012676,0.04523576116812463,32.568880796432495,0.003510657470294931,0.20974969863891602,0.0008025483643761952,0.2574000358581543,0.01705513561688267,0.0001,6
0.001264763514698967,0.09465563122498336,0.14601360544482303,44.806827545166016,0.008379899483784384,0.2685513496398926,0.0010981336178477628,0.28910088539123535,0.0208467939893236,0.0001,7
0.0015506687066366856,0.038697213529144334,0.05155247038993725,49.997445821762085,0.012600781705307687,0.24933552742004395,0.002015931537189419,0.28476762771606445,0.11917530766264839,0.0001,8
0.0015133744589693448,0.041159656143915944,0.05253598519119743,50.15567588806152,0.004312316398683695,0.2100675106048584,0.0021520489605413085,0.25848889350891113,0.017085128777717576,0.0001,9
0.001302531777270155,0.08122050493673341,0.11841960832793404,51.281736612319946,0.0018874668667947514,0.21082639694213867,0.0017508100580200842,0.2583591938018799,0.024523380431641414,0.0001,10
0.001886091425635524,0.10293969193996659,0.12027263908296115,51.493090867996216,0.0034452754298933165,0.21786880493164062,0.001973256764498451,0.2672562599182129,0.018432654464952757,0.0001,11
0.07516825279736762,0.10269754504117004,0.13411686915138998,49.800153970718384,0.008584193674448825,0.22747540473937988,0.0007697682711055975,0.25650882720947266,0.009311227899011865,0.0001,12
0.004917617099448402,0.09427532810221599,0.1048667748617237,49.02257990837097,0.0018312324236039088,0.3553614616394043,0.0010845387058151226,0.46540355682373047,0.026815253069185845,0.0001,13
0.0010025383330153348,0.043996419839490146,0.050243230051710476,28.598989963531494,0.009306873594572251,0.2285299301147461,0.002911656338303281,0.28302645683288574,0.11593081967101906,0.0001,14
0.0035636823009126918,0.04884177680617426,0.06133149081663693,50.05376958847046,0.0029506123864457244,0.29607605934143066,0.0019299457067030474,0.3482217788696289,0.018818875844194095,0.0001,15
0.0035724431626767824,0.13484830413170004,0.18561697869687896,51.24926257133484,0.0017731696619504912,0.24239587783813477,0.0025339558307627685,0.3328382968902588,0.03755588254178641,0.0001,16
0.0007133448503742275,0.08031036686224825,0.0888513312590003,49.45458626747131,0.0011005964996363342,0.2717888355255127,0.0017213602311841364,0.30796265602111816,0.030626057777692083,0.0001,17
0.0029723951086968385,0.033591336795732354,0.053138968080495105,33.99976181983948,0.005048351733767549,0.24907279014587402,0.0023484911191756774,0.3177175521850586,0.02297842858899418,0.0001,18
0.0006584157458131864,0.042187058089551,0.054372613866490095,31.024668216705322,0.002860977558001898,0.25163888931274414,0.002522784001842656,0.2611241340637207,0.012963708747113464,0.0001,19
0.0017655140559309352,0.04990925476329995,0.04443330446758666,52.08531045913696,0.002339083290031363,0.23149943351745605,0.0030512964002166114,0.2624650001525879,0.014056905993115945,0.0001,20
0.004498538452892431,0.0986824498943761,0.13960677153053502,52.92137694358826,0.0009277021384520281,0.22932124137878418,0.0015759253246740695,0.2841341495513916,0.024636317317071478,0.0001,21
0.03461635046949828,0.07137252385339785,0.07086950476858091,51.41094779968262,0.00424954885552895,0.24477314949035645,0.0011718719333959776,0.26801466941833496,0.015823988775939095,0.0001,22
0.0012172030153157671,0.05810030253638144,0.06868314237715793,51.264408826828,0.0036987543467973173,0.26209163665771484,0.0036958150961882152,0.29825282096862793,0.013878441336328637,0.0001,23
0.0008940822602421089,0.08061017715277803,0.09589298695428812,49.59470534324646,0.007936927547333772,0.24876880645751953,0.0013309104753557622,0.26041507720947266,0.011079870005950268,0.0001,24
0.0018230609496608853,0.054967371764824274,0.07545179790183548,50.65164828300476,0.013195107892565016,0.23331332206726074,0.002291458918694459,0.2970900535583496,0.043466002725174174,0.0001,25
0.0220435913386561,0.04192328627204459,0.045302667698083034,49.03563570976257,0.007063488904441364,0.21884369850158691,0.0022312919800666557,0.30373287200927734,0.018845512021321002,0.0001,26
0.00231414781999099,0.049480804069930516,0.07116755407842897,35.826497316360474,0.01105176843851655,0.23074698448181152,0.0018272090084171966,0.3406836986541748,0.0853288098671669,0.0001,27
0.0006862911143303988,0.04381341456386283,0.06452425277198721,32.57339358329773,0.0031016501302662497,0.22232723236083984,0.0031811886090082455,0.2672309875488281,0.038873920951235756,0.0001,28
0.0013261823628290576,0.068821628217869,0.08710327351790695,24.62382221221924,0.003077529861385083,0.2347416877746582,0.0016407654495373069,0.26088976860046387,0.02840052311013681,0.0001,29
0.04038494631594254,0.11967375781456022,0.1401432084894726,49.94448781013489,0.006611884348605638,0.2717146873474121,0.0017164781910369003,0.2905082702636719,0.04926107424003548,0.00031622776601683794,0
0.00224190118849353,0.08086434554456788,0.0978445748317223,40.16426944732666,0.013562037072114771,0.19311809539794922,0.002224482237575513,0.25946593284606934,0.01650000700398288,0.00031622776601683794,1
0.006601173576832009,0.10342008273058857,0.10956417555974277,51.948917388916016,0.002582378818966591,0.2106485366821289,0.001535505744536166,0.22885727882385254,0.013761926832637317,0.00031622776601683794,2
0.002159283182667619,0.034976306440355535,0.06216568495512349,51.354599714279175,0.00971999224079755,0.26395678520202637,0.0028594538218343307,0.2779979705810547,0.02256837573003838,0.00031622776601683794,3
0.0009174675610937952,0.032546610389560665,0.043354749908813564,38.427953004837036,0.0036060611368473683,0.21056866645812988,0.00083335415362642,0.28690266609191895,0.010415192921432434,0.00031622776601683794,4
0.0009276429133839119,0.07515879612882094,0.11940573170516036,50.018797397613525,0.004868336638626232,0.22644782066345215,0.0019357005553425788,0.27420806884765625,0.016901616827138533,0.00031622776601683794,5
0.001980231278817886,0.0698766556978723,0.10735605131505946,35.0261664390564,0.003510657470294931,0.20944499969482422,0.0008025483643761952,0.2606956958770752,0.01705513561688267,0.00031622776601683794,6
0.0019791184920088245,0.06794961873437601,0.0809526672248604,39.863118171691895,0.008379899483784384,0.26804018020629883,0.0010981336178477628,0.28480029106140137,0.0208467939893236,0.00031622776601683794,7
0.0016294646474596403,0.06643248248922312,0.09620606813521053,49.5725736618042,0.012600781705307687,0.23167133331298828,0.002015931537189419,0.2612016201019287,0.11917530766264839,0.00031622776601683794,8
0.00103924689823931,0.03665507839739452,0.04462122192584771,51.117575883865356,0.004312316398683695,0.2059950828552246,0.0021520489605413085,0.23915982246398926,0.017085128777717576,0.00031622776601683794,9
0.0012381496801723956,0.060152868928916865,0.08174015572838224,49.34064292907715,0.0018874668667947514,0.21800708770751953,0.0017508100580200842,0.25427818298339844,0.024523380431641414,0.00031622776601683794,10
0.001528429199227525,0.11431453171393567,0.1439099067639747,49.997053384780884,0.0034452754298933165,0.21642494201660156,0.001973256764498451,0.26279592514038086,0.018432654464952757,0.00031622776601683794,11
0.07810850409833657,0.08092087494401869,0.100399431480638,51.1775860786438,0.008584193674448825,0.22832989692687988,0.0007697682711055975,0.24982118606567383,0.009311227899011865,0.00031622776601683794,12
0.002762429218850312,0.1447769086365692,0.19047161171708388,51.542757749557495,0.0018312324236039088,0.35254859924316406,0.0010845387058151226,0.4528820514678955,0.026815253069185845,0.00031622776601683794,13
0.0012778203707914492,0.08492126938934383,0.09905019582395365,34.9813277721405,0.009306873594572251,0.22767424583435059,0.002911656338303281,0.28024983406066895,0.11593081967101906,0.00031622776601683794,14
0.0045823231069042816,0.02262650859149803,0.033881980460230346,49.31179404258728,0.0029506123864457244,0.294813871383667,0.0019299457067030474,0.34105491638183594,0.018818875844194095,0.00031622776601683794,15
0.004266788089248104,0.11976730615202756,0.13284459984752978,49.88359570503235,0.0017731696619504912,0.24020981788635254,0.0025339558307627685,0.3197309970855713,0.03755588254178641,0.00031622776601683794,16
0.0009782832368976666,0.07981838941609892,0.08620910389294772,49.966397523880005,0.0011005964996363342,0.26860523223876953,0.0017213602311841364,0.3146696090698242,0.030626057777692083,0.00031622776601683794,17
0.0017861855433923453,0.0420897304442376,0.04974748008694704,37.05214500427246,0.005048351733767549,0.24419045448303223,0.0023484911191756774,0.304095983505249,0.02297842858899418,0.00031622776601683794,18
0.0010170684724876442,0.04663631601628717,0.0539935955582125,35.94092321395874,0.002860977558001898,0.2513728141784668,0.002522784001842656,0.2628815174102783,0.012963708747113464,0.00031622776601683794,19
0.013810006658066327,0.06420964922472801,0.06521315314812733,50.09009909629822,0.002339083290031363,0.2326664924621582,0.0030512964002166114,0.25153493881225586,0.014056905993115945,0.00031622776601683794,20
0.00397488568491721,0.11374029210896867,0.14876366558468104,52.62389159202576,0.0009277021384520281,0.23031854629516602,0.0015759253246740695,0.28812360763549805,0.024636317317071478,0.00031622776601683794,21
0.03595998517870796,0.05600979016772163,0.06927967494831622,50.72989010810852,0.00424954885552895,0.24182963371276855,0.0011718719333959776,0.25266504287719727,0.015823988775939095,0.00031622776601683794,22
0.0011536990640197199,0.08655534270637442,0.12477119834114264,51.3586368560791,0.0036987543467973173,0.2615010738372803,0.0036958150961882152,0.29700636863708496,0.013878441336328637,0.00031622776601683794,23
0.0005845826535546032,0.07017184219963805,0.08130032975021892,48.981069803237915,0.007936927547333772,0.2466115951538086,0.0013309104753557622,0.25345611572265625,0.011079870005950268,0.00031622776601683794,24
0.002091069369996812,0.08085644287426239,0.08828707804015505,49.31426477432251,0.013195107892565016,0.23283648490905762,0.002291458918694459,0.2929046154022217,0.043466002725174174,0.00031622776601683794,25
0.013896291751599624,0.06373601137417992,0.07878678209095606,51.226043701171875,0.007063488904441364,0.20880579948425293,0.0022312919800666557,0.27589893341064453,0.018845512021321002,0.00031622776601683794,26
0.00832585042072289,0.08173149188924231,0.08833696666584691,48.685025215148926,0.01105176843851655,0.2276623249053955,0.0018272090084171966,0.32927966117858887,0.0853288098671669,0.00031622776601683794,27
0.0006801395635786707,0.02920703252247403,0.03753662996802984,32.386202812194824,0.0031016501302662497,0.21924519538879395,0.0031811886090082455,0.2702338695526123,0.038873920951235756,0.00031622776601683794,28
0.0009925597310456316,0.06840015009259698,0.08584224086287166,27.533950090408325,0.003077529861385083,0.2135179042816162,0.0016407654495373069,0.23740315437316895,0.02840052311013681,0.00031622776601683794,29
0.0026742349178979032,0.09613324652738647,0.1309550415960204,50.457717180252075,0.006611884348605638,0.2704939842224121,0.0017164781910369003,0.28423166275024414,0.04926107424003548,0.001,0
0.0017793596254143857,0.07924709698152536,0.0942396633388301,39.5938355922699,0.013562037072114771,0.19276976585388184,0.002224482237575513,0.2598748207092285,0.01650000700398288,0.001,1
0.006142534480399305,0.07962168027905828,0.08524460242511686,49.724374294281006,0.002582378818966591,0.21319293975830078,0.001535505744536166,0.22968769073486328,0.013761926832637317,0.001,2
0.0019346525348966932,0.0525708383619748,0.059984300557505824,49.77446532249451,0.00971999224079755,0.26830244064331055,0.0028594538218343307,0.28330516815185547,0.02256837573003838,0.001,3
0.0008742043285801712,0.07181554814156046,0.06777364526332083,43.03914999961853,0.0036060611368473683,0.2049274444580078,0.00083335415362642,0.2734649181365967,0.010415192921432434,0.001,4
0.001214499355026762,0.06629244186814845,0.07807187189837175,48.958117723464966,0.004868336638626232,0.22609472274780273,0.0019357005553425788,0.26857948303222656,0.016901616827138533,0.001,5
0.0012668289655853352,0.047606480477978594,0.06459908672948504,32.12604641914368,0.003510657470294931,0.20777368545532227,0.0008025483643761952,0.2546830177307129,0.01705513561688267,0.001,6
0.0011185151944224166,0.07181280751185076,0.09735668984476765,49.67720985412598,0.008379899483784384,0.2684910297393799,0.0010981336178477628,0.28510475158691406,0.0208467939893236,0.001,7
0.002091082147646358,0.07629996094006568,0.1330088742785246,50.80072808265686,0.012600781705307687,0.25162172317504883,0.002015931537189419,0.28933286666870117,0.11917530766264839,0.001,8
0.0011685803270723067,0.04707607539571874,0.06394063403840429,49.8146653175354,0.004312316398683695,0.21228265762329102,0.0021520489605413085,0.24992680549621582,0.017085128777717576,0.001,9
0.0013822131748417806,0.06547513012053956,0.06886431052690772,50.24221920967102,0.0018874668667947514,0.21164512634277344,0.0017508100580200842,0.2533535957336426,0.024523380431641414,0.001,10
0.0020126470052003924,0.08877286012251809,0.12562989523070897,49.863548278808594,0.0034452754298933165,0.21620512008666992,0.001973256764498451,0.2648322582244873,0.018432654464952757,0.001,11
0.06960499943087864,0.07664071543625912,0.1018591219308048,51.558149337768555,0.008584193674448825,0.22919726371765137,0.0007697682711055975,0.24386882781982422,0.009311227899011865,0.001,12
0.0019885240066669805,0.04741669860132888,0.05842915100423817,50.32125520706177,0.0018312324236039088,0.3520810604095459,0.0010845387058151226,0.4487428665161133,0.026815253069185845,0.001,13
0.0019363653073922443,0.06759040681276897,0.06773784470048146,32.63947916030884,0.009306873594572251,0.23172664642333984,0.002911656338303281,0.29296112060546875,0.11593081967101906,0.001,14
0.004528367443180695,0.059727207518203415,0.05585043011727455,49.93222188949585,0.0029506123864457244,0.3028585910797119,0.0019299457067030474,0.3448061943054199,0.018818875844194095,0.001,15
0.00436888580620937,0.10358727454926522,0.1448297719267626,49.8758282661438,0.0017731696619504912,0.23980331420898438,0.0025339558307627685,0.3178102970123291,0.03755588254178641,0.001,16
0.0010934271272604156,0.06052514815537687,0.0803571223658003,49.76138114929199,0.0011005964996363342,0.27248263359069824,0.0017213602311841364,0.301424503326416,0.030626057777692083,0.001,17
0.0013665543103132801,0.04784172113859399,0.05737892628613982,33.816486835479736,0.005048351733767549,0.24940705299377441,0.0023484911191756774,0.30176711082458496,0.02297842858899418,0.001,18
0.0006973270851547234,0.04705078578522922,0.06300673703274033,28.12364411354065,0.002860977558001898,0.24505209922790527,0.002522784001842656,0.25289154052734375,0.012963708747113464,0.001,19
0.0012506812227847182,0.04619544221015118,0.03506616422806325,49.39174556732178,0.002339083290031363,0.23021984100341797,0.0030512964002166114,0.2573094367980957,0.014056905993115945,0.001,20
0.003973599822188323,0.04850700166851268,0.062183247512338315,50.00989007949829,0.0009277021384520281,0.23080706596374512,0.0015759253246740695,0.2885448932647705,0.024636317317071478,0.001,21
0.03515415141570145,0.07870720320757049,0.0985225160106609,50.489235162734985,0.00424954885552895,0.24436163902282715,0.0011718719333959776,0.2700197696685791,0.015823988775939095,0.001,22
0.0013113084402538147,0.06607618298357278,0.08512841395464156,52.73014211654663,0.0036987543467973173,0.2547926902770996,0.0036958150961882152,0.28838300704956055,0.013878441336328637,0.001,23
0.0008304805619044379,0.0874455852578311,0.10086360787680783,47.52224040031433,0.007936927547333772,0.2484433650970459,0.0013309104753557622,0.2566239833831787,0.011079870005950268,0.001,24
0.0019693133754934943,0.05376481592816731,0.0665451737896051,49.012181997299194,0.013195107892565016,0.2272202968597412,0.002291458918694459,0.27996110916137695,0.043466002725174174,0.001,25
0.024702630030637048,0.06432305707478789,0.07759310422460872,49.55949854850769,0.007063488904441364,0.21794509887695312,0.0022312919800666557,0.291562557220459,0.018845512021321002,0.001,26
0.003978736568367181,0.08480148970173114,0.1013666926369518,48.50382328033447,0.01105176843851655,0.22675848007202148,0.0018272090084171966,0.33472681045532227,0.0853288098671669,0.001,27
0.0007055514773350054,0.032082209736389596,0.04334683462042176,34.568784952163696,0.0031016501302662497,0.21748924255371094,0.0031811886090082455,0.2649400234222412,0.038873920951235756,0.001,28
0.0008111532401339142,0.06363909127919012,0.08629559533106372,26.864246368408203,0.003077529861385083,0.23854374885559082,0.0016407654495373069,0.2770111560821533,0.02840052311013681,0.001,29
0.003632701684495454,0.11503197476575136,0.15129633706166729,52.058791637420654,0.006611884348605638,0.267780065536499,0.0017164781910369003,0.2842988967895508,0.04926107424003548,0.0031622776601683794,0
0.0026877108116624285,0.10770750660146684,0.1164241561755198,50.284820318222046,0.013562037072114771,0.19213008880615234,0.002224482237575513,0.25483131408691406,0.01650000700398288,0.0031622776601683794,1
0.0019090570282770173,0.0808578978909703,0.0982615347930352,51.774515867233276,0.002582378818966591,0.21278882026672363,0.001535505744536166,0.22930312156677246,0.013761926832637317,0.0031622776601683794,2
0.004053739344047454,0.020290050714940003,0.02206575843828688,50.69592213630676,0.00971999224079755,0.2686598300933838,0.0028594538218343307,0.28665995597839355,0.02256837573003838,0.0031622776601683794,3
0.0008076840636925745,0.08118824964583173,0.07786939172538257,43.75571918487549,0.0036060611368473683,0.20613765716552734,0.00083335415362642,0.28019118309020996,0.010415192921432434,0.0031622776601683794,4
0.0015089084422313936,0.05454005041015189,0.08100984959045769,44.1748468875885,0.004868336638626232,0.225325345993042,0.0019357005553425788,0.2707865238189697,0.016901616827138533,0.0031622776601683794,5
0.001415923308738513,0.07613691877388759,0.10555217739454151,34.68656802177429,0.003510657470294931,0.2092282772064209,0.0008025483643761952,0.2587563991546631,0.01705513561688267,0.0031622776601683794,6
0.025300509336428995,0.11264105548273937,0.11872887548917647,52.16404914855957,0.008379899483784384,0.2712278366088867,0.0010981336178477628,0.2865285873413086,0.0208467939893236,0.0031622776601683794,7
0.001532544790581136,0.08164205539798353,0.11397312130688952,51.37433433532715,0.012600781705307687,0.2520895004272461,0.002015931537189419,0.27914953231811523,0.11917530766264839,0.0031622776601683794,8
0.0008573859471345443,0.04236730224186929,0.06114251294830761,50.42172813415527,0.004312316398683695,0.20821595191955566,0.0021520489605413085,0.25512099266052246,0.017085128777717576,0.0031622776601683794,9
0.0010825434216327422,0.07949063181844976,0.10195179029903535,49.52045392990112,0.0018874668667947514,0.21074652671813965,0.0017508100580200842,0.25713300704956055,0.024523380431641414,0.0031622776601683794,10
0.001558751310935147,0.11679246905065241,0.1437442253525855,49.26486349105835,0.0034452754298933165,0.21664047241210938,0.001973256764498451,0.2613718509674072,0.018432654464952757,0.0031622776601683794,11
0.07888303689867063,0.10761005164122285,0.10083826466721536,52.14363145828247,0.008584193674448825,0.22768521308898926,0.0007697682711055975,0.25364112854003906,0.009311227899011865,0.0031622776601683794,12
0.007649000594878097,0.10816183275583796,0.14381191752339165,50.52364635467529,0.0018312324236039088,0.3467388153076172,0.0010845387058151226,0.4404163360595703,0.026815253069185845,0.0031622776601683794,13
0.0011561852276893438,0.05349134916113479,0.0698090811400854,34.88300371170044,0.009306873594572251,0.23190021514892578,0.002911656338303281,0.29180073738098145,0.11593081967101906,0.0031622776601683794,14
0.006747345929998134,0.059330047793853896,0.07584853496053941,50.242265462875366,0.0029506123864457244,0.2913472652435303,0.0019299457067030474,0.32997608184814453,0.018818875844194095,0.0031622776601683794,15
0.0036710710225071217,0.07688931088167307,0.08291003589773235,49.30477786064148,0.0017731696619504912,0.2352735996246338,0.0025339558307627685,0.3110160827636719,0.03755588254178641,0.0031622776601683794,16
0.0018005045922704355,0.09920913959085548,0.11441643543715047,49.77401614189148,0.0011005964996363342,0.2686131000518799,0.0017213602311841364,0.31423282623291016,0.030626057777692083,0.0031622776601683794,17
0.0014975995150163198,0.02348709131421994,0.027343450150760104,39.07456040382385,0.005048351733767549,0.24693918228149414,0.0023484911191756774,0.31195807456970215,0.02297842858899418,0.0031622776601683794,18
0.0007576455212304472,0.03459383550050144,0.03965701699658443,33.65438461303711,0.002860977558001898,0.2567617893218994,0.002522784001842656,0.2682456970214844,0.012963708747113464,0.0031622776601683794,19
0.0016034787513131477,0.02708123904950052,0.02560977874572806,50.47191572189331,0.002339083290031363,0.233259916305542,0.0030512964002166114,0.2685832977294922,0.014056905993115945,0.0031622776601683794,20
0.004720412907651151,0.0967679962087406,0.14909923697368627,53.453542709350586,0.0009277021384520281,0.23322176933288574,0.0015759253246740695,0.28537964820861816,0.024636317317071478,0.0031622776601683794,21
0.05209510175881312,0.13336369726731662,0.1460718090860897,49.84968948364258,0.00424954885552895,0.25008511543273926,0.0011718719333959776,0.2843964099884033,0.015823988775939095,0.0031622776601683794,22
0.0012788394694150124,0.058337546399408545,0.08754345853671289,49.48192739486694,0.0036987543467973173,0.2552497386932373,0.0036958150961882152,0.2836802005767822,0.013878441336328637,0.0031622776601683794,23
0.0006135143551463903,0.050521868507784354,0.06274603268472914,54.48182463645935,0.007936927547333772,0.24407625198364258,0.0013309104753557622,0.2479228973388672,0.011079870005950268,0.0031622776601683794,24
0.0017666993071023152,0.05687892458250735,0.07797947388838114,49.11928629875183,0.013195107892565016,0.22604846954345703,0.002291458918694459,0.27517104148864746,0.043466002725174174,0.0031622776601683794,25
0.0065535546343933465,0.04918019664548134,0.05731464596272277,51.54585838317871,0.007063488904441364,0.21854090690612793,0.0022312919800666557,0.2944066524505615,0.018845512021321002,0.0031622776601683794,26
0.0030326724977286943,0.10036262855213168,0.12278733610372537,43.38415002822876,0.01105176843851655,0.23110723495483398,0.0018272090084171966,0.34418559074401855,0.0853288098671669,0.0031622776601683794,27
0.002225231946228767,0.07333308969869114,0.07375262661333123,35.06191325187683,0.0031016501302662497,0.2169051170349121,0.0031811886090082455,0.26280689239501953,0.038873920951235756,0.0031622776601683794,28
0.0015174181481531009,0.0732080216321959,0.06677022459098,27.452141046524048,0.003077529861385083,0.2301950454711914,0.0016407654495373069,0.2544689178466797,0.02840052311013681,0.0031622776601683794,29
0.002099686931981733,0.05728739482181444,0.07907162302038397,51.17135238647461,0.006611884348605638,0.2684352397918701,0.0017164781910369003,0.2820436954498291,0.04926107424003548,0.01,0
0.0016061582839220691,0.08536004261380471,0.09958479279077218,45.66581130027771,0.013562037072114771,0.19248175621032715,0.002224482237575513,0.25732946395874023,0.01650000700398288,0.01,1
0.00360687946839234,0.07383700992936143,0.08160261450790428,48.764225482940674,0.002582378818966591,0.20792531967163086,0.001535505744536166,0.2248218059539795,0.013761926832637317,0.01,2
0.0013921416400851203,0.0463070862880938,0.06604683189996281,48.5040864944458,0.00971999224079755,0.26688265800476074,0.0028594538218343307,0.2771737575531006,0.02256837573003838,0.01,3
0.0008856747590850903,0.06322427642504654,0.07024970760681905,38.10476303100586,0.0036060611368473683,0.20933008193969727,0.00083335415362642,0.2796669006347656,0.010415192921432434,0.01,4
0.0014976502309108851,0.057545164828105566,0.07794446384028107,43.24305725097656,0.004868336638626232,0.2254478931427002,0.0019357005553425788,0.2715785503387451,0.016901616827138533,0.01,5
0.001601151950199527,0.046050367760519934,0.05745531855714097,31.38402485847473,0.003510657470294931,0.20684504508972168,0.0008025483643761952,0.24748468399047852,0.01705513561688267,0.01,6
0.0010219394247529268,0.1285251749768793,0.15626595496930318,45.83407211303711,0.008379899483784384,0.26638317108154297,0.0010981336178477628,0.28150391578674316,0.0208467939893236,0.01,7
0.0016959082665259622,0.10465021460638203,0.14546947940818827,49.81451106071472,0.012600781705307687,0.2440016269683838,0.002015931537189419,0.2712101936340332,0.11917530766264839,0.01,8
0.0010074969954126786,0.036290357697866295,0.04622329765269569,51.626140832901,0.004312316398683695,0.20678925514221191,0.0021520489605413085,0.25171780586242676,0.017085128777717576,0.01,9
0.0016860226946697233,0.08174737314419799,0.09794207352814736,49.47944259643555,0.0018874668667947514,0.2116386890411377,0.0017508100580200842,0.2572944164276123,0.024523380431641414,0.01,10
0.001429557354686654,0.08524684366057551,0.09874734938058691,49.721752643585205,0.0034452754298933165,0.21944022178649902,0.001973256764498451,0.2672088146209717,0.018432654464952757,0.01,11
0.09622012752547354,0.06951809732358584,0.10770693383008106,49.99311447143555,0.008584193674448825,0.22824692726135254,0.0007697682711055975,0.2552924156188965,0.009311227899011865,0.01,12
0.00644697029886528,0.1063389005013349,0.16155399552642638,52.130650758743286,0.0018312324236039088,0.35523486137390137,0.0010845387058151226,0.4459705352783203,0.026815253069185845,0.01,13
0.0012198687886185353,0.04151990027692157,0.059341399261372337,34.56251668930054,0.009306873594572251,0.22920918464660645,0.002911656338303281,0.28591203689575195,0.11593081967101906,0.01,14
0.0026848358333666127,0.06014229237773607,0.08070069271393154,51.005492210388184,0.0029506123864457244,0.29886698722839355,0.0019299457067030474,0.34398412704467773,0.018818875844194095,0.01,15
0.003971792845713747,0.07715570666410908,0.10871331995783592,52.68398094177246,0.0017731696619504912,0.23787546157836914,0.0025339558307627685,0.31949281692504883,0.03755588254178641,0.01,16
0.0430054399552674,0.12409048518621413,0.09706164710742371,52.19208526611328,0.0011005964996363342,0.2478621006011963,0.0017213602311841364,0.3067193031311035,0.030626057777692083,0.01,17
0.0025597738000440184,0.054162321539610134,0.061548041727789736,30.667054891586304,0.005048351733767549,0.24650931358337402,0.0023484911191756774,0.30694031715393066,0.02297842858899418,0.01,18
0.0013649514515492235,0.05344941365031361,0.07648614401619816,31.7569637298584,0.002860977558001898,0.24855351448059082,0.002522784001842656,0.2546219825744629,0.012963708747113464,0.01,19
0.00581655696975727,0.05723503687409259,0.04585139244270694,51.18631434440613,0.002339083290031363,0.23188257217407227,0.0030512964002166114,0.26215267181396484,0.014056905993115945,0.01,20
0.011593008579852999,0.13667144039650145,0.16689406318263506,50.14698338508606,0.0009277021384520281,0.22773408889770508,0.0015759253246740695,0.2844982147216797,0.024636317317071478,0.01,21
0.034385474092539135,0.09540737585076406,0.15819290025012023,52.96527314186096,0.00424954885552895,0.24530529975891113,0.0011718719333959776,0.273557186126709,0.015823988775939095,0.01,22
0.0012278669322541773,0.05152006773537054,0.06450195497803841,49.922356367111206,0.0036987543467973173,0.25577282905578613,0.0036958150961882152,0.283764123916626,0.013878441336328637,0.01,23
0.0010894466019539953,0.0805092700177994,0.10630739746476363,53.21277141571045,0.007936927547333772,0.2448716163635254,0.0013309104753557622,0.25104618072509766,0.011079870005950268,0.01,24
0.0018365048705416254,0.049404042142861385,0.06850126736542198,48.97715759277344,0.013195107892565016,0.23030829429626465,0.002291458918694459,0.2857239246368408,0.043466002725174174,0.01,25
0.011989768354968077,0.03811187535602209,0.054507696039702784,49.83876943588257,0.007063488904441364,0.21658825874328613,0.0022312919800666557,0.28706955909729004,0.018845512021321002,0.01,26
0.0029485894010705003,0.06089432430868206,0.08241393759342795,48.22832012176514,0.01105176843851655,0.22883820533752441,0.0018272090084171966,0.32659101486206055,0.0853288098671669,0.01,27
0.0007064658694477292,0.033326024559977824,0.04956968021101831,30.767101526260376,0.0031016501302662497,0.21443986892700195,0.0031811886090082455,0.2599313259124756,0.038873920951235756,0.01,28
0.0009232521086976808,0.06399905396602218,0.09051012766704414,31.531585454940796,0.003077529861385083,0.24145841598510742,0.0016407654495373069,0.26302266120910645,0.02840052311013681,0.01,29
0.0028275915644912536,0.0664827852079429,0.0885024302648164,51.29437494277954,0.006611884348605638,0.2571992874145508,0.0017164781910369003,0.2733802795410156,0.04926107424003548,0.03162277660168379,0
0.002168508406818207,0.061849116498022445,0.06952840666015334,33.9760262966156,0.013562037072114771,0.19249320030212402,0.002224482237575513,0.262709379196167,0.01650000700398288,0.03162277660168379,1
0.004037176487299828,0.1314083464790515,0.12165105991541031,49.822545528411865,0.002582378818966591,0.20972609519958496,0.001535505744536166,0.2298111915588379,0.013761926832637317,0.03162277660168379,2
0.002020011201929606,0.05805998683116347,0.0650418947989194,49.15205979347229,0.00971999224079755,0.26645731925964355,0.0028594538218343307,0.28044867515563965,0.02256837573003838,0.03162277660168379,3
0.0008318903173336981,0.06326428375242253,0.07351303743220255,38.99887418746948,0.0036060611368473683,0.20764398574829102,0.00083335415362642,0.2787148952484131,0.010415192921432434,0.03162277660168379,4
0.0010838769715038278,0.09091953644507628,0.12347146892396996,41.384541273117065,0.004868336638626232,0.23047876358032227,0.0019357005553425788,0.2706148624420166,0.016901616827138533,0.03162277660168379,5
0.0015427745796129896,0.04062197920761961,0.06646608568424005,34.757269859313965,0.003510657470294931,0.20766377449035645,0.0008025483643761952,0.2562391757965088,0.01705513561688267,0.03162277660168379,6
0.0015932450634156714,0.08121334181431863,0.11051425432007053,47.929219007492065,0.008379899483784384,0.2671182155609131,0.0010981336178477628,0.29070210456848145,0.0208467939893236,0.03162277660168379,7
0.0010192068559279196,0.0800427861697862,0.11595725255800252,48.34420585632324,0.012600781705307687,0.24907159805297852,0.002015931537189419,0.2856168746948242,0.11917530766264839,0.03162277660168379,8
0.0011570887168905087,0.03886499078954131,0.0558561994651252,49.463233947753906,0.004312316398683695,0.20769977569580078,0.0021520489605413085,0.2551462650299072,0.017085128777717576,0.03162277660168379,9
0.0015854789076006127,0.054767706844114035,0.07600034720548116,51.59897756576538,0.0018874668667947514,0.21148061752319336,0.0017508100580200842,0.2593076229095459,0.024523380431641414,0.03162277660168379,10
0.05129146499755309,0.13678047907847132,0.20778360610171676,50.74032688140869,0.0034452754298933165,0.21943211555480957,0.001973256764498451,0.26950502395629883,0.018432654464952757,0.03162277660168379,11
0.07922802800176973,0.08845091190614769,0.11564221273485605,52.318949937820435,0.008584193674448825,0.22745776176452637,0.0007697682711055975,0.25258827209472656,0.009311227899011865,0.03162277660168379,12
0.002331860344069544,0.06980290938105758,0.08286263129330722,51.219539165496826,0.0018312324236039088,0.35086703300476074,0.0010845387058151226,0.4545159339904785,0.026815253069185845,0.03162277660168379,13
0.0011355120529724205,0.0557482718723269,0.07314174480709067,31.06893563270569,0.009306873594572251,0.22874069213867188,0.002911656338303281,0.2840702533721924,0.11593081967101906,0.03162277660168379,14
0.008186318196012253,0.044582466895253754,0.05639391574085357,50.4190411567688,0.0029506123864457244,0.29700469970703125,0.0019299457067030474,0.34673500061035156,0.018818875844194095,0.03162277660168379,15
0.004555812087632723,0.0945107113731197,0.10416584080691431,49.60857534408569,0.0017731696619504912,0.23905658721923828,0.0025339558307627685,0.31475210189819336,0.03755588254178641,0.03162277660168379,16
0.0008671215100935159,0.07860398850347645,0.07348345234528121,52.195056200027466,0.0011005964996363342,0.2686951160430908,0.0017213602311841364,0.31651973724365234,0.030626057777692083,0.03162277660168379,17
0.0018579742689714296,0.04296591595168907,0.04862105387596285,34.70585227012634,0.005048351733767549,0.24520540237426758,0.0023484911191756774,0.30720067024230957,0.02297842858899418,0.03162277660168379,18
0.001243858602368486,0.04470958181268507,0.045313770977801385,25.32150387763977,0.002860977558001898,0.24289679527282715,0.002522784001842656,0.25073695182800293,0.012963708747113464,0.03162277660168379,19
0.007689023638943059,0.08344372257498626,0.08499964159735465,51.07487416267395,0.002339083290031363,0.22554516792297363,0.0030512964002166114,0.24712133407592773,0.014056905993115945,0.03162277660168379,20
0.0048415907654964984,0.07513604648261808,0.13439389017046058,51.864887714385986,0.0009277021384520281,0.22847557067871094,0.0015759253246740695,0.28601980209350586,0.024636317317071478,0.03162277660168379,21
0.04742194628545095,0.09392221328784996,0.12186444372805247,52.50770878791809,0.00424954885552895,0.23873209953308105,0.0011718719333959776,0.26120829582214355,0.015823988775939095,0.03162277660168379,22
0.002595431940614527,0.06467163364509364,0.07739378396440315,50.39150023460388,0.0036987543467973173,0.25704312324523926,0.0036958150961882152,0.29486799240112305,0.013878441336328637,0.03162277660168379,23
0.0007820728945213018,0.04837444090472441,0.057930526357971655,51.02101492881775,0.007936927547333772,0.24522137641906738,0.0013309104753557622,0.24934959411621094,0.011079870005950268,0.03162277660168379,24
0.001850465534342649,0.04950468107678236,0.06747120837667701,49.51046633720398,0.013195107892565016,0.2315824031829834,0.002291458918694459,0.28441858291625977,0.043466002725174174,0.03162277660168379,25
0.005783426396409615,0.03797249722189904,0.05080924002213581,49.798213481903076,0.007063488904441364,0.21672940254211426,0.0022312919800666557,0.2846395969390869,0.018845512021321002,0.03162277660168379,26
0.001806370235007463,0.06405553113050926,0.08470359637138104,45.15091896057129,0.01105176843851655,0.22445011138916016,0.0018272090084171966,0.3257930278778076,0.0853288098671669,0.03162277660168379,27
0.0008528596588204781,0.02935905633791928,0.046026814915437184,30.633431911468506,0.0031016501302662497,0.21647930145263672,0.0031811886090082455,0.2613794803619385,0.038873920951235756,0.03162277660168379,28
0.000976328628202435,0.07092772690614325,0.08851689861266457,26.366910457611084,0.003077529861385083,0.23497557640075684,0.0016407654495373069,0.2602198123931885,0.02840052311013681,0.03162277660168379,29
0.002568302849067942,0.10481695534343834,0.14249910844966693,52.251360177993774,0.006611884348605638,0.2709786891937256,0.0017164781910369003,0.29491496086120605,0.04926107424003548,0.1,0
0.002472539129447708,0.08805457242987268,0.10056800384205047,39.81860136985779,0.013562037072114771,0.1912837028503418,0.002224482237575513,0.25605344772338867,0.01650000700398288,0.1,1
0.003092405544811435,0.06705257168974406,0.06246378633176704,51.813411712646484,0.002582378818966591,0.21106791496276855,0.001535505744536166,0.22980856895446777,0.013761926832637317,0.1,2
0.0015292357287650217,0.04588833680204667,0.053071926221734934,52.29534339904785,0.00971999224079755,0.26372694969177246,0.0028594538218343307,0.2773170471191406,0.02256837573003838,0.1,3
0.0010681518762812425,0.04018541473832305,0.05612188136477674,39.004822731018066,0.0036060611368473683,0.20120739936828613,0.00083335415362642,0.26279473304748535,0.010415192921432434,0.1,4
0.00117771241229776,0.06114539730632262,0.07947058702062519,49.454124212265015,0.004868336638626232,0.22548484802246094,0.0019357005553425788,0.2710402011871338,0.016901616827138533,0.1,5
0.0013543546874745347,0.06260536876532577,0.0903662255397367,39.967764139175415,0.003510657470294931,0.21009182929992676,0.0008025483643761952,0.25214529037475586,0.01705513561688267,0.1,6
0.0007815904096948841,0.06782643695982535,0.09140546853615214,51.38648796081543,0.008379899483784384,0.2664308547973633,0.0010981336178477628,0.2801852226257324,0.0208467939893236,0.1,7
0.005998521651442013,0.08600024917683206,0.12416378048931904,48.89474606513977,0.012600781705307687,0.2487471103668213,0.002015931537189419,0.28632616996765137,0.11917530766264839,0.1,8
0.0006638340069474725,0.029750256741429303,0.03697215502439798,52.01237201690674,0.004312316398683695,0.1989130973815918,0.0021520489605413085,0.2469954490661621,0.017085128777717576,0.1,9
0.0012658243772472265,0.04160654482465136,0.06525828162144898,51.770997047424316,0.0018874668667947514,0.2099919319152832,0.0017508100580200842,0.2602541446685791,0.024523380431641414,0.1,10
0.0016835648710154562,0.11401683351635881,0.15643050464416586,51.26101469993591,0.0034452754298933165,0.21808862686157227,0.001973256764498451,0.2634859085083008,0.018432654464952757,0.1,11
0.07159910033614697,0.09853474206579958,0.11232190817667052,51.255431175231934,0.008584193674448825,0.22697734832763672,0.0007697682711055975,0.24834370613098145,0.009311227899011865,0.1,12
0.003106707118010125,0.08942991419685242,0.11279554044131014,49.32354426383972,0.0018312324236039088,0.3618648052215576,0.0010845387058151226,0.48599791526794434,0.026815253069185845,0.1,13
0.00221714636629704,0.07315574539001564,0.09559470152717435,30.978008270263672,0.009306873594572251,0.22844195365905762,0.002911656338303281,0.27797889709472656,0.11593081967101906,0.1,14
0.0049296945591372765,0.03754209481616879,0.07219257779570659,52.63494086265564,0.0029506123864457244,0.30000996589660645,0.0019299457067030474,0.3431694507598877,0.018818875844194095,0.1,15
0.005172412084764074,0.11442436404583951,0.14760606463507872,52.56854057312012,0.0017731696619504912,0.24094080924987793,0.0025339558307627685,0.31606531143188477,0.03755588254178641,0.1,16
0.0017640308781543324,0.0894770584929769,0.10768945668584197,51.295081615448,0.0011005964996363342,0.26382899284362793,0.0017213602311841364,0.3032417297363281,0.030626057777692083,0.1,17
0.0018864132213652907,0.038934670418556735,0.05367866374041449,35.04777503013611,0.005048351733767549,0.24652457237243652,0.0023484911191756774,0.3070516586303711,0.02297842858899418,0.1,18
0.0007878615650816379,0.04209200706503597,0.04743648717467359,32.56940484046936,0.002860977558001898,0.24843287467956543,0.002522784001842656,0.2579503059387207,0.012963708747113464,0.1,19
0.0011293045611411607,0.04887880879187305,0.05089669724138706,52.753037452697754,0.002339083290031363,0.22603678703308105,0.0030512964002166114,0.25446391105651855,0.014056905993115945,0.1,20
0.009553532263987814,0.0594465735293641,0.07066835413866841,51.9960560798645,0.0009277021384520281,0.22977828979492188,0.0015759253246740695,0.2882091999053955,0.024636317317071478,0.1,21
0.025267848569980145,0.07682171445147527,0.08899814581122018,51.95293354988098,0.00424954885552895,0.2421860694885254,0.0011718719333959776,0.2642655372619629,0.015823988775939095,0.1,22
0.002327835881118667,0.06136934524811609,0.08888398638872082,48.86008334159851,0.0036987543467973173,0.2588386535644531,0.0036958150961882152,0.2853519916534424,0.013878441336328637,0.1,23
0.0010962852200498824,0.046474869457928406,0.0517361131549644,49.85643815994263,0.007936927547333772,0.25245213508605957,0.0013309104753557622,0.25926923751831055,0.011079870005950268,0.1,24
0.006774622686762735,0.05210551806372461,0.07441386859677505,51.19499087333679,0.013195107892565016,0.22893214225769043,0.002291458918694459,0.2795112133026123,0.043466002725174174,0.1,25
0.008891728273062387,0.06713801288372076,0.07691917788772608,50.16265153884888,0.007063488904441364,0.21682524681091309,0.0022312919800666557,0.28637266159057617,0.018845512021321002,0.1,26
0.003523328997435178,0.052013399256616154,0.0651618724061904,44.59293746948242,0.01105176843851655,0.22848057746887207,0.0018272090084171966,0.33212947845458984,0.0853288098671669,0.1,27
0.0005554967414030572,0.044274173993014664,0.06691788922838952,30.912082195281982,0.0031016501302662497,0.21581816673278809,0.0031811886090082455,0.2605905532836914,0.038873920951235756,0.1,28
0.000866193236239421,0.06569892468233451,0.08865373876272295,29.503037452697754,0.003077529861385083,0.2423872947692871,0.0016407654495373069,0.2613661289215088,0.02840052311013681,0.1,29
0.004674146712340099,0.09715543884342823,0.11202441733174788,47.94450330734253,0.006611884348605638,0.27237844467163086,0.0017164781910369003,0.28611278533935547,0.04926107424003548,0.31622776601683794,0
0.00320536874182155,0.09072340432455,0.1169614950978531,37.36843013763428,0.013562037072114771,0.1916515827178955,0.002224482237575513,0.2582986354827881,0.01650000700398288,0.31622776601683794,1
0.00237211067906448,0.09738319327856125,0.10304697215178085,49.671348333358765,0.002582378818966591,0.21194767951965332,0.001535505744536166,0.23411130905151367,0.013761926832637317,0.31622776601683794,2
0.012596717113955824,0.0641353684210034,0.09769094468530465,49.47902512550354,0.00971999224079755,0.2631497383117676,0.0028594538218343307,0.2737915515899658,0.02256837573003838,0.31622776601683794,3
0.0009355522263661284,0.07552671289067563,0.08046052603603078,38.47292470932007,0.0036060611368473683,0.21175932884216309,0.00083335415362642,0.2885146141052246,0.010415192921432434,0.31622776601683794,4
0.0011639212415735178,0.05056337470482033,0.06250701609330639,51.35060691833496,0.004868336638626232,0.22439265251159668,0.0019357005553425788,0.2761356830596924,0.016901616827138533,0.31622776601683794,5
0.00392976616337953,0.04593584984401326,0.085789913095222,34.41283822059631,0.003510657470294931,0.2068479061126709,0.0008025483643761952,0.2524886131286621,0.01705513561688267,0.31622776601683794,6
0.001412538468201404,0.0668424900090554,0.07825262173701925,46.28536915779114,0.008379899483784384,0.26736903190612793,0.0010981336178477628,0.28359556198120117,0.0208467939893236,0.31622776601683794,7
0.002235307737951967,0.09093838796339714,0.11928115223417522,50.00896859169006,0.012600781705307687,0.2527453899383545,0.002015931537189419,0.29703330993652344,0.11917530766264839,0.31622776601683794,8
0.0009756484997700543,0.0329729906156769,0.034689075288207756,50.08059525489807,0.004312316398683695,0.20703577995300293,0.0021520489605413085,0.2528553009033203,0.017085128777717576,0.31622776601683794,9
0.0010515012292446225,0.08818162764605449,0.10499173652984024,51.05489659309387,0.0018874668667947514,0.20889925956726074,0.0017508100580200842,0.2587556838989258,0.024523380431641414,0.31622776601683794,10
0.002240040669740632,0.11874934437631027,0.1536079995611662,52.0455756187439,0.0034452754298933165,0.21774673461914062,0.001973256764498451,0.26442599296569824,0.018432654464952757,0.31622776601683794,11
0.08796271152104199,0.08501080160222058,0.11014780462940779,50.71835517883301,0.008584193674448825,0.23157501220703125,0.0007697682711055975,0.26448798179626465,0.009311227899011865,0.31622776601683794,12
0.0033208277245677285,0.07511344803789202,0.09451739880679332,49.24029302597046,0.0018312324236039088,0.35825538635253906,0.0010845387058151226,0.45697903633117676,0.026815253069185845,0.31622776601683794,13
0.0013818479984813782,0.05708090992405799,0.061811181520724956,31.46593165397644,0.009306873594572251,0.23129057884216309,0.002911656338303281,0.28623270988464355,0.11593081967101906,0.31622776601683794,14
0.007154941781786846,0.056329512240488364,0.08488500305887223,49.98455214500427,0.0029506123864457244,0.2951388359069824,0.0019299457067030474,0.3437044620513916,0.018818875844194095,0.31622776601683794,15
0.002963049766359845,0.0963458283337665,0.11492394782828869,49.53394865989685,0.0017731696619504912,0.2409815788269043,0.0025339558307627685,0.3242158889770508,0.03755588254178641,0.31622776601683794,16
0.0022714558406675247,0.10099449396785462,0.11304487521610533,49.350332260131836,0.0011005964996363342,0.2676057815551758,0.0017213602311841364,0.3146083354949951,0.030626057777692083,0.31622776601683794,17
0.0015828555632354598,0.04022180695371877,0.052767061767740396,39.20008373260498,0.005048351733767549,0.24584388732910156,0.0023484911191756774,0.30523061752319336,0.02297842858899418,0.31622776601683794,18
0.0007067088309507048,0.054343406141550775,0.060302754851068605,35.427613973617554,0.002860977558001898,0.24628925323486328,0.002522784001842656,0.25803589820861816,0.012963708747113464,0.31622776601683794,19
0.005680325519936831,0.036158564982572874,0.04114955602244281,49.65240788459778,0.002339083290031363,0.2295072078704834,0.0030512964002166114,0.2553424835205078,0.014056905993115945,0.31622776601683794,20
0.0023482715126416087,0.10920489268825963,0.12916278220556215,50.0116286277771,0.0009277021384520281,0.23128819465637207,0.0015759253246740695,0.2901592254638672,0.024636317317071478,0.31622776601683794,21
0.028043628971462925,0.08853740855162237,0.11439553721465799,50.723169803619385,0.00424954885552895,0.24459147453308105,0.0011718719333959776,0.2695884704589844,0.015823988775939095,0.31622776601683794,22
0.002472807061924809,0.048612783784537476,0.06485724984687628,49.765071392059326,0.0036987543467973173,0.26021504402160645,0.0036958150961882152,0.2853703498840332,0.013878441336328637,0.31622776601683794,23
0.0010010480732837465,0.05752695773345149,0.07358247118270862,50.229923725128174,0.007936927547333772,0.25145840644836426,0.0013309104753557622,0.26046180725097656,0.011079870005950268,0.31622776601683794,24
0.001549703992467803,0.042902908508304895,0.06269870930215787,49.31979751586914,0.013195107892565016,0.22730374336242676,0.002291458918694459,0.27646780014038086,0.043466002725174174,0.31622776601683794,25
0.005901226414886107,0.026938455430372432,0.033128497511334,51.46087574958801,0.007063488904441364,0.21614861488342285,0.0022312919800666557,0.2850360870361328,0.018845512021321002,0.31622776601683794,26
0.003885054873312906,0.04753770073917778,0.06367473566529391,45.12092447280884,0.01105176843851655,0.22870969772338867,0.0018272090084171966,0.3357381820678711,0.0853288098671669,0.31622776601683794,27
0.0007909054770592006,0.0625454749237886,0.07988374854241877,34.338491678237915,0.0031016501302662497,0.21814727783203125,0.0031811886090082455,0.2678565979003906,0.038873920951235756,0.31622776601683794,28
0.0008493687154974783,0.05775222362733687,0.07091076768309051,23.428106784820557,0.003077529861385083,0.23445868492126465,0.0016407654495373069,0.2598285675048828,0.02840052311013681,0.31622776601683794,29
0.003258509376345605,0.09294071039781958,0.12114990123126819,51.716617822647095,0.006611884348605638,0.26718592643737793,0.0017164781910369003,0.2853810787200928,0.04926107424003548,1.0,0
0.0017639697721306765,0.06135902756034195,0.0711187827926551,40.77333974838257,0.013562037072114771,0.1924138069152832,0.002224482237575513,0.2577173709869385,0.01650000700398288,1.0,1
0.004033200688333912,0.08039219281426832,0.0768106121392341,51.16527795791626,0.002582378818966591,0.21251201629638672,0.001535505744536166,0.23855185508728027,0.013761926832637317,1.0,2
0.002702600204423818,0.0732862809029212,0.10940506584292145,49.22338843345642,0.00971999224079755,0.26740002632141113,0.0028594538218343307,0.282728910446167,0.02256837573003838,1.0,3
0.0013280644214479424,0.041779345268831314,0.05801223860368686,38.57370352745056,0.0036060611368473683,0.20825648307800293,0.00083335415362642,0.28188323974609375,0.010415192921432434,1.0,4
0.0014636885840373444,0.07722469305637099,0.08560064990836663,51.62987923622131,0.004868336638626232,0.22785043716430664,0.0019357005553425788,0.27273011207580566,0.016901616827138533,1.0,5
0.0017636734544335636,0.053651278750847485,0.07157951024857609,36.82591462135315,0.003510657470294931,0.20730185508728027,0.0008025483643761952,0.24976563453674316,0.01705513561688267,1.0,6
0.0017005940535760988,0.08510730172781876,0.12295908850780093,44.30092763900757,0.008379899483784384,0.2685699462890625,0.0010981336178477628,0.28968214988708496,0.0208467939893236,1.0,7
0.0022865237353289014,0.0720840302383567,0.12731335210887787,50.93282198905945,0.012600781705307687,0.2486562728881836,0.002015931537189419,0.28150010108947754,0.11917530766264839,1.0,8
0.0009659920182984191,0.03227455299216899,0.04862054858985711,50.95647072792053,0.004312316398683695,0.20609426498413086,0.0021520489605413085,0.25151681900024414,0.017085128777717576,1.0,9
0.0009510629412381602,0.05480479252479844,0.07424232119561137,51.20014715194702,0.0018874668667947514,0.20007610321044922,0.0017508100580200842,0.2354738712310791,0.024523380431641414,1.0,10
0.0017071059415787828,0.10502460588691634,0.1180820880357599,48.99487566947937,0.0034452754298933165,0.22099995613098145,0.001973256764498451,0.26352763175964355,0.018432654464952757,1.0,11
0.0889345468780798,0.08466052740987116,0.1141665724343909,52.646982192993164,0.008584193674448825,0.2282428741455078,0.0007697682711055975,0.2529268264770508,0.009311227899011865,1.0,12
0.002701371570192553,0.12435157666422857,0.12110718185448745,49.41471743583679,0.0018312324236039088,0.33872294425964355,0.0010845387058151226,0.4178781509399414,0.026815253069185845,1.0,13
0.0013647988889698907,0.04406275907235144,0.08293015200271014,36.21907830238342,0.009306873594572251,0.23130083084106445,0.002911656338303281,0.29137420654296875,0.11593081967101906,1.0,14
0.0072503353874020585,0.027562367791085406,0.041415623577823336,51.51507830619812,0.0029506123864457244,0.298281192779541,0.0019299457067030474,0.35173773765563965,0.018818875844194095,1.0,15
0.0030428708422209163,0.10252759693689131,0.14732919411578452,50.41568422317505,0.0017731696619504912,0.24013853073120117,0.0025339558307627685,0.32046937942504883,0.03755588254178641,1.0,16
0.0006480727091562481,0.08298396860641614,0.0841326141794711,48.752413511276245,0.0011005964996363342,0.26513171195983887,0.0017213602311841364,0.31150221824645996,0.030626057777692083,1.0,17
0.00198931139221632,0.04577290445057202,0.05903750598614442,33.396570920944214,0.005048351733767549,0.24703598022460938,0.0023484911191756774,0.3120718002319336,0.02297842858899418,1.0,18
0.0008028718228298018,0.033877037896227334,0.042016662329564795,33.37932634353638,0.002860977558001898,0.2470855712890625,0.002522784001842656,0.2527782917022705,0.012963708747113464,1.0,19
0.004518982047843645,0.023518220490697673,0.04392000414594913,51.029216289520264,0.002339083290031363,0.2288987636566162,0.0030512964002166114,0.2564070224761963,0.014056905993115945,1.0,20
0.005097433711391463,0.0952221377412337,0.11014810788398931,51.56653642654419,0.0009277021384520281,0.2265920639038086,0.0015759253246740695,0.27865099906921387,0.024636317317071478,1.0,21
0.04547968124644157,0.09458387139188647,0.10126997643441508,52.18441462516785,0.00424954885552895,0.23613858222961426,0.0011718719333959776,0.2676992416381836,0.015823988775939095,1.0,22
0.003345596265379328,0.08458235102232987,0.10385862664105845,48.714744329452515,0.0036987543467973173,0.25603580474853516,0.0036958150961882152,0.2927982807159424,0.013878441336328637,1.0,23
0.0009263284333024035,0.04655669710791495,0.06063761788497395,47.58058047294617,0.007936927547333772,0.24566149711608887,0.0013309104753557622,0.2562143802642822,0.011079870005950268,1.0,24
0.001708360272528638,0.05247583336850088,0.06675359812678705,50.56774353981018,0.013195107892565016,0.2280106544494629,0.002291458918694459,0.2825133800506592,0.043466002725174174,1.0,25
0.010348866038719725,0.029582916452276967,0.034925172606260796,48.98107838630676,0.007063488904441364,0.21623015403747559,0.0022312919800666557,0.283740758895874,0.018845512021321002,1.0,26
0.0025891990602906105,0.06966280821833355,0.06592627566981688,46.50518274307251,0.01105176843851655,0.22516942024230957,0.0018272090084171966,0.33209872245788574,0.0853288098671669,1.0,27
0.000954243794429847,0.048937798256117215,0.0692445163832584,37.44358849525452,0.0031016501302662497,0.2154386043548584,0.0031811886090082455,0.25797486305236816,0.038873920951235756,1.0,28
0.0011001329818629336,0.07316760863423835,0.09869744830394049,29.178024768829346,0.003077529861385083,0.23686432838439941,0.0016407654495373069,0.26981091499328613,0.02840052311013681,1.0,29
