Amari LBFGSB,Dilations error LBFGSB,Shifts error LBFGSB,Time LBFGSB,Amari MVICAD,Time MVICAD,Amari MVICAD ext,Time MVICAD ext,Amari permica,random state,filter_length_squarenorm_f,use_envelop_term,number_of_filters_envelop,filter_length_envelop
8.85914693403711e-05,0.008884834093139086,0.00904064896234324,40.55005693435669,0.010534390840824335,0.32613420486450195,0.0015909517767346208,0.5267391204833984,0.03115515290897077,1,1,True,1,2
8.85914693403711e-05,0.008884834093139086,0.00904064896234324,39.024885416030884,0.010534390840824335,0.3000760078430176,0.0015909517767346208,0.5158431529998779,0.03115515290897077,1,1,True,1,2
7.85495318873212e-05,0.011234614896962173,0.010467464907413713,38.67996668815613,0.010534390840824335,0.30130934715270996,0.0015909517767346208,0.5190742015838623,0.03115515290897077,1,1,True,1,3
7.85495318873212e-05,0.011234614896962173,0.010467464907413713,38.39954614639282,0.010534390840824335,0.3006420135498047,0.0015909517767346208,0.5128543376922607,0.03115515290897077,1,1,True,1,3
9.032311375820612e-05,0.011794860503928995,0.018836627485135017,39.889750480651855,0.010534390840824335,0.3090853691101074,0.0015909517767346208,0.5091660022735596,0.03115515290897077,1,1,True,1,5
9.032311375820612e-05,0.011794860503928995,0.018836627485135017,39.595351696014404,0.010534390840824335,0.3075129985809326,0.0015909517767346208,0.5265133380889893,0.03115515290897077,1,1,True,1,5
0.0003625008326638701,0.032371309977987116,0.03828361522660752,40.840365171432495,0.010534390840824335,0.33011841773986816,0.0015909517767346208,0.5678615570068359,0.03115515290897077,1,1,True,1,10
0.0003625008326638701,0.032371309977987116,0.03828361522660752,40.33858609199524,0.010534390840824335,0.3290235996246338,0.0015909517767346208,0.5370793342590332,0.03115515290897077,1,1,True,1,10
9.987056052817392e-05,0.012316766375853423,0.007481370498747973,43.7865195274353,0.010534390840824335,0.33217811584472656,0.0015909517767346208,0.5739579200744629,0.03115515290897077,1,1,True,1,15
9.987056052817392e-05,0.012316766375853423,0.007481370498747973,42.992300271987915,0.010534390840824335,0.32797908782958984,0.0015909517767346208,0.5284378528594971,0.03115515290897077,1,1,True,1,15
9.740632041629707e-05,0.012069530836591043,0.01007098202157229,43.769509077072144,0.010534390840824335,0.3244922161102295,0.0015909517767346208,0.5264811515808105,0.03115515290897077,1,1,True,1,20
9.740632041629707e-05,0.012069530836591043,0.01007098202157229,44.28422236442566,0.010534390840824335,0.3257012367248535,0.0015909517767346208,0.5404512882232666,0.03115515290897077,1,1,True,1,20
0.00010159038476920124,0.011536445428283758,0.004393206469467992,45.15355157852173,0.010534390840824335,0.3184051513671875,0.0015909517767346208,0.5409712791442871,0.03115515290897077,1,1,True,1,25
0.00010159038476920124,0.011536445428283758,0.004393206469467992,45.02777314186096,0.010534390840824335,0.3302490711212158,0.0015909517767346208,0.5770716667175293,0.03115515290897077,1,1,True,1,25
8.169903222839578e-05,0.0118220137442037,0.007222209109565401,43.61060667037964,0.010534390840824335,0.3194289207458496,0.0015909517767346208,0.5622994899749756,0.03115515290897077,1,1,True,2,2
8.169903222839578e-05,0.0118220137442037,0.007222209109565401,43.273921728134155,0.010534390840824335,0.3155841827392578,0.0015909517767346208,0.5669147968292236,0.03115515290897077,1,1,True,2,2
8.410033468690957e-05,0.012392060812488382,0.005209511963875381,43.45712757110596,0.010534390840824335,0.3301818370819092,0.0015909517767346208,0.5525262355804443,0.03115515290897077,1,1,True,2,3
8.410033468690957e-05,0.012392060812488382,0.005209511963875381,44.397013902664185,0.010534390840824335,0.33405256271362305,0.0015909517767346208,0.5326788425445557,0.03115515290897077,1,1,True,2,3
9.627014066079613e-05,0.01125357260407321,0.012661214641695286,44.529669523239136,0.010534390840824335,0.3271169662475586,0.0015909517767346208,0.548959493637085,0.03115515290897077,1,1,True,2,5
9.627014066079613e-05,0.01125357260407321,0.012661214641695286,44.40497827529907,0.010534390840824335,0.3159620761871338,0.0015909517767346208,0.5466136932373047,0.03115515290897077,1,1,True,2,5
9.698976722504564e-05,0.011456314054947086,0.009687084790313822,48.11298894882202,0.010534390840824335,0.33241963386535645,0.0015909517767346208,0.5833225250244141,0.03115515290897077,1,1,True,2,10
9.698976722504564e-05,0.011456314054947086,0.009687084790313822,48.585970878601074,0.010534390840824335,0.33193492889404297,0.0015909517767346208,0.5416111946105957,0.03115515290897077,1,1,True,2,10
9.38298122753108e-05,0.011353389023372292,0.008253441129968132,51.51281547546387,0.010534390840824335,0.3343183994293213,0.0015909517767346208,0.5829250812530518,0.03115515290897077,1,1,True,2,15
9.38298122753108e-05,0.011353389023372292,0.008253441129968132,50.39900302886963,0.010534390840824335,0.3287835121154785,0.0015909517767346208,0.5677404403686523,0.03115515290897077,1,1,True,2,15
9.947677933595706e-05,0.012121237041773784,0.01483610536631294,52.056161403656006,0.010534390840824335,0.33092284202575684,0.0015909517767346208,0.5826482772827148,0.03115515290897077,1,1,True,2,20
9.947677933595706e-05,0.012121237041773784,0.01483610536631294,52.35228204727173,0.010534390840824335,0.3285868167877197,0.0015909517767346208,0.5562839508056641,0.03115515290897077,1,1,True,2,20
0.00010120598243760585,0.011083633286763503,0.015691214737032177,52.92623782157898,0.010534390840824335,0.33171939849853516,0.0015909517767346208,0.5803272724151611,0.03115515290897077,1,1,True,2,25
0.00010120598243760585,0.011083633286763503,0.015691214737032177,52.34825325012207,0.010534390840824335,0.3288145065307617,0.0015909517767346208,0.5580363273620605,0.03115515290897077,1,1,True,2,25
7.767979581182841e-05,0.011798118744379563,0.004018667675422222,43.10278820991516,0.010534390840824335,0.3425109386444092,0.0015909517767346208,0.6223864555358887,0.03115515290897077,1,2,True,1,2
7.767979581182841e-05,0.011798118744379563,0.004018667675422222,59.78806138038635,0.010534390840824335,0.43883824348449707,0.0015909517767346208,0.6739711761474609,0.03115515290897077,1,2,True,1,2
8.108122908643268e-05,0.011152551338882214,0.006040815385072585,59.74953818321228,0.010534390840824335,0.5194711685180664,0.0015909517767346208,0.8761782646179199,0.03115515290897077,1,2,True,1,3
8.108122908643268e-05,0.011152551338882214,0.006040815385072585,59.37802600860596,0.010534390840824335,0.5214560031890869,0.0015909517767346208,0.9915633201599121,0.03115515290897077,1,2,True,1,3
8.606064661291028e-05,0.011222414652773663,0.008882955300337298,67.10073971748352,0.010534390840824335,0.4359111785888672,0.0015909517767346208,0.8476419448852539,0.03115515290897077,1,2,True,1,5
8.606064661291028e-05,0.011222414652773663,0.008882955300337298,66.26170897483826,0.010534390840824335,0.4537177085876465,0.0015909517767346208,0.6895003318786621,0.03115515290897077,1,2,True,1,5
9.812407167590169e-05,0.012172282806869727,0.015310522205841417,68.63751077651978,0.010534390840824335,0.6462411880493164,0.0015909517767346208,0.9476900100708008,0.03115515290897077,1,2,True,1,10
9.812407167590169e-05,0.012172282806869727,0.015310522205841417,72.62676811218262,0.010534390840824335,0.48975586891174316,0.0015909517767346208,0.8936214447021484,0.03115515290897077,1,2,True,1,10
8.824633312561522e-05,0.012021617732782838,0.00517003944363316,59.580485820770264,0.010534390840824335,0.47060275077819824,0.0015909517767346208,0.8345625400543213,0.03115515290897077,1,2,True,1,15
8.824633312561522e-05,0.012021617732782838,0.00517003944363316,57.0851616859436,0.010534390840824335,0.6556940078735352,0.0015909517767346208,0.7888696193695068,0.03115515290897077,1,2,True,1,15
9.34912294931219e-05,0.011438905949473277,0.014213635944730853,73.3177649974823,0.010534390840824335,0.5793156623840332,0.0015909517767346208,0.5970923900604248,0.03115515290897077,1,2,True,1,20
9.34912294931219e-05,0.011438905949473277,0.014213635944730853,69.26188945770264,0.010534390840824335,0.41704511642456055,0.0015909517767346208,0.5907857418060303,0.03115515290897077,1,2,True,1,20
9.774439370745142e-05,0.012061092250432164,0.010886050125396254,74.16021370887756,0.010534390840824335,0.5263400077819824,0.0015909517767346208,0.6813325881958008,0.03115515290897077,1,2,True,1,25
9.774439370745142e-05,0.012061092250432164,0.010886050125396254,78.1249647140503,0.010534390840824335,0.5472776889801025,0.0015909517767346208,0.8342974185943604,0.03115515290897077,1,2,True,1,25
8.722744790559122e-05,0.011869769298211678,0.008213934702472609,88.36194443702698,0.010534390840824335,0.45190954208374023,0.0015909517767346208,0.7459638118743896,0.03115515290897077,1,2,True,2,2
8.722744790559122e-05,0.011869769298211678,0.008213934702472609,99.99103951454163,0.010534390840824335,0.6048200130462646,0.0015909517767346208,0.8195919990539551,0.03115515290897077,1,2,True,2,2
8.490822110356343e-05,0.012714528368921634,0.009826092566455787,96.75736403465271,0.010534390840824335,0.49698805809020996,0.0015909517767346208,0.7505431175231934,0.03115515290897077,1,2,True,2,3
8.490822110356343e-05,0.012714528368921634,0.009826092566455787,94.18695211410522,0.010534390840824335,0.46451568603515625,0.0015909517767346208,0.8691496849060059,0.03115515290897077,1,2,True,2,3
8.48657774340067e-05,0.013181048253663086,0.010365015850153437,94.5923912525177,0.010534390840824335,0.4780240058898926,0.0015909517767346208,0.745335578918457,0.03115515290897077,1,2,True,2,5
8.48657774340067e-05,0.013181048253663086,0.010365015850153437,97.19234585762024,0.010534390840824335,0.3785717487335205,0.0015909517767346208,0.9783742427825928,0.03115515290897077,1,2,True,2,5
9.242971420146963e-05,0.012167824067192464,0.006192610942193701,99.58653211593628,0.010534390840824335,0.6659374237060547,0.0015909517767346208,0.9314854145050049,0.03115515290897077,1,2,True,2,10
9.242971420146963e-05,0.012167824067192464,0.006192610942193701,96.6812584400177,0.010534390840824335,0.34209585189819336,0.0015909517767346208,0.5831725597381592,0.03115515290897077,1,2,True,2,10
9.416605039189729e-05,0.01085201075422771,0.007464154097048057,108.2636296749115,0.010534390840824335,0.6818447113037109,0.0015909517767346208,0.9674763679504395,0.03115515290897077,1,2,True,2,15
9.416605039189729e-05,0.01085201075422771,0.007464154097048057,112.46899080276489,0.010534390840824335,0.5310587882995605,0.0015909517767346208,0.746063232421875,0.03115515290897077,1,2,True,2,15
9.811689146832503e-05,0.010998782822031157,0.01330663245129559,111.05075693130493,0.010534390840824335,0.46085286140441895,0.0015909517767346208,0.7721953392028809,0.03115515290897077,1,2,True,2,20
9.811689146832503e-05,0.010998782822031157,0.01330663245129559,107.39464378356934,0.010534390840824335,0.6839356422424316,0.0015909517767346208,1.023158311843872,0.03115515290897077,1,2,True,2,20
9.487723897870411e-05,0.010631677194266824,0.015719731143718472,108.63750886917114,0.010534390840824335,0.6307427883148193,0.0015909517767346208,1.127690315246582,0.03115515290897077,1,2,True,2,25
9.487723897870411e-05,0.010631677194266824,0.015719731143718472,113.75414180755615,0.010534390840824335,0.5945112705230713,0.0015909517767346208,1.0378658771514893,0.03115515290897077,1,2,True,2,25
8.238136100970906e-05,0.01178647132987427,0.01202623915992191,81.62334609031677,0.010534390840824335,0.6905269622802734,0.0015909517767346208,1.0289855003356934,0.03115515290897077,1,3,True,1,2
8.238136100970906e-05,0.01178647132987427,0.01202623915992191,79.98184275627136,0.010534390840824335,0.5149447917938232,0.0015909517767346208,0.8290181159973145,0.03115515290897077,1,3,True,1,2
8.017124961347358e-05,0.012685625465447567,0.010087184594187145,80.56651163101196,0.010534390840824335,0.5563488006591797,0.0015909517767346208,1.0422067642211914,0.03115515290897077,1,3,True,1,3
8.017124961347358e-05,0.012685625465447567,0.010087184594187145,78.93759393692017,0.010534390840824335,0.4743938446044922,0.0015909517767346208,1.1557543277740479,0.03115515290897077,1,3,True,1,3
8.54083125693498e-05,0.012739992778152262,0.0084776255493957,80.4444010257721,0.010534390840824335,0.46978092193603516,0.0015909517767346208,0.7172682285308838,0.03115515290897077,1,3,True,1,5
8.54083125693498e-05,0.012739992778152262,0.0084776255493957,83.95743012428284,0.010534390840824335,0.6133852005004883,0.0015909517767346208,0.8078300952911377,0.03115515290897077,1,3,True,1,5
9.303250422047309e-05,0.012514953807873723,0.005195380316563946,88.47315740585327,0.010534390840824335,0.4877607822418213,0.0015909517767346208,0.9354708194732666,0.03115515290897077,1,3,True,1,10
9.303250422047309e-05,0.012514953807873723,0.005195380316563946,89.29788303375244,0.010534390840824335,0.7229936122894287,0.0015909517767346208,0.8873000144958496,0.03115515290897077,1,3,True,1,10
8.889581471474007e-05,0.011396439851768097,0.008700560845778107,91.27429056167603,0.010534390840824335,0.619516134262085,0.0015909517767346208,0.9407093524932861,0.03115515290897077,1,3,True,1,15
8.889581471474007e-05,0.011396439851768097,0.008700560845778107,90.97942042350769,0.010534390840824335,0.49893617630004883,0.0015909517767346208,0.7167274951934814,0.03115515290897077,1,3,True,1,15
0.00010031784030612261,0.012721856521957016,0.010597721530425605,69.12814426422119,0.010534390840824335,0.4809551239013672,0.0015909517767346208,0.8283421993255615,0.03115515290897077,1,3,True,1,20
0.00010031784030612261,0.012721856521957016,0.010597721530425605,74.92164397239685,0.010534390840824335,0.526057243347168,0.0015909517767346208,0.9289226531982422,0.03115515290897077,1,3,True,1,20
9.209805788176577e-05,0.012356606014075755,0.011227531016603044,94.58079886436462,0.010534390840824335,0.7871572971343994,0.0015909517767346208,0.827817440032959,0.03115515290897077,1,3,True,1,25
9.209805788176577e-05,0.012356606014075755,0.011227531016603044,94.17322874069214,0.010534390840824335,0.5427424907684326,0.0015909517767346208,0.7697498798370361,0.03115515290897077,1,3,True,1,25
8.111357953178485e-05,0.011817229759210719,0.005047927064758384,86.0301022529602,0.010534390840824335,0.43161725997924805,0.0015909517767346208,0.7738206386566162,0.03115515290897077,1,3,True,2,2
8.111357953178485e-05,0.011817229759210719,0.005047927064758384,93.41787695884705,0.010534390840824335,0.46634531021118164,0.0015909517767346208,0.8204841613769531,0.03115515290897077,1,3,True,2,2
8.013599901338282e-05,0.012069660734094287,0.010365616254080494,93.6519615650177,0.010534390840824335,0.7306210994720459,0.0015909517767346208,0.9579768180847168,0.03115515290897077,1,3,True,2,3
8.013599901338282e-05,0.012069660734094287,0.010365616254080494,99.4261577129364,0.010534390840824335,0.4553847312927246,0.0015909517767346208,0.9344825744628906,0.03115515290897077,1,3,True,2,3
8.941425877126986e-05,0.012413647252411468,0.00719150910898292,85.1139030456543,0.010534390840824335,0.3651590347290039,0.0015909517767346208,0.8806552886962891,0.03115515290897077,1,3,True,2,5
8.941425877126986e-05,0.012413647252411468,0.00719150910898292,79.4258484840393,0.010534390840824335,0.5397841930389404,0.0015909517767346208,0.944145679473877,0.03115515290897077,1,3,True,2,5
8.956986496035194e-05,0.012077471302564499,0.009468437697786651,104.61376190185547,0.010534390840824335,0.6438274383544922,0.0015909517767346208,0.8854961395263672,0.03115515290897077,1,3,True,2,10
8.956986496035194e-05,0.012077471302564499,0.009468437697786651,102.29572463035583,0.010534390840824335,0.622880220413208,0.0015909517767346208,1.0203580856323242,0.03115515290897077,1,3,True,2,10
9.693509013341354e-05,0.011557537127411551,0.01220546080529907,105.1661765575409,0.010534390840824335,0.6116151809692383,0.0015909517767346208,0.7340960502624512,0.03115515290897077,1,3,True,2,15
9.693509013341354e-05,0.011557537127411551,0.01220546080529907,109.15149235725403,0.010534390840824335,0.5416605472564697,0.0015909517767346208,1.0939123630523682,0.03115515290897077,1,3,True,2,15
9.750697736835198e-05,0.013461125494967873,0.008439940490793925,108.6992130279541,0.010534390840824335,0.6290419101715088,0.0015909517767346208,0.8885493278503418,0.03115515290897077,1,3,True,2,20
9.750697736835198e-05,0.013461125494967873,0.008439940490793925,105.09132671356201,0.010534390840824335,0.6973965167999268,0.0015909517767346208,0.875922441482544,0.03115515290897077,1,3,True,2,20
9.95971391258769e-05,0.012110472936885852,0.008337364243226281,109.35824346542358,0.010534390840824335,0.572023868560791,0.0015909517767346208,1.090226411819458,0.03115515290897077,1,3,True,2,25
9.95971391258769e-05,0.012110472936885852,0.008337364243226281,113.23071312904358,0.010534390840824335,0.4621415138244629,0.0015909517767346208,0.8361403942108154,0.03115515290897077,1,3,True,2,25
8.085829821159832e-05,0.011726108955027511,0.016251780562511153,82.68944597244263,0.010534390840824335,0.5180761814117432,0.0015909517767346208,0.9480955600738525,0.03115515290897077,1,5,True,1,2
8.085829821159832e-05,0.011726108955027511,0.016251780562511153,79.76502871513367,0.010534390840824335,0.560887336730957,0.0015909517767346208,1.0854575634002686,0.03115515290897077,1,5,True,1,2
7.63128615380711e-05,0.013897591037569127,0.011000491350010565,86.02558422088623,0.010534390840824335,0.43306922912597656,0.0015909517767346208,0.818044900894165,0.03115515290897077,1,5,True,1,3
7.63128615380711e-05,0.013897591037569127,0.011000491350010565,88.40420818328857,0.010534390840824335,0.4417891502380371,0.0015909517767346208,0.7723190784454346,0.03115515290897077,1,5,True,1,3
8.417973949030137e-05,0.013034472675227171,0.011204289625959228,91.23558807373047,0.010534390840824335,0.6047770977020264,0.0015909517767346208,1.1696515083312988,0.03115515290897077,1,5,True,1,5
8.417973949030137e-05,0.013034472675227171,0.011204289625959228,81.59370398521423,0.010534390840824335,0.6084122657775879,0.0015909517767346208,0.874828577041626,0.03115515290897077,1,5,True,1,5
9.315656237853797e-05,0.013503500614453845,0.008539117110890988,91.14154100418091,0.010534390840824335,0.5798718929290771,0.0015909517767346208,0.9098372459411621,0.03115515290897077,1,5,True,1,10
9.315656237853797e-05,0.013503500614453845,0.008539117110890988,91.84666156768799,0.010534390840824335,0.6059269905090332,0.0015909517767346208,0.8783235549926758,0.03115515290897077,1,5,True,1,10
9.620817354700034e-05,0.014166982280919348,0.010028498357293409,95.78585910797119,0.010534390840824335,0.5060758590698242,0.0015909517767346208,1.0418744087219238,0.03115515290897077,1,5,True,1,15
9.620817354700034e-05,0.014166982280919348,0.010028498357293409,93.4958815574646,0.010534390840824335,0.4595510959625244,0.0015909517767346208,1.1575655937194824,0.03115515290897077,1,5,True,1,15
9.385238561472332e-05,0.013758764112650378,0.010021774497849235,89.40467047691345,0.010534390840824335,0.6404635906219482,0.0015909517767346208,0.9610066413879395,0.03115515290897077,1,5,True,1,20
9.385238561472332e-05,0.013758764112650378,0.010021774497849235,93.66582417488098,0.010534390840824335,0.4841334819793701,0.0015909517767346208,0.9342620372772217,0.03115515290897077,1,5,True,1,20
9.563854829962212e-05,0.013420442451062857,0.005598915434488048,94.43325996398926,0.010534390840824335,0.42435312271118164,0.0015909517767346208,0.741929292678833,0.03115515290897077,1,5,True,1,25
9.563854829962212e-05,0.013420442451062857,0.005598915434488048,92.7583909034729,0.010534390840824335,0.4940500259399414,0.0015909517767346208,1.014904499053955,0.03115515290897077,1,5,True,1,25
7.986985393633923e-05,0.012265466206041816,0.006593621402648871,92.58204579353333,0.010534390840824335,0.4547085762023926,0.0015909517767346208,0.757483959197998,0.03115515290897077,1,5,True,2,2
7.986985393633923e-05,0.012265466206041816,0.006593621402648871,90.75129914283752,0.010534390840824335,0.5001664161682129,0.0015909517767346208,1.0034856796264648,0.03115515290897077,1,5,True,2,2
8.309200233290366e-05,0.013051276907314986,0.01204188724198571,91.74785876274109,0.010534390840824335,0.6119866371154785,0.0015909517767346208,0.8973054885864258,0.03115515290897077,1,5,True,2,3
8.309200233290366e-05,0.013051276907314986,0.01204188724198571,93.34268999099731,0.010534390840824335,0.6049790382385254,0.0015909517767346208,0.9885692596435547,0.03115515290897077,1,5,True,2,3
8.357572952747785e-05,0.013533821042912387,0.008698091124827409,89.8482882976532,0.010534390840824335,0.4380772113800049,0.0015909517767346208,0.7937350273132324,0.03115515290897077,1,5,True,2,5
8.357572952747785e-05,0.013533821042912387,0.008698091124827409,91.76335573196411,0.010534390840824335,0.5789852142333984,0.0015909517767346208,0.9318699836730957,0.03115515290897077,1,5,True,2,5
9.442967298834611e-05,0.013707746655640177,0.008742803134843198,105.77634787559509,0.010534390840824335,0.5591752529144287,0.0015909517767346208,1.0875096321105957,0.03115515290897077,1,5,True,2,10
9.442967298834611e-05,0.013707746655640177,0.008742803134843198,104.18370175361633,0.010534390840824335,0.5150241851806641,0.0015909517767346208,0.8164591789245605,0.03115515290897077,1,5,True,2,10
8.790047899590222e-05,0.01340388353441444,0.006476124343914733,103.5794050693512,0.010534390840824335,0.6480433940887451,0.0015909517767346208,1.0082790851593018,0.03115515290897077,1,5,True,2,15
8.790047899590222e-05,0.01340388353441444,0.006476124343914733,106.69137930870056,0.010534390840824335,0.5331318378448486,0.0015909517767346208,0.9115211963653564,0.03115515290897077,1,5,True,2,15
9.086736111096154e-05,0.01387390906846644,0.009340491362374578,117.43499374389648,0.010534390840824335,0.5285778045654297,0.0015909517767346208,1.0309293270111084,0.03115515290897077,1,5,True,2,20
9.086736111096154e-05,0.01387390906846644,0.009340491362374578,115.93983364105225,0.010534390840824335,0.509890079498291,0.0015909517767346208,0.9985246658325195,0.03115515290897077,1,5,True,2,20
9.402345286928515e-05,0.01317548224152209,0.008515732803651697,108.01815891265869,0.010534390840824335,0.3513031005859375,0.0015909517767346208,0.5899200439453125,0.03115515290897077,1,5,True,2,25
9.402345286928515e-05,0.01317548224152209,0.008515732803651697,108.73455500602722,0.010534390840824335,0.6668281555175781,0.0015909517767346208,0.9062314033508301,0.03115515290897077,1,5,True,2,25
8.197908016514728e-05,0.01304494679610236,0.009978518159977252,68.81080484390259,0.010534390840824335,0.48496103286743164,0.0015909517767346208,0.8598530292510986,0.03115515290897077,1,7,True,1,2
8.197908016514728e-05,0.01304494679610236,0.009978518159977252,68.72362041473389,0.010534390840824335,0.8716049194335938,0.0015909517767346208,0.7678358554840088,0.03115515290897077,1,7,True,1,2
8.037764036376387e-05,0.012963672978071402,0.005011358844614333,80.1240611076355,0.010534390840824335,0.44754791259765625,0.0015909517767346208,0.7004141807556152,0.03115515290897077,1,7,True,1,3
8.037764036376387e-05,0.012963672978071402,0.005011358844614333,82.2848653793335,0.010534390840824335,0.6752524375915527,0.0015909517767346208,0.7911901473999023,0.03115515290897077,1,7,True,1,3
8.386016661002435e-05,0.014294445363975268,0.005856395745097931,87.19684410095215,0.010534390840824335,0.4107179641723633,0.0015909517767346208,0.7462770938873291,0.03115515290897077,1,7,True,1,5
8.386016661002435e-05,0.014294445363975268,0.005856395745097931,86.1567394733429,0.010534390840824335,0.5231485366821289,0.0015909517767346208,0.7563841342926025,0.03115515290897077,1,7,True,1,5
9.562986709765002e-05,0.015189672540854904,0.010197655529602334,104.67705488204956,0.010534390840824335,0.46985888481140137,0.0015909517767346208,1.057908058166504,0.03115515290897077,1,7,True,1,10
9.562986709765002e-05,0.015189672540854904,0.010197655529602334,102.22065353393555,0.010534390840824335,0.4727962017059326,0.0015909517767346208,1.027158260345459,0.03115515290897077,1,7,True,1,10
8.751535577911086e-05,0.01576658397948171,0.008335932164020777,79.93075966835022,0.010534390840824335,0.38300395011901855,0.0015909517767346208,0.7973718643188477,0.03115515290897077,1,7,True,1,15
8.751535577911086e-05,0.01576658397948171,0.008335932164020777,74.58708596229553,0.010534390840824335,0.5971739292144775,0.0015909517767346208,0.995070219039917,0.03115515290897077,1,7,True,1,15
0.00010638883001593916,0.015033315996384822,0.011453914251891299,98.7058458328247,0.010534390840824335,0.6496849060058594,0.0015909517767346208,0.9739115238189697,0.03115515290897077,1,7,True,1,20
0.00010638883001593916,0.015033315996384822,0.011453914251891299,98.2419650554657,0.010534390840824335,0.6685409545898438,0.0015909517767346208,0.859093189239502,0.03115515290897077,1,7,True,1,20
9.519046920048642e-05,0.014747429532978777,0.0064057401782564825,98.71836638450623,0.010534390840824335,0.46602654457092285,0.0015909517767346208,1.0618140697479248,0.03115515290897077,1,7,True,1,25
9.519046920048642e-05,0.014747429532978777,0.0064057401782564825,97.56085681915283,0.010534390840824335,0.44994640350341797,0.0015909517767346208,0.7038123607635498,0.03115515290897077,1,7,True,1,25
8.472002632617194e-05,0.0136827011396124,0.003752454425924238,90.24111437797546,0.010534390840824335,0.5308220386505127,0.0015909517767346208,1.1265411376953125,0.03115515290897077,1,7,True,2,2
8.472002632617194e-05,0.0136827011396124,0.003752454425924238,86.46637797355652,0.010534390840824335,0.45105481147766113,0.0015909517767346208,0.8564572334289551,0.03115515290897077,1,7,True,2,2
8.425171297192038e-05,0.01327853005126419,0.011466121823473391,100.18024134635925,0.010534390840824335,0.6747822761535645,0.0015909517767346208,0.8266024589538574,0.03115515290897077,1,7,True,2,3
8.425171297192038e-05,0.01327853005126419,0.011466121823473391,86.68182635307312,0.010534390840824335,0.3622250556945801,0.0015909517767346208,0.6496078968048096,0.03115515290897077,1,7,True,2,3
8.971109091069352e-05,0.01560946950821774,0.005760989542150399,78.65572357177734,0.010534390840824335,0.3572201728820801,0.0015909517767346208,0.595679521560669,0.03115515290897077,1,7,True,2,5
8.971109091069352e-05,0.01560946950821774,0.005760989542150399,77.17696762084961,0.010534390840824335,0.3519020080566406,0.0015909517767346208,0.7506201267242432,0.03115515290897077,1,7,True,2,5
8.902385959423941e-05,0.015073568791411624,0.009200172299730133,86.91532158851624,0.010534390840824335,0.5022428035736084,0.0015909517767346208,0.7893006801605225,0.03115515290897077,1,7,True,2,10
8.902385959423941e-05,0.015073568791411624,0.009200172299730133,125.12450766563416,0.010534390840824335,0.8643398284912109,0.0015909517767346208,1.3155968189239502,0.03115515290897077,1,7,True,2,10
9.957286222082768e-05,0.015006790291307108,0.016784954193287037,136.83892965316772,0.010534390840824335,0.5300514698028564,0.0015909517767346208,0.946380615234375,0.03115515290897077,1,7,True,2,15
9.957286222082768e-05,0.015006790291307108,0.016784954193287037,109.45948004722595,0.010534390840824335,0.569434404373169,0.0015909517767346208,0.7450006008148193,0.03115515290897077,1,7,True,2,15
0.000107200131785475,0.014945685468944703,0.00742784896795833,116.40082287788391,0.010534390840824335,0.4626314640045166,0.0015909517767346208,0.8133952617645264,0.03115515290897077,1,7,True,2,20
0.000107200131785475,0.014945685468944703,0.00742784896795833,132.8690321445465,0.010534390840824335,0.5076029300689697,0.0015909517767346208,0.7335302829742432,0.03115515290897077,1,7,True,2,20
9.971584019764131e-05,0.01486909253161371,0.013819574716518132,143.44303154945374,0.010534390840824335,0.6970515251159668,0.0015909517767346208,1.0795989036560059,0.03115515290897077,1,7,True,2,25
9.971584019764131e-05,0.01486909253161371,0.013819574716518132,164.86532974243164,0.010534390840824335,0.8120534420013428,0.0015909517767346208,1.2391676902770996,0.03115515290897077,1,7,True,2,25
7.788677623232763e-05,0.01302270476032105,0.010147320559231001,125.78801822662354,0.010534390840824335,1.0128042697906494,0.0015909517767346208,1.1445932388305664,0.03115515290897077,1,10,True,1,2
7.788677623232763e-05,0.01302270476032105,0.010147320559231001,124.4492552280426,0.010534390840824335,0.9716036319732666,0.0015909517767346208,1.0435502529144287,0.03115515290897077,1,10,True,1,2
8.014302095659491e-05,0.01414303068125952,0.005564524788834188,128.0736117362976,0.010534390840824335,0.6442139148712158,0.0015909517767346208,0.9538960456848145,0.03115515290897077,1,10,True,1,3
8.014302095659491e-05,0.01414303068125952,0.005564524788834188,120.05860161781311,0.010534390840824335,0.8239157199859619,0.0015909517767346208,0.9388077259063721,0.03115515290897077,1,10,True,1,3
8.7258672065893e-05,0.015000287296568231,0.007967143201090345,124.5451409816742,0.010534390840824335,0.5688996315002441,0.0015909517767346208,1.077707052230835,0.03115515290897077,1,10,True,1,5
8.7258672065893e-05,0.015000287296568231,0.007967143201090345,128.057226896286,0.010534390840824335,0.5973718166351318,0.0015909517767346208,0.9262197017669678,0.03115515290897077,1,10,True,1,5
9.899820061459358e-05,0.01666003172556184,0.009904795843658653,135.94032621383667,0.010534390840824335,0.5540385246276855,0.0015909517767346208,1.1345412731170654,0.03115515290897077,1,10,True,1,10
9.899820061459358e-05,0.01666003172556184,0.009904795843658653,136.2935721874237,0.010534390840824335,0.6816871166229248,0.0015909517767346208,1.1904776096343994,0.03115515290897077,1,10,True,1,10
0.00010646429620752388,0.015938255998036242,0.006912341900604416,149.74117493629456,0.010534390840824335,0.6255123615264893,0.0015909517767346208,1.130406141281128,0.03115515290897077,1,10,True,1,15
0.00010646429620752388,0.015938255998036242,0.006912341900604416,144.8925497531891,0.010534390840824335,0.6771230697631836,0.0015909517767346208,1.1882967948913574,0.03115515290897077,1,10,True,1,15
0.0001132406575749793,0.016815053851395825,0.01433182057058298,142.58470225334167,0.010534390840824335,0.6816210746765137,0.0015909517767346208,1.3755073547363281,0.03115515290897077,1,10,True,1,20
0.0001132406575749793,0.016815053851395825,0.01433182057058298,147.16690731048584,0.010534390840824335,0.8253312110900879,0.0015909517767346208,1.0440804958343506,0.03115515290897077,1,10,True,1,20
0.00010110766245738183,0.016336812139969254,0.013798468378387396,142.2482705116272,0.010534390840824335,0.6499238014221191,0.0015909517767346208,1.197479248046875,0.03115515290897077,1,10,True,1,25
0.00010110766245738183,0.016336812139969254,0.013798468378387396,142.41314959526062,0.010534390840824335,0.5632586479187012,0.0015909517767346208,0.9343767166137695,0.03115515290897077,1,10,True,1,25
8.013216753148811e-05,0.01373097340613878,0.012137277279101587,132.8294575214386,0.010534390840824335,0.6940715312957764,0.0015909517767346208,1.114741325378418,0.03115515290897077,1,10,True,2,2
8.013216753148811e-05,0.01373097340613878,0.012137277279101587,128.21372604370117,0.010534390840824335,0.742570161819458,0.0015909517767346208,1.147897481918335,0.03115515290897077,1,10,True,2,2
8.338734691745546e-05,0.012620097931448627,0.005861682199746421,140.47637224197388,0.010534390840824335,0.5893113613128662,0.0015909517767346208,1.1305131912231445,0.03115515290897077,1,10,True,2,3
8.338734691745546e-05,0.012620097931448627,0.005861682199746421,145.99975848197937,0.010534390840824335,0.5969126224517822,0.0015909517767346208,1.3340914249420166,0.03115515290897077,1,10,True,2,3
8.988228566205367e-05,0.014480683808086396,0.012851977076491739,147.04694771766663,0.010534390840824335,0.7613029479980469,0.0015909517767346208,1.3755130767822266,0.03115515290897077,1,10,True,2,5
8.988228566205367e-05,0.014480683808086396,0.012851977076491739,144.7017879486084,0.010534390840824335,0.5793817043304443,0.0015909517767346208,1.0491740703582764,0.03115515290897077,1,10,True,2,5
0.00011829310202452852,0.01715196896923595,0.00938065494922863,152.32603311538696,0.010534390840824335,0.5031614303588867,0.0015909517767346208,1.0878982543945312,0.03115515290897077,1,10,True,2,10
0.00011829310202452852,0.01715196896923595,0.00938065494922863,144.23716473579407,0.010534390840824335,0.6262884140014648,0.0015909517767346208,1.024702787399292,0.03115515290897077,1,10,True,2,10
0.00010515804050775421,0.017350963427257504,0.013890897348214451,157.02629566192627,0.010534390840824335,0.7997612953186035,0.0015909517767346208,1.031722068786621,0.03115515290897077,1,10,True,2,15
0.00010515804050775421,0.017350963427257504,0.013890897348214451,152.71328258514404,0.010534390840824335,0.619699239730835,0.0015909517767346208,0.9483428001403809,0.03115515290897077,1,10,True,2,15
9.633891443555271e-05,0.018704940798125385,0.013071738022905193,166.02061343193054,0.010534390840824335,0.7952613830566406,0.0015909517767346208,1.146737813949585,0.03115515290897077,1,10,True,2,20
9.633891443555271e-05,0.018704940798125385,0.013071738022905193,166.52878403663635,0.010534390840824335,0.6063191890716553,0.0015909517767346208,1.029891014099121,0.03115515290897077,1,10,True,2,20
0.0001170629052057448,0.01693373358346655,0.012536688449075574,131.95206141471863,0.010534390840824335,0.5527706146240234,0.0015909517767346208,0.8108956813812256,0.03115515290897077,1,10,True,2,25
0.0001170629052057448,0.01693373358346655,0.012536688449075574,131.49251675605774,0.010534390840824335,0.43788909912109375,0.0015909517767346208,0.9292168617248535,0.03115515290897077,1,10,True,2,25
8.698475328525006e-05,0.013650593573034235,0.011256533550334286,117.74844765663147,0.010534390840824335,0.6410236358642578,0.0015909517767346208,0.9853367805480957,0.03115515290897077,1,15,True,1,2
8.698475328525006e-05,0.013650593573034235,0.011256533550334286,118.40176725387573,0.010534390840824335,0.7451844215393066,0.0015909517767346208,1.0650062561035156,0.03115515290897077,1,15,True,1,2
7.658804090947175e-05,0.014243042794337028,0.011545616596428186,123.37724304199219,0.010534390840824335,0.8564016819000244,0.0015909517767346208,1.0314092636108398,0.03115515290897077,1,15,True,1,3
7.658804090947175e-05,0.014243042794337028,0.011545616596428186,122.61752820014954,0.010534390840824335,0.5448417663574219,0.0015909517767346208,1.3766229152679443,0.03115515290897077,1,15,True,1,3
8.640117845404305e-05,0.015446043272285603,0.0035876631998726814,129.39730858802795,0.010534390840824335,0.8897643089294434,0.0015909517767346208,1.0111687183380127,0.03115515290897077,1,15,True,1,5
8.640117845404305e-05,0.015446043272285603,0.0035876631998726814,133.9566650390625,0.010534390840824335,0.7264237403869629,0.0015909517767346208,1.4696340560913086,0.03115515290897077,1,15,True,1,5
9.863091423526853e-05,0.01667103571120334,0.010766227125012231,126.28822708129883,0.010534390840824335,0.5808553695678711,0.0015909517767346208,1.2639994621276855,0.03115515290897077,1,15,True,1,10
9.863091423526853e-05,0.01667103571120334,0.010766227125012231,121.31165099143982,0.010534390840824335,0.6325540542602539,0.0015909517767346208,1.234182357788086,0.03115515290897077,1,15,True,1,10
9.200435516002839e-05,0.019023956597468198,0.019282870081134548,142.72365760803223,0.010534390840824335,0.9636104106903076,0.0015909517767346208,1.419384479522705,0.03115515290897077,1,15,True,1,15
9.200435516002839e-05,0.019023956597468198,0.019282870081134548,141.59491610527039,0.010534390840824335,0.5382850170135498,0.0015909517767346208,0.8752157688140869,0.03115515290897077,1,15,True,1,15
0.00012460986370485354,0.019888947562862806,0.02333977229679252,151.01253628730774,0.010534390840824335,0.565589189529419,0.0015909517767346208,0.9230008125305176,0.03115515290897077,1,15,True,1,20
0.00012460986370485354,0.019888947562862806,0.02333977229679252,150.33691811561584,0.010534390840824335,0.6934459209442139,0.0015909517767346208,1.195514440536499,0.03115515290897077,1,15,True,1,20
0.0001064966529268796,0.019849347395614666,0.01738586847802132,130.53003096580505,0.010534390840824335,0.5353491306304932,0.0015909517767346208,0.9996936321258545,0.03115515290897077,1,15,True,1,25
0.0001064966529268796,0.019849347395614666,0.01738586847802132,140.49083948135376,0.010534390840824335,0.5905828475952148,0.0015909517767346208,0.9845356941223145,0.03115515290897077,1,15,True,1,25
7.918861917727652e-05,0.013580316202625802,0.0038242774899314804,151.11230039596558,0.010534390840824335,0.5732336044311523,0.0015909517767346208,1.0384788513183594,0.03115515290897077,1,15,True,2,2
7.918861917727652e-05,0.013580316202625802,0.0038242774899314804,146.20430874824524,0.010534390840824335,0.5591175556182861,0.0015909517767346208,1.6069858074188232,0.03115515290897077,1,15,True,2,2
7.625303138893979e-05,0.014838619772627718,0.007906520663920285,116.2188720703125,0.010534390840824335,0.6348781585693359,0.0015909517767346208,0.9532260894775391,0.03115515290897077,1,15,True,2,3
7.625303138893979e-05,0.014838619772627718,0.007906520663920285,112.13771414756775,0.010534390840824335,0.6873230934143066,0.0015909517767346208,1.6213841438293457,0.03115515290897077,1,15,True,2,3
8.272084973128812e-05,0.016531361642397345,0.013598886678058761,139.7782711982727,0.010534390840824335,0.47736215591430664,0.0015909517767346208,0.9248650074005127,0.03115515290897077,1,15,True,2,5
8.272084973128812e-05,0.016531361642397345,0.013598886678058761,137.43417024612427,0.010534390840824335,0.8849773406982422,0.0015909517767346208,1.110813856124878,0.03115515290897077,1,15,True,2,5
0.00011726005348697093,0.019726579167499352,0.013811259022328761,155.49831247329712,0.010534390840824335,0.6576659679412842,0.0015909517767346208,1.2627573013305664,0.03115515290897077,1,15,True,2,10
0.00011726005348697093,0.019726579167499352,0.013811259022328761,163.0470895767212,0.010534390840824335,0.5357050895690918,0.0015909517767346208,0.994074821472168,0.03115515290897077,1,15,True,2,10
0.00010581174081219686,0.01933393563187004,0.020698307226202375,160.77339887619019,0.010534390840824335,0.8019113540649414,0.0015909517767346208,0.9114034175872803,0.03115515290897077,1,15,True,2,15
0.00010581174081219686,0.01933393563187004,0.020698307226202375,170.70988631248474,0.010534390840824335,0.7408766746520996,0.0015909517767346208,1.3592026233673096,0.03115515290897077,1,15,True,2,15
0.00011182789538425701,0.020575609168501045,0.01177010100376799,159.0581886768341,0.010534390840824335,0.5642116069793701,0.0015909517767346208,1.0725946426391602,0.03115515290897077,1,15,True,2,20
0.00011182789538425701,0.020575609168501045,0.01177010100376799,120.93240571022034,0.010534390840824335,0.3335433006286621,0.0015909517767346208,0.5955784320831299,0.03115515290897077,1,15,True,2,20
0.0001129780650612977,0.020618543086939844,0.017484383617308672,77.79038119316101,0.010534390840824335,0.39498472213745117,0.0015909517767346208,0.6194994449615479,0.03115515290897077,1,15,True,2,25
0.0001129780650612977,0.020618543086939844,0.017484383617308672,77.57404708862305,0.010534390840824335,0.35883474349975586,0.0015909517767346208,0.5987939834594727,0.03115515290897077,1,15,True,2,25
0.00040598040559148467,0.03271689911582601,0.04356392829743732,47.58500123023987,0.010534390840824335,0.3565707206726074,0.0015909517767346208,0.5690672397613525,0.03115515290897077,1,1,True,1,1
0.00040598040559148467,0.03271689911582601,0.04356392829743732,46.47682857513428,0.010534390840824335,0.546898603439331,0.0015909517767346208,0.910383939743042,0.03115515290897077,1,1,True,1,1
7.804683420788253e-05,0.010697023166380267,0.008547788862629493,49.26994228363037,0.010534390840824335,0.35645508766174316,0.0015909517767346208,0.6618685722351074,0.03115515290897077,1,2,True,1,1
7.804683420788253e-05,0.010697023166380267,0.008547788862629493,49.613107204437256,0.010534390840824335,0.34363818168640137,0.0015909517767346208,0.5760903358459473,0.03115515290897077,1,2,True,1,1
8.312827436205428e-05,0.00783022842477695,0.011554748951846747,52.03113031387329,0.010534390840824335,0.654839038848877,0.0015909517767346208,0.8670327663421631,0.03115515290897077,1,3,True,1,1
8.312827436205428e-05,0.00783022842477695,0.011554748951846747,52.42630195617676,0.010534390840824335,0.41341519355773926,0.0015909517767346208,0.6038296222686768,0.03115515290897077,1,3,True,1,1
8.435191914177112e-05,0.012698102714093048,0.005356007220939803,52.94762182235718,0.010534390840824335,0.5232553482055664,0.0015909517767346208,0.6834316253662109,0.03115515290897077,1,5,True,1,1
8.435191914177112e-05,0.012698102714093048,0.005356007220939803,51.43401861190796,0.010534390840824335,0.33994626998901367,0.0015909517767346208,0.6241867542266846,0.03115515290897077,1,5,True,1,1
8.765331780571373e-05,0.011590666495788533,0.010445157599190385,52.08653378486633,0.010534390840824335,0.3495161533355713,0.0015909517767346208,0.592108964920044,0.03115515290897077,1,7,True,1,1
8.765331780571373e-05,0.011590666495788533,0.010445157599190385,53.30268979072571,0.010534390840824335,0.502626895904541,0.0015909517767346208,0.6551339626312256,0.03115515290897077,1,7,True,1,1
7.867239518632996e-05,0.011837659303262527,0.007632963670621201,55.52650809288025,0.010534390840824335,0.40662693977355957,0.0015909517767346208,0.7006747722625732,0.03115515290897077,1,10,True,1,1
7.867239518632996e-05,0.011837659303262527,0.007632963670621201,55.2643985748291,0.010534390840824335,0.457395076751709,0.0015909517767346208,0.6429586410522461,0.03115515290897077,1,10,True,1,1
9.016583516707755e-05,0.01228599065208078,0.0056813458720521995,55.55287218093872,0.010534390840824335,0.41941118240356445,0.0015909517767346208,0.6302235126495361,0.03115515290897077,1,15,True,1,1
9.016583516707755e-05,0.01228599065208078,0.0056813458720521995,53.577004194259644,0.010534390840824335,0.3763575553894043,0.0015909517767346208,0.615389347076416,0.03115515290897077,1,15,True,1,1
0.00014132723502936854,0.011743142645106808,0.013763886120620867,39.643738985061646,0.010534390840824335,0.3485877513885498,0.0015909517767346208,0.6042346954345703,0.03115515290897077,1,1,False,0,0
0.00014132723502936854,0.011743142645106808,0.013763886120620867,42.80908679962158,0.010534390840824335,0.3336787223815918,0.0015909517767346208,0.5582528114318848,0.03115515290897077,1,1,False,0,0
0.0001275029724541484,0.012210839622374969,0.007135121807883569,37.42787456512451,0.010534390840824335,0.3398442268371582,0.0015909517767346208,0.614647626876831,0.03115515290897077,1,2,False,0,0
0.0001275029724541484,0.012210839622374969,0.007135121807883569,37.908820390701294,0.010534390840824335,0.34248805046081543,0.0015909517767346208,0.6984546184539795,0.03115515290897077,1,2,False,0,0
0.00011923869904529501,0.011126656271817924,0.009202496006196187,40.603142976760864,0.010534390840824335,0.41148805618286133,0.0015909517767346208,0.7934987545013428,0.03115515290897077,1,3,False,0,0
0.00011923869904529501,0.011126656271817924,0.009202496006196187,41.95043873786926,0.010534390840824335,0.5260212421417236,0.0015909517767346208,0.7295358180999756,0.03115515290897077,1,3,False,0,0
0.00013328166999276487,0.014031395351757563,0.0066309132018517345,44.451103925704956,0.010534390840824335,0.3713865280151367,0.0015909517767346208,0.6490638256072998,0.03115515290897077,1,5,False,0,0
0.00013328166999276487,0.014031395351757563,0.0066309132018517345,43.41592288017273,0.010534390840824335,0.3892545700073242,0.0015909517767346208,0.5691947937011719,0.03115515290897077,1,5,False,0,0
0.00012570959628844432,0.015113317108586847,0.007195036909567428,49.105857610702515,0.010534390840824335,0.34539794921875,0.0015909517767346208,0.5730485916137695,0.03115515290897077,1,7,False,0,0
0.00012570959628844432,0.015113317108586847,0.007195036909567428,50.08356261253357,0.010534390840824335,0.337139368057251,0.0015909517767346208,0.612781286239624,0.03115515290897077,1,7,False,0,0
0.00012122630498416036,0.018268886082487067,0.013185037799222617,49.291775941848755,0.010534390840824335,0.3444681167602539,0.0015909517767346208,0.5906929969787598,0.03115515290897077,1,10,False,0,0
0.00012122630498416036,0.018268886082487067,0.013185037799222617,48.63409185409546,0.010534390840824335,0.3431398868560791,0.0015909517767346208,0.6527366638183594,0.03115515290897077,1,10,False,0,0
0.00013700874186686938,0.021009154366779224,0.015964807340963602,54.02499222755432,0.010534390840824335,0.5908620357513428,0.0015909517767346208,0.8737180233001709,0.03115515290897077,1,15,False,0,0
0.00013700874186686938,0.021009154366779224,0.015964807340963602,52.919087409973145,0.010534390840824335,0.5480515956878662,0.0015909517767346208,1.006127119064331,0.03115515290897077,1,15,False,0,0
