Amari LBFGSB,Dilations error LBFGSB,Shifts error LBFGSB,Time LBFGSB,Amari MVICAD,Time MVICAD,Amari MVICAD ext,Time MVICAD ext,Amari permica,random_state,W_scale
0.10827175964462188,0.07222855283240745,0.054922704085420875,524.0050847530365,0.004976387184300061,3.076809883117676,0.0016899185497263624,4.815047740936279,0.024208761985946542,0,0.25
0.10644263350779244,0.04467642131383722,0.05179946810601581,523.1527001857758,0.007308983997943039,2.4814984798431396,0.0009230986532974587,4.542489290237427,0.01820667440507928,1,0.25
0.14111221304375435,0.08172800849242527,0.05692308409118426,521.7720518112183,0.009120933294456275,2.7163732051849365,0.001362101346134631,4.161588907241821,0.009613258265080863,2,0.25
0.07966960873677467,0.01176623387182864,0.011178131280821778,523.3948683738708,0.00714773543285927,2.5646002292633057,0.0010417766312633375,4.133171796798706,0.02329735817428527,3,0.25
0.10068964880622566,0.024595502535241127,0.024623317484458087,520.298670053482,0.007365733098542245,3.3984780311584473,0.0017653309038780044,4.898753881454468,0.01072543600765686,4,0.25
0.12160152001039093,0.0345616130206544,0.06161451799202351,513.9719347953796,0.004758603614866704,4.908517837524414,0.0011993458922727094,5.930150270462036,0.0179414208357254,5,0.25
0.08277202920743995,0.010849225055104158,0.018497456339363897,526.098272562027,0.003003054081571824,3.1046767234802246,0.0005655721630104934,4.727777719497681,0.014156141311844695,6,0.25
0.11582125570338919,0.06348256448871843,0.03585668721042826,519.493177652359,0.005007890128493121,2.768761157989502,0.0007364033399956153,4.812538385391235,0.019759675647014523,7,0.25
0.10879424980994082,0.025237458725938803,0.028119344436167763,527.1653473377228,0.006410659159384309,2.9046573638916016,0.0006602595330155116,5.444693565368652,0.029816938326315785,8,0.25
0.09928353978476145,0.008107289209081792,0.008744746775176204,517.1047465801239,0.0032220909672775544,4.185357332229614,0.0007530406746067087,5.104534387588501,0.012343905372277237,9,0.25
0.04368901682039425,0.0119011141801727,0.012392389264330296,523.3071150779724,0.002911841907670384,3.018962860107422,0.000639479895747815,5.697695016860962,0.015739901054164517,10,0.25
0.07609316839340033,0.027169376846731073,0.029230033660129204,532.7501361370087,0.00912153255619809,4.301774740219116,0.0012114960523111026,5.515795707702637,0.015645041193155452,11,0.25
0.12945786279491364,0.016005978255303942,0.020608069538194985,516.7038161754608,0.004791779541463623,3.285266637802124,0.0006031705042604123,5.250900030136108,0.01671752634186833,12,0.25
0.11878202279856605,0.032119047029054305,0.055847249779306,522.4203054904938,0.009821252416363663,2.7118310928344727,0.0009343800078793114,5.676514148712158,0.028344310586659472,13,0.25
0.10301971971973471,0.01369473439532088,0.016246074059180104,516.5273141860962,0.010130157101902678,3.7234411239624023,0.0010915845525379941,5.164306879043579,0.0381065340601182,14,0.25
0.1302085120185151,0.051685156722939454,0.051241725549244874,519.0609905719757,0.012513034766578076,2.4312081336975098,0.0009455189972307449,3.602567672729492,0.012440972071878194,15,0.25
0.07452246007576764,0.03508772740218292,0.03651962388887894,513.0587315559387,0.00983601338440782,3.3044679164886475,0.0014489335460824444,5.985641956329346,0.026877294686813945,16,0.25
0.16693788710248056,0.013356353345236105,0.01524129395742056,515.5294551849365,0.008769580816773039,3.173877716064453,0.0012636918317196952,4.661901473999023,0.026859565977891825,17,0.25
0.10609572409763053,0.01421778694574239,0.013942962789426349,512.906441450119,0.010771235897565087,2.686549425125122,0.0010178070895332273,4.793639421463013,0.04219322165066478,18,0.25
0.09739672997012189,0.01446090651683077,0.02253574410171973,517.7427716255188,0.005014305169769504,2.871302366256714,0.0005452815983653585,4.522646427154541,0.009011994078757841,19,0.25
0.14770208085405404,0.12348713134038812,0.0843559298101195,503.03295707702637,0.004517890552595419,3.385918140411377,0.0009662542356185819,5.467544317245483,0.015460358661822809,20,0.25
0.14676427422888533,0.016144630826463165,0.01768164453172966,501.150164604187,0.006480028038793791,3.209988594055176,0.001515359626322756,5.747813940048218,0.037581906581401876,21,0.25
0.08020147997457651,0.012732906008330132,0.014121071322807396,506.9449450969696,0.0068656037765425625,4.0172388553619385,0.0022687152371075733,4.982831001281738,0.018309595552928097,22,0.25
0.11541524798618522,0.024577634942374606,0.04066390906033757,514.6420650482178,0.00968973699355891,2.3968942165374756,0.0012998706391738777,3.4845306873321533,0.014444610262574186,23,0.25
0.053838857000426975,0.016301972284897878,0.020262295032375265,500.3224768638611,0.0024806205130916896,3.2551214694976807,0.0005181895354973137,4.977156162261963,0.008570432614995472,24,0.25
0.06304286277203175,0.011534361861616027,0.011296454987478608,503.17676758766174,0.009474023752515218,4.2424421310424805,0.003017915159093464,4.711434841156006,0.032401981649963066,25,0.25
0.08940343565372716,0.05326701668590241,0.03510943977050881,500.5329804420471,0.006656602256336136,2.96551513671875,0.0018611199351470042,5.3308446407318115,0.02045464197524929,26,0.25
0.1675080047336775,0.06510161433424624,0.06954517926785855,502.64074873924255,0.005228681641901436,2.4958877563476562,0.00046383561479229434,4.8309009075164795,0.03485001375802552,27,0.25
0.085997048539598,0.02681082145605429,0.014576056614112513,451.34144020080566,0.006151484234734259,3.4009456634521484,0.0014001568452331728,6.558693885803223,0.031062914017465797,28,0.25
0.15056544089037935,0.03886264603244929,0.042568712874111965,460.98955965042114,0.002470389210293594,3.1170952320098877,0.0007118460093714677,4.487496852874756,0.01547882709169783,29,0.25
0.0911471939878478,0.10182803816362757,0.09571419011342344,464.51104402542114,0.004976387184300061,3.4397950172424316,0.0016899185497263624,4.08777379989624,0.024208761985946542,0,0.5
0.08127042466315333,0.027314094304200412,0.027272897896979405,465.00205993652344,0.007308983997943039,2.4537081718444824,0.0009230986532974587,4.231522083282471,0.01820667440507928,1,0.5
0.07084301392024907,0.027639334379090386,0.03342852737003253,482.7801682949066,0.009120933294456275,3.022552967071533,0.001362101346134631,4.770781993865967,0.009613258265080863,2,0.5
0.060876555280784804,0.012968424106603394,0.014634921627938991,441.7172169685364,0.00714773543285927,2.7645974159240723,0.0010417766312633375,4.742631912231445,0.02329735817428527,3,0.5
0.04265726230125507,0.01831915872649459,0.01885425484035247,483.1870758533478,0.007365733098542245,3.2451887130737305,0.0017653309038780044,4.326003074645996,0.01072543600765686,4,0.5
0.0636393929228827,0.032227020755152866,0.06013330461137343,445.2608518600464,0.004758603614866704,4.613134860992432,0.0011993458922727094,4.936059474945068,0.0179414208357254,5,0.5
0.06529848207662023,0.010967409921989671,0.017273166723166523,456.0091383457184,0.003003054081571824,2.9355309009552,0.0005655721630104934,4.926346302032471,0.014156141311844695,6,0.5
0.10106810832224042,0.02899063786440265,0.04496194798734677,442.14795541763306,0.005007890128493121,3.0699992179870605,0.0007364033399956153,4.572390079498291,0.019759675647014523,7,0.5
0.09340139654085768,0.030634111387850528,0.03328436792217357,446.31754994392395,0.006410659159384309,2.4900593757629395,0.0006602595330155116,4.561009645462036,0.029816938326315785,8,0.5
0.08210444410839574,0.007397750372565485,0.007530157808358467,489.7261528968811,0.0032220909672775544,2.9298689365386963,0.0007530406746067087,4.240751504898071,0.012343905372277237,9,0.5
0.019933593672531204,0.014874048986932875,0.017107736556346113,461.82058930397034,0.002911841907670384,3.153611660003662,0.000639479895747815,5.916389465332031,0.015739901054164517,10,0.5
0.05768881232051406,0.018363989020557425,0.016163667515207383,463.40987610816956,0.00912153255619809,3.2778639793395996,0.0012114960523111026,5.561842441558838,0.015645041193155452,11,0.5
0.10071713781328051,0.023823591463962002,0.030970694193283032,468.3949897289276,0.004791779541463623,3.258683204650879,0.0006031705042604123,4.631455183029175,0.01671752634186833,12,0.5
0.0822164250135633,0.0216522064145476,0.04621829048654685,490.61423659324646,0.009821252416363663,2.874094009399414,0.0009343800078793114,5.067876815795898,0.028344310586659472,13,0.5
0.07167937227990247,0.03495962008909757,0.03781274224061248,445.93614983558655,0.010130157101902678,3.9754087924957275,0.0010915845525379941,5.293290138244629,0.0381065340601182,14,0.5
0.08570997215549936,0.014648205359728217,0.036243798345523374,471.0250086784363,0.012513034766578076,2.820328950881958,0.0009455189972307449,4.336753606796265,0.012440972071878194,15,0.5
0.045840035126182815,0.02076857154783119,0.012067897401063349,466.37714862823486,0.00983601338440782,2.6790027618408203,0.0014489335460824444,4.724372625350952,0.026877294686813945,16,0.5
0.09486068510277824,0.02189413776037748,0.030110721791908355,445.3327143192291,0.008769580816773039,2.3857171535491943,0.0012636918317196952,4.562134265899658,0.026859565977891825,17,0.5
0.06738269927131789,0.00978099124152192,0.009728404892511424,483.9288070201874,0.010771235897565087,2.9685025215148926,0.0010178070895332273,5.340870141983032,0.04219322165066478,18,0.5
0.04823139383991096,0.00903992468836395,0.009354469021511123,463.56977915763855,0.005014305169769504,2.848449945449829,0.0005452815983653585,4.171314239501953,0.009011994078757841,19,0.5
0.13311937291135925,0.056732035263374704,0.05732701907272801,464.38470244407654,0.004517890552595419,2.4820079803466797,0.0009662542356185819,7.190637826919556,0.015460358661822809,20,0.5
0.09221202989422055,0.009678880096132433,0.007827429617255936,477.8631896972656,0.006480028038793791,2.80639386177063,0.001515359626322756,4.420833349227905,0.037581906581401876,21,0.5
0.062184328717056606,0.009931683485164525,0.011588351030010801,459.8944833278656,0.0068656037765425625,3.9538774490356445,0.0022687152371075733,5.4035961627960205,0.018309595552928097,22,0.5
0.057913662228386696,0.0054970663128993975,0.006424048499162346,456.19805550575256,0.00968973699355891,2.9233362674713135,0.0012998706391738777,4.004218578338623,0.014444610262574186,23,0.5
0.024102497689974564,0.008638552931330364,0.011166683895819516,454.5302953720093,0.0024806205130916896,2.878685712814331,0.0005181895354973137,4.508278131484985,0.008570432614995472,24,0.5
0.030314305715473545,0.00690738708530246,0.009621947312310775,455.5655357837677,0.009474023752515218,4.625171184539795,0.003017915159093464,4.24514102935791,0.032401981649963066,25,0.5
0.05367586067238558,0.08063629999011614,0.0664214886854339,452.3736913204193,0.006656602256336136,3.081263303756714,0.0018611199351470042,5.539791107177734,0.02045464197524929,26,0.5
0.09684273033434052,0.014748339915900625,0.021414728657519862,445.2062563896179,0.005228681641901436,2.7666115760803223,0.00046383561479229434,5.6582841873168945,0.03485001375802552,27,0.5
0.07198516656015555,0.026992358000587354,0.012206283955977596,448.8739631175995,0.006151484234734259,3.718815803527832,0.0014001568452331728,5.74028205871582,0.031062914017465797,28,0.5
0.11457390454681435,0.01076055117772586,0.013520465396700248,453.1421353816986,0.002470389210293594,2.3370180130004883,0.0007118460093714677,4.081505060195923,0.01547882709169783,29,0.5
0.05999764773939705,0.02624170010377678,0.02496141938039378,406.489244222641,0.004976387184300061,2.9550981521606445,0.0016899185497263624,3.982534408569336,0.024208761985946542,0,1.0
0.05108963191148843,0.029661467045969857,0.025039631920688334,405.75396704673767,0.007308983997943039,2.5484800338745117,0.0009230986532974587,4.3471715450286865,0.01820667440507928,1,1.0
0.05366324599676331,0.017181582378543288,0.02059899096551501,400.67093229293823,0.009120933294456275,2.316343307495117,0.001362101346134631,4.11277174949646,0.009613258265080863,2,1.0
0.014034117199885,0.006484693853098511,0.006636342328776362,401.7493793964386,0.00714773543285927,2.116454839706421,0.0010417766312633375,3.8679072856903076,0.02329735817428527,3,1.0
0.030920351337288526,0.005975390678555673,0.005962860753252209,390.71553778648376,0.007365733098542245,2.9958600997924805,0.0017653309038780044,4.529905080795288,0.01072543600765686,4,1.0
0.03835801548895897,0.027228637083552342,0.05369478197108134,342.6402292251587,0.004758603614866704,3.1770381927490234,0.0011993458922727094,4.2738120555877686,0.0179414208357254,5,1.0
0.045331874474558845,0.005056803719303764,0.007691630179902787,392.4385666847229,0.003003054081571824,2.2870583534240723,0.0005655721630104934,4.083794116973877,0.014156141311844695,6,1.0
0.054460580425038284,0.015964916587949688,0.017734683470125818,395.06884026527405,0.005007890128493121,2.4169859886169434,0.0007364033399956153,4.017193078994751,0.019759675647014523,7,1.0
0.0497560884690065,0.016299519007615275,0.017694948288763352,338.7801444530487,0.006410659159384309,2.149963855743408,0.0006602595330155116,3.985456705093384,0.029816938326315785,8,1.0
0.06889056154530389,0.008968829240442778,0.00918449591821523,388.0050480365753,0.0032220909672775544,3.147834300994873,0.0007530406746067087,4.412450790405273,0.012343905372277237,9,1.0
0.005665401259303678,0.007531030037767716,0.0075011743122086255,389.8311126232147,0.002911841907670384,2.4544222354888916,0.000639479895747815,4.638263463973999,0.015739901054164517,10,1.0
0.04635613110204218,0.01584187716125236,0.014379755923583298,393.39715552330017,0.00912153255619809,2.7357959747314453,0.0012114960523111026,4.864753007888794,0.015645041193155452,11,1.0
0.07476438240689925,0.017700634692714746,0.01884333238326278,337.09908628463745,0.004791779541463623,2.363438606262207,0.0006031705042604123,3.861833333969116,0.01671752634186833,12,1.0
0.04306044348247366,0.02400666119145036,0.03622887883561966,388.1834478378296,0.009821252416363663,2.3694159984588623,0.0009343800078793114,5.134379625320435,0.028344310586659472,13,1.0
0.023078545136362878,0.004858239992991886,0.0026155078740200677,392.17097306251526,0.010130157101902678,2.7647817134857178,0.0010915845525379941,4.002499341964722,0.0381065340601182,14,1.0
0.04833041651592031,0.01434067929762457,0.02199821042694601,392.13009762763977,0.012513034766578076,2.522303819656372,0.0009455189972307449,3.6588995456695557,0.012440972071878194,15,1.0
0.032750989082603335,0.03288439072752625,0.04282974312347483,347.7972221374512,0.00983601338440782,2.137545585632324,0.0014489335460824444,3.7780401706695557,0.026877294686813945,16,1.0
0.057800707583861986,0.006144427469586552,0.007556865365583461,387.8004412651062,0.008769580816773039,2.5011653900146484,0.0012636918317196952,4.225017786026001,0.026859565977891825,17,1.0
0.04165751072108283,0.005615964499179235,0.005260567169957005,394.76490926742554,0.010771235897565087,2.273921489715576,0.0010178070895332273,4.091979265213013,0.04219322165066478,18,1.0
0.03131320765087882,0.004690393456938964,0.005135091623267114,394.02912306785583,0.005014305169769504,2.5854697227478027,0.0005452815983653585,3.7218358516693115,0.009011994078757841,19,1.0
0.10027819509613072,0.054789739236763155,0.05617883237459846,344.38087248802185,0.004517890552595419,2.239767074584961,0.0009662542356185819,4.019972324371338,0.015460358661822809,20,1.0
0.05975472009931808,0.009028642046838923,0.008063233942327101,386.20307183265686,0.006480028038793791,2.9270029067993164,0.001515359626322756,4.723844528198242,0.037581906581401876,21,1.0
0.03236102593549803,0.005095932497891457,0.00542980927237551,394.46767473220825,0.0068656037765425625,3.310307264328003,0.0022687152371075733,4.445071697235107,0.018309595552928097,22,1.0
0.03658511156905672,0.004594777091451604,0.004495731161590766,399.8864002227783,0.00968973699355891,2.3681211471557617,0.0012998706391738777,3.6687893867492676,0.014444610262574186,23,1.0
0.014891544464875704,0.005496886133629042,0.008219450640442908,348.4471323490143,0.0024806205130916896,2.3649020195007324,0.0005181895354973137,3.8552494049072266,0.008570432614995472,24,1.0
0.016935155965216324,0.007612644802355625,0.009413200959425988,385.81243324279785,0.009474023752515218,3.678565740585327,0.003017915159093464,4.389385223388672,0.032401981649963066,25,1.0
0.036961697067233075,0.05955336438302488,0.05573769110401247,390.5518012046814,0.006656602256336136,2.744314193725586,0.0018611199351470042,4.717595100402832,0.02045464197524929,26,1.0
0.07997253339491028,0.008701812755258736,0.012950083274409118,395.7248833179474,0.005228681641901436,2.5567798614501953,0.00046383561479229434,4.987983703613281,0.03485001375802552,27,1.0
0.06110766710533168,0.014380905528227373,0.012600184050815757,348.5303146839142,0.006151484234734259,2.4127259254455566,0.0014001568452331728,4.441986560821533,0.031062914017465797,28,1.0
0.10292243276421482,0.03415757904971854,0.03658185516395355,384.31095838546753,0.002470389210293594,2.770116090774536,0.0007118460093714677,4.280585765838623,0.01547882709169783,29,1.0
0.04682237792139893,0.01231280191184781,0.011501749335402264,391.57058095932007,0.004976387184300061,2.951075315475464,0.0016899185497263624,4.156648635864258,0.024208761985946542,0,2.0
0.02019026501437798,0.0227749252213989,0.02003599379555539,341.38365721702576,0.007308983997943039,2.171374797821045,0.0009230986532974587,3.746534585952759,0.01820667440507928,1,2.0
0.015575100037006536,0.010862434034839078,0.013102606617548102,392.6852581501007,0.009120933294456275,2.5213277339935303,0.001362101346134631,4.191725969314575,0.009613258265080863,2,2.0
0.009439422212313262,0.006494359288799282,0.007471976053501236,386.05777859687805,0.00714773543285927,2.3675222396850586,0.0010417766312633375,4.049104690551758,0.02329735817428527,3,2.0
0.0055595803242290956,0.01663762679218565,0.015853783439992383,342.4126682281494,0.007365733098542245,2.5403358936309814,0.0017653309038780044,3.9664227962493896,0.01072543600765686,4,2.0
0.032200759998014035,0.026855266569541358,0.051973233561577355,386.167272567749,0.004758603614866704,3.4609525203704834,0.0011993458922727094,4.761583089828491,0.0179414208357254,5,2.0
0.028655249122883936,0.0036771719548127193,0.004256437069526211,398.16219782829285,0.003003054081571824,2.5030486583709717,0.0005655721630104934,4.342954397201538,0.014156141311844695,6,2.0
0.04331112743149876,0.01456107952656469,0.014453064113253736,343.2348473072052,0.005007890128493121,2.1656336784362793,0.0007364033399956153,3.8409769535064697,0.019759675647014523,7,2.0
0.036214334928677275,0.009577127941155832,0.010138490363853399,383.5222496986389,0.006410659159384309,2.516247034072876,0.0006602595330155116,4.512084722518921,0.029816938326315785,8,2.0
0.04667940089042158,0.0071510975049075,0.006872651341937308,387.4776906967163,0.0032220909672775544,3.0056748390197754,0.0007530406746067087,4.208046197891235,0.012343905372277237,9,2.0
0.0017964045862733,0.006863251662727195,0.007198025435397274,391.36201906204224,0.002911841907670384,2.644602060317993,0.000639479895747815,4.8722898960113525,0.015739901054164517,10,2.0
0.021382759988213273,0.006639342343732491,0.00846514513734398,338.41081833839417,0.00912153255619809,2.3673300743103027,0.0012114960523111026,4.45013427734375,0.015645041193155452,11,2.0
0.04876932915765543,0.01590933720773786,0.015475365873883611,387.3360517024994,0.004791779541463623,2.63985276222229,0.0006031705042604123,4.4089648723602295,0.01671752634186833,12,2.0
0.03080174442973113,0.018572390482878096,0.026333233838511397,389.25229954719543,0.009821252416363663,2.308293104171753,0.0009343800078793114,4.74557900428772,0.028344310586659472,13,2.0
0.012873959658329562,0.0054625336784402435,0.002897409662708121,391.0427441596985,0.010130157101902678,3.0543131828308105,0.0010915845525379941,4.343106508255005,0.0381065340601182,14,2.0
0.0451200474526431,0.023329822600130886,0.0330618438688134,338.1943476200104,0.012513034766578076,2.224794387817383,0.0009455189972307449,3.24371600151062,0.012440972071878194,15,2.0
0.013563331428063305,0.020290362723437153,0.009491057316100822,383.4335255622864,0.00983601338440782,2.676347255706787,0.0014489335460824444,4.557767391204834,0.026877294686813945,16,2.0
0.04419224017105945,0.005129795359907141,0.005844225236398612,389.1183650493622,0.008769580816773039,2.3736681938171387,0.0012636918317196952,3.98844313621521,0.026859565977891825,17,2.0
0.043201913008810905,0.03439034636819031,0.040994858145134476,389.35726046562195,0.010771235897565087,2.364898920059204,0.0010178070895332273,4.385626792907715,0.04219322165066478,18,2.0
0.019302274806463883,0.004861866572537325,0.005681430671006965,337.73714303970337,0.005014305169769504,2.2878384590148926,0.0005452815983653585,3.4213812351226807,0.009011994078757841,19,2.0
0.08092783665976437,0.0350218825813035,0.05908006298121223,385.8671684265137,0.004517890552595419,2.612560987472534,0.0009662542356185819,4.705651521682739,0.015460358661822809,20,2.0
0.04092191657284274,0.0079322273846536,0.0071473566295112805,389.7201316356659,0.006480028038793791,2.7866227626800537,0.001515359626322756,4.43644118309021,0.037581906581401876,21,2.0
0.019218600569823774,0.005526456039985376,0.007450168007049696,390.3330283164978,0.0068656037765425625,3.419273614883423,0.0022687152371075733,4.5850396156311035,0.018309595552928097,22,2.0
0.010770816886075013,0.002730122802945985,0.0037258363339142393,337.440390586853,0.00968973699355891,2.022096633911133,0.0012998706391738777,3.1420915126800537,0.014444610262574186,23,2.0
0.013300416755912165,0.005289818886207875,0.006510900126803216,389.70701718330383,0.0024806205130916896,2.856677532196045,0.0005181895354973137,4.430099964141846,0.008570432614995472,24,2.0
0.008556654439195248,0.00511836488825741,0.007481181624747935,387.92859840393066,0.009474023752515218,3.421163320541382,0.003017915159093464,4.149433135986328,0.032401981649963066,25,2.0
0.028161772396869504,0.043773230686675234,0.03205439179212363,343.76192021369934,0.006656602256336136,2.429107427597046,0.0018611199351470042,4.3063788414001465,0.02045464197524929,26,2.0
0.06437944135436607,0.007610041851866526,0.007171120587252203,389.23342990875244,0.005228681641901436,2.5511269569396973,0.00046383561479229434,5.178644180297852,0.03485001375802552,27,2.0
0.034658970964585686,0.006364326817934196,0.006334903968184131,384.0169925689697,0.006151484234734259,3.0076794624328613,0.0014001568452331728,5.758110284805298,0.031062914017465797,28,2.0
0.07558451732383012,0.0060868168868453065,0.008524704314379279,387.5259232521057,0.002470389210293594,2.603602409362793,0.0007118460093714677,4.030019998550415,0.01547882709169783,29,2.0
0.01320132950034785,0.014743429143759678,0.011889612466729423,343.3185770511627,0.004976387184300061,2.6828014850616455,0.0016899185497263624,3.5302348136901855,0.024208761985946542,0,4.0
0.005737164164369649,0.006236521238006213,0.004002971594908103,388.0436797142029,0.007308983997943039,2.64265513420105,0.0009230986532974587,4.479413986206055,0.01820667440507928,1,4.0
0.003538784151424429,0.00981974310304353,0.01095586326183744,385.0985360145569,0.009120933294456275,2.68611478805542,0.001362101346134631,4.411258935928345,0.009613258265080863,2,4.0
0.0035861186361608177,0.005580553131071642,0.006378931123019334,338.86113572120667,0.00714773543285927,1.9949908256530762,0.0010417766312633375,3.3449079990386963,0.02329735817428527,3,4.0
0.0006541211223424141,0.015915341215056698,0.015012428822032967,387.36685514450073,0.007365733098542245,2.8050429821014404,0.0017653309038780044,4.329732179641724,0.01072543600765686,4,4.0
0.023934574249087494,0.025673143052818426,0.0510316255980471,389.2674894332886,0.004758603614866704,3.855186939239502,0.0011993458922727094,5.1369709968566895,0.0179414208357254,5,4.0
0.024226477963566674,0.003367638780347293,0.006069605339310092,387.9404284954071,0.003003054081571824,2.537327527999878,0.0005655721630104934,4.412162780761719,0.014156141311844695,6,4.0
0.016344036876880078,0.013163213157986216,0.012071726330638482,343.2510709762573,0.005007890128493121,2.2248222827911377,0.0007364033399956153,3.777672529220581,0.019759675647014523,7,4.0
0.034716424582171966,0.007060687327419757,0.0072094939463687585,388.94614839553833,0.006410659159384309,2.379042387008667,0.0006602595330155116,4.345828056335449,0.029816938326315785,8,4.0
0.03442273503212122,0.0062917849737949595,0.00561187569671475,390.14159059524536,0.0032220909672775544,3.188035011291504,0.0007530406746067087,4.506338119506836,0.012343905372277237,9,4.0
0.00012940439681311534,0.005251165275878441,0.00529855258259183,344.9617393016815,0.002911841907670384,2.428769588470459,0.000639479895747815,4.615767478942871,0.015739901054164517,10,4.0
0.0008257532939158282,0.0052770045799907924,0.006314086393104558,380.8960428237915,0.00912153255619809,2.6776514053344727,0.0012114960523111026,4.968021392822266,0.015645041193155452,11,4.0
0.03266515310471878,0.01666036043221364,0.016623030797117057,386.2258791923523,0.004791779541463623,2.4493308067321777,0.0006031705042604123,4.177518367767334,0.01671752634186833,12,4.0
0.01638386557658935,0.017886124806434034,0.025377096543042342,390.8764386177063,0.009821252416363663,2.4431674480438232,0.0009343800078793114,5.197192907333374,0.028344310586659472,13,4.0
0.0027658183952365377,0.010547418053562326,0.011593269126852558,343.07865142822266,0.010130157101902678,2.3773531913757324,0.0010915845525379941,3.4891788959503174,0.0381065340601182,14,4.0
0.029428191024042823,0.008338449563334774,0.008271562912034468,384.4464466571808,0.012513034766578076,2.6678614616394043,0.0009455189972307449,3.8173136711120605,0.012440972071878194,15,4.0
0.008593886250754459,0.01901951889595719,0.008024772511092852,385.2122411727905,0.00983601338440782,2.4896628856658936,0.0014489335460824444,4.337524890899658,0.026877294686813945,16,4.0
0.025744653245758385,0.005128770224722801,0.004140207123385074,389.81188702583313,0.008769580816773039,2.606468915939331,0.0012636918317196952,4.279451608657837,0.026859565977891825,17,4.0
0.023377641444695323,0.004789539072158259,0.00415736587943838,344.8619132041931,0.010771235897565087,1.9492504596710205,0.0010178070895332273,3.6821482181549072,0.04219322165066478,18,4.0
0.016754334020648236,0.003973547777149918,0.005477825910603089,384.8195526599884,0.005014305169769504,2.724453926086426,0.0005452815983653585,4.001447677612305,0.009011994078757841,19,4.0
0.04417016371587512,0.011333272984077929,0.014635115036351428,388.59969210624695,0.004517890552595419,2.450016975402832,0.0009662542356185819,4.485607862472534,0.015460358661822809,20,4.0
0.02963822318206554,0.007017724711706171,0.005784984495740669,384.3815641403198,0.006480028038793791,2.965803623199463,0.001515359626322756,4.7189154624938965,0.037581906581401876,21,4.0
0.004735469703392246,0.003825519535380536,0.004145965542308536,342.0281939506531,0.0068656037765425625,2.813110828399658,0.0022687152371075733,3.9468233585357666,0.018309595552928097,22,4.0
0.003597274600418697,0.0033851471938367056,0.004645263813826568,383.6278681755066,0.00968973699355891,2.420366048812866,0.0012998706391738777,3.713477373123169,0.014444610262574186,23,4.0
0.016653493112894678,0.005836462631223105,0.007877686936705602,387.4564883708954,0.0024806205130916896,2.7377665042877197,0.0005181895354973137,4.347248315811157,0.008570432614995472,24,4.0
0.0014539791481986085,0.004267847105043199,0.006329540669013543,343.05680108070374,0.009474023752515218,3.073040008544922,0.003017915159093464,3.6940271854400635,0.032401981649963066,25,4.0
0.013137276284441047,0.006883439165049069,0.0038463265443133003,390.2506515979767,0.006656602256336136,2.9747867584228516,0.0018611199351470042,5.126740217208862,0.02045464197524929,26,4.0
0.04870318477838376,0.0066704579221645854,0.007124527841337426,387.5455729961395,0.005228681641901436,2.7046306133270264,0.00046383561479229434,5.289139747619629,0.03485001375802552,27,4.0
0.023950099483817884,0.00568909466126056,0.004637415675672862,385.1712112426758,0.006151484234734259,2.9357011318206787,0.0014001568452331728,5.413870334625244,0.031062914017465797,28,4.0
0.030858990091653694,0.004372668674662195,0.007099149108601858,341.8406341075897,0.002470389210293594,2.2963945865631104,0.0007118460093714677,3.5198147296905518,0.01547882709169783,29,4.0
0.003373779618238966,0.010327491538606593,0.00873180674839208,387.97706174850464,0.004976387184300061,3.083226442337036,0.0016899185497263624,4.18822717666626,0.024208761985946542,0,8.0
0.0010624577772806528,0.005870733974088748,0.0031295274373296777,385.71955966949463,0.007308983997943039,2.5683469772338867,0.0009230986532974587,4.374932289123535,0.01820667440507928,1,8.0
0.0005732124564035675,0.00846851966918769,0.008531234195019525,388.10468316078186,0.009120933294456275,2.5137948989868164,0.001362101346134631,4.137465715408325,0.009613258265080863,2,8.0
0.0007409338364390469,0.005810381066178571,0.006411211990326299,340.36361145973206,0.00714773543285927,2.0062713623046875,0.0010417766312633375,3.4969611167907715,0.02329735817428527,3,8.0
6.955073302638559e-05,0.004174213784771689,0.0032129310700394977,386.8978416919708,0.007365733098542245,3.0063889026641846,0.0017653309038780044,4.527413845062256,0.01072543600765686,4,8.0
0.01787054339080721,0.006178142762925601,0.03628278857961117,385.1332666873932,0.004758603614866704,3.748230457305908,0.0011993458922727094,4.955044746398926,0.0179414208357254,5,8.0
0.01943058099977449,0.003101520500380343,0.0039398997050801325,341.33939957618713,0.003003054081571824,2.1031179428100586,0.0005655721630104934,3.785393238067627,0.014156141311844695,6,8.0
0.0019054117147640677,0.008733586918088291,0.006640107999144013,386.446843624115,0.005007890128493121,2.5160789489746094,0.0007364033399956153,4.119345664978027,0.019759675647014523,7,8.0
0.0321406773117955,0.007638049041854204,0.008127832815243154,387.7183270454407,0.006410659159384309,2.5387916564941406,0.0006602595330155116,4.639422416687012,0.029816938326315785,8,8.0
0.028250406673593943,0.005428797822026424,0.00484549417336016,386.96790289878845,0.0032220909672775544,3.1822280883789062,0.0007530406746067087,4.562368631362915,0.012343905372277237,9,8.0
6.0869727100356286e-05,0.004249353126814818,0.004699518498949142,340.91972517967224,0.002911841907670384,2.2305684089660645,0.000639479895747815,4.598414182662964,0.015739901054164517,10,8.0
0.0002916956705606192,0.0051619619232465535,0.005342364574871302,388.1153333187103,0.00912153255619809,2.64755916595459,0.0012114960523111026,4.897176027297974,0.015645041193155452,11,8.0
0.03139151919412107,0.014916489139989686,0.014345471380747373,387.78380584716797,0.004791779541463623,2.616346597671509,0.0006031705042604123,4.409671306610107,0.01671752634186833,12,8.0
0.007124663605519349,0.018945235600732097,0.01482295637066682,340.54900908470154,0.009821252416363663,1.9555022716522217,0.0009343800078793114,4.328195095062256,0.028344310586659472,13,8.0
0.00020174327432519453,0.004866945308918676,0.0034527017942526284,383.43391847610474,0.010130157101902678,2.8393514156341553,0.0010915845525379941,4.120686054229736,0.0381065340601182,14,8.0
0.02512764733360378,0.008489127222330957,0.007926213608230029,384.784588098526,0.012513034766578076,2.457627773284912,0.0009455189972307449,3.676440477371216,0.012440972071878194,15,8.0
0.00014951462622223762,0.006173763154613902,0.00449562894185975,391.24200105667114,0.00983601338440782,2.6960699558258057,0.0014489335460824444,4.536839246749878,0.026877294686813945,16,8.0
0.01407593313137818,0.0046879526428550864,0.005255774960588601,342.8961684703827,0.008769580816773039,2.1213266849517822,0.0012636918317196952,3.7047574520111084,0.026859565977891825,17,8.0
0.009349151446679593,0.00444276947532678,0.0033068977550976078,385.2605016231537,0.010771235897565087,2.3520631790161133,0.0010178070895332273,4.29004168510437,0.04219322165066478,18,8.0
0.012835578171227116,0.0031602751747963564,0.00394251678237412,386.70851969718933,0.005014305169769504,2.6115036010742188,0.0005452815983653585,3.810417413711548,0.009011994078757841,19,8.0
0.03049289777051673,0.011279460438435402,0.014354109985260755,384.7264127731323,0.004517890552595419,2.6887526512145996,0.0009662542356185819,4.7607526779174805,0.015460358661822809,20,8.0
0.026676736062391904,0.00678958887103381,0.00503274679973485,339.2523956298828,0.006480028038793791,2.713282346725464,0.001515359626322756,4.060290813446045,0.037581906581401876,21,8.0
0.0007758876044719218,0.0027352907905805615,0.002831064028710739,385.51258182525635,0.0068656037765425625,3.3994486331939697,0.0022687152371075733,4.608636379241943,0.018309595552928097,22,8.0
0.000507930196219856,0.0021970721520572,0.002421133564111706,388.9723243713379,0.00968973699355891,2.369370222091675,0.0012998706391738777,3.605550765991211,0.014444610262574186,23,8.0
0.004979732826455479,0.004754803780728115,0.005292223729565203,384.0702917575836,0.0024806205130916896,2.8202126026153564,0.0005181895354973137,4.477598190307617,0.008570432614995472,24,8.0
0.0004789205397566368,0.004065221066305869,0.005426247528151851,340.0297529697418,0.009474023752515218,2.9586498737335205,0.003017915159093464,3.588698625564575,0.032401981649963066,25,8.0
0.005562561654369897,0.010642319178962693,0.008971086501316653,386.54721450805664,0.006656602256336136,2.8722445964813232,0.0018611199351470042,5.146142244338989,0.02045464197524929,26,8.0
0.03642106537009663,0.0069211589823089245,0.003854170211907672,388.38552045822144,0.005228681641901436,2.5846543312072754,0.00046383561479229434,5.041301250457764,0.03485001375802552,27,8.0
0.005979785583827403,0.005531042637974726,0.004177249384453935,341.81550788879395,0.006151484234734259,2.4630651473999023,0.0014001568452331728,4.6130828857421875,0.031062914017465797,28,8.0
0.008076764633452537,0.0029361249409807296,0.0053657692445904515,387.45644307136536,0.002470389210293594,2.8177402019500732,0.0007118460093714677,4.221118211746216,0.01547882709169783,29,8.0
0.00015332490268697984,0.00825307525578558,0.005335108040572195,382.87178564071655,0.004976387184300061,2.9707465171813965,0.0016899185497263624,4.251611948013306,0.024208761985946542,0,16.0
0.011645177680797942,0.007251761457341521,0.03199911319318846,386.93095564842224,0.007308983997943039,2.4562294483184814,0.0009230986532974587,4.174861907958984,0.01820667440507928,1,16.0
0.001526830623705507,0.01519212678681107,0.025834999052621817,340.0492272377014,0.009120933294456275,2.1722137928009033,0.001362101346134631,3.7132153511047363,0.009613258265080863,2,16.0
5.911515365046673e-05,0.00498850529322481,0.00787310575148615,392.0815849304199,0.00714773543285927,2.367583990097046,0.0010417766312633375,3.943586587905884,0.02329735817428527,3,16.0
3.259494701775186e-05,0.00504151118616855,0.0038488608760515897,387.62930178642273,0.007365733098542245,3.0974645614624023,0.0017653309038780044,4.632472991943359,0.01072543600765686,4,16.0
0.009113597368758315,0.006470758570817981,0.0361148690536911,382.6270775794983,0.004758603614866704,3.52811598777771,0.0011993458922727094,4.7888829708099365,0.0179414208357254,5,16.0
0.00745825081284929,0.0030318910818596316,0.004056473906208396,342.70343017578125,0.003003054081571824,2.108642339706421,0.0005655721630104934,3.8398258686065674,0.014156141311844695,6,16.0
0.00024316598037821637,0.008594910959537372,0.006636429864834811,390.48475980758667,0.005007890128493121,2.64998197555542,0.0007364033399956153,4.483573913574219,0.019759675647014523,7,16.0
0.008971813972646027,0.011469385009215032,0.02374973742251353,380.6296284198761,0.006410659159384309,2.582484722137451,0.0006602595330155116,4.6188881397247314,0.029816938326315785,8,16.0
0.024538367515949778,0.0049747696258401,0.004803771279768937,338.72014331817627,0.0032220909672775544,2.627166748046875,0.0007530406746067087,3.7332682609558105,0.012343905372277237,9,16.0
4.7055140739045895e-05,0.004110295606393858,0.004777893552937872,407.6184878349304,0.002911841907670384,2.6511943340301514,0.000639479895747815,4.951673269271851,0.015739901054164517,10,16.0
0.007778203691641811,0.019658219325138376,0.013194522686446575,387.2175450325012,0.00912153255619809,2.8608577251434326,0.0012114960523111026,5.150463819503784,0.015645041193155452,11,16.0
0.030661218743849084,0.00953203768256284,0.029314341585191743,334.6083405017853,0.004791779541463623,2.227532148361206,0.0006031705042604123,3.7532153129577637,0.01671752634186833,12,16.0
0.011306448741676054,0.013930356748855883,0.03833914620332699,385.442414522171,0.009821252416363663,2.3376944065093994,0.0009343800078793114,5.141922950744629,0.028344310586659472,13,16.0
0.011592368221819178,0.015227335114345649,0.026675724744875416,388.2083830833435,0.010130157101902678,2.926798105239868,0.0010915845525379941,4.257994651794434,0.0381065340601182,14,16.0
0.03128944992063838,0.022434509291478076,0.026136445258593443,384.73280000686646,0.012513034766578076,2.6967217922210693,0.0009455189972307449,3.937997579574585,0.012440972071878194,15,16.0
6.540086949585558e-05,0.0060233797328387885,0.003679650483193517,336.6999304294586,0.00983601338440782,2.3135528564453125,0.0014489335460824444,3.7445220947265625,0.026877294686813945,16,16.0
0.003379006850821779,0.020201743925087192,0.019654371244821854,383.8326437473297,0.008769580816773039,2.476435661315918,0.0012636918317196952,4.220923900604248,0.026859565977891825,17,16.0
0.009649400284552091,0.015657969026584014,0.032437765176387405,384.63425278663635,0.010771235897565087,2.3762872219085693,0.0010178070895332273,4.382572412490845,0.04219322165066478,18,16.0
0.0006570925030335757,0.0028924560343314143,0.0042068769340997455,383.1984603404999,0.005014305169769504,2.7187581062316895,0.0005452815983653585,3.9578607082366943,0.009011994078757841,19,16.0
0.007050418948305213,0.030181651154305954,0.020433398617070678,341.5409469604492,0.004517890552595419,2.1666319370269775,0.0009662542356185819,3.9195785522460938,0.015460358661822809,20,16.0
0.02226521178042085,0.006850361503757499,0.004755398603844828,385.80286407470703,0.006480028038793791,2.9539902210235596,0.001515359626322756,4.600728273391724,0.037581906581401876,21,16.0
0.005015876257546209,0.013584741414320518,0.03605824858527043,387.47114992141724,0.0068656037765425625,3.445941209793091,0.0022687152371075733,4.633689880371094,0.018309595552928097,22,16.0
0.007185932957384312,0.014006382147872287,0.02960703240692318,386.8066725730896,0.00968973699355891,2.466695547103882,0.0012998706391738777,3.661135673522949,0.014444610262574186,23,16.0
0.0001067312558960809,0.004773028888437788,0.006270123038040804,333.58939909935,0.0024806205130916896,2.306046724319458,0.0005181895354973137,3.8693058490753174,0.008570432614995472,24,16.0
0.009648212385347386,0.0094856457199592,0.015383647420791867,388.41039061546326,0.009474023752515218,3.510263442993164,0.003017915159093464,4.376896381378174,0.032401981649963066,25,16.0
0.0003421922115291631,0.005931097696375801,0.0024325885777676617,384.462411403656,0.006656602256336136,2.9353513717651367,0.0018611199351470042,5.078996181488037,0.02045464197524929,26,16.0
0.04317763755146816,0.026507783553331447,0.024185587028745473,335.8843619823456,0.005228681641901436,2.2341456413269043,0.00046383561479229434,4.495489835739136,0.03485001375802552,27,16.0
0.0004763251778336641,0.011371341059172264,0.010445728503542853,388.5234043598175,0.006151484234734259,3.052532434463501,0.0014001568452331728,5.64149284362793,0.031062914017465797,28,16.0
0.0022841205233222026,0.007563145065187271,0.01015459673246539,386.2959420681,0.002470389210293594,2.8390161991119385,0.0007118460093714677,4.320820331573486,0.01547882709169783,29,16.0
4.392787553848161e-05,0.008312306683291673,0.005372774800170761,385.4129400253296,0.004976387184300061,3.062269926071167,0.0016899185497263624,4.290660619735718,0.024208761985946542,0,32.0
0.01149544998640203,0.0075199600169171855,0.031007194652998334,342.0111291408539,0.007308983997943039,2.2026073932647705,0.0009230986532974587,3.6652626991271973,0.01820667440507928,1,32.0
0.002740000590397516,0.027177461133340446,0.02103067407984689,392.673455953598,0.009120933294456275,2.6654465198516846,0.001362101346134631,4.415289640426636,0.009613258265080863,2,32.0
3.221847847003633e-05,0.005463008193482999,0.006036343449122286,388.3706657886505,0.00714773543285927,2.352238655090332,0.0010417766312633375,4.051165819168091,0.02329735817428527,3,32.0
0.003180657179719013,0.05001891792323333,0.021463068247700445,364.1323254108429,0.007365733098542245,2.510347604751587,0.0017653309038780044,3.7969112396240234,0.01072543600765686,4,32.0
0.006277497910004025,0.005489169209132575,0.03565597989072346,382.40143752098083,0.004758603614866704,3.738778591156006,0.0011993458922727094,5.043752908706665,0.0179414208357254,5,32.0
0.0002056353224083947,0.0029092999309463814,0.003872752606174483,386.01480531692505,0.003003054081571824,2.507336139678955,0.0005655721630104934,4.407888412475586,0.014156141311844695,6,32.0
4.6900531540367e-05,0.008832038818640031,0.0073992228784441364,384.23154616355896,0.005007890128493121,2.6481235027313232,0.0007364033399956153,4.43613076210022,0.019759675647014523,7,32.0
0.0005314193518897077,0.006618316824649062,0.006920147431393932,339.0176115036011,0.006410659159384309,2.1319899559020996,0.0006602595330155116,3.877779722213745,0.029816938326315785,8,32.0
0.010359808905679009,0.005300035315834184,0.00468217064502162,384.93107867240906,0.0032220909672775544,3.1440017223358154,0.0007530406746067087,4.474242448806763,0.012343905372277237,9,32.0
4.596224661146953e-05,0.0060226318255129545,0.0042197064727996746,383.0124080181122,0.002911841907670384,2.5466198921203613,0.000639479895747815,4.732667922973633,0.015739901054164517,10,32.0
3.332328843460205e-05,0.0049180477244413845,0.005581485241145279,388.6925253868103,0.00912153255619809,2.795361042022705,0.0012114960523111026,5.160447597503662,0.015645041193155452,11,32.0
0.03347926429649973,0.023893298186044198,0.03673488461972634,347.7934892177582,0.004791779541463623,2.248128890991211,0.0006031705042604123,3.7115817070007324,0.01671752634186833,12,32.0
3.5962779595484955e-05,0.004974709302920847,0.003544533358048774,390.53568840026855,0.009821252416363663,2.3888466358184814,0.0009343800078793114,5.144035816192627,0.028344310586659472,13,32.0
4.627442901711243e-05,0.004305280184156613,0.0018847772339822334,426.37275528907776,0.010130157101902678,2.9872686862945557,0.0010915845525379941,4.27060341835022,0.0381065340601182,14,32.0
0.022149084024647707,0.007552311264852999,0.006989713801133936,338.8844504356384,0.012513034766578076,2.254324197769165,0.0009455189972307449,3.297010660171509,0.012440972071878194,15,32.0
0.006539498260379824,0.03557379040032113,0.012819644129189837,393.05402541160583,0.00983601338440782,2.570110321044922,0.0014489335460824444,4.425689220428467,0.026877294686813945,16,32.0
0.0006086938303857702,0.004453109234997325,0.0038637877172505177,387.5089428424835,0.008769580816773039,2.6013152599334717,0.0012636918317196952,4.198115825653076,0.026859565977891825,17,32.0
0.010486394152912124,0.01209038898340371,0.03023650246847722,387.6591956615448,0.010771235897565087,2.355926275253296,0.0010178070895332273,4.40282940864563,0.04219322165066478,18,32.0
7.921771283721699e-05,0.0027832644297818955,0.0037737521002741106,341.0591788291931,0.005014305169769504,2.419764280319214,0.0005452815983653585,3.533845901489258,0.009011994078757841,19,32.0
0.0009646663502287246,0.0071476943207047896,0.005443153037021467,385.01952505111694,0.004517890552595419,2.61922287940979,0.0009662542356185819,4.768183469772339,0.015460358661822809,20,32.0
0.006818971333003141,0.005813257495194857,0.004339978831673265,391.6659200191498,0.006480028038793791,3.176443338394165,0.001515359626322756,5.1271233558654785,0.037581906581401876,21,32.0
3.574762253495216e-05,0.002481896852291358,0.002776592845771764,423.7880644798279,0.0068656037765425625,4.73161768913269,0.0022687152371075733,4.788444995880127,0.018309595552928097,22,32.0
4.284213990999319e-05,0.0034045565735343047,0.0027277274996624886,397.0641665458679,0.00968973699355891,2.5461630821228027,0.0012998706391738777,3.9828009605407715,0.014444610262574186,23,32.0
4.0148036196189596e-05,0.0045022728984527825,0.007091524925220832,453.5217056274414,0.0024806205130916896,3.3604846000671387,0.0005181895354973137,5.2865073680877686,0.008570432614995472,24,32.0
0.01194860168276481,0.010015586440348301,0.016393075278747324,486.06384921073914,0.009474023752515218,4.323663711547852,0.003017915159093464,4.791475296020508,0.032401981649963066,25,32.0
5.3247536817609584e-05,0.005764330361547169,0.002220687308439128,434.3093798160553,0.006656602256336136,4.269506931304932,0.0018611199351470042,6.313960075378418,0.02045464197524929,26,32.0
0.03246900500765887,0.006753571070620527,0.003502650489885818,469.9591908454895,0.005228681641901436,2.8441872596740723,0.00046383561479229434,5.650538682937622,0.03485001375802552,27,32.0
5.2504905674296176e-05,0.0044985440113554835,0.002536360100426982,453.43264842033386,0.006151484234734259,3.601475954055786,0.0014001568452331728,6.465164661407471,0.031062914017465797,28,32.0
0.00040128903651179086,0.0028884867630761886,0.004171176326065123,448.11710238456726,0.002470389210293594,3.2227046489715576,0.0007118460093714677,4.920729160308838,0.01547882709169783,29,32.0
3.353089032758401e-05,0.008453134074747896,0.004432734550034964,474.4324028491974,0.004976387184300061,3.3438870906829834,0.0016899185497263624,4.758271932601929,0.024208761985946542,0,64.0
0.0006123244670566224,0.035151987600914134,0.00578969144259116,466.6085705757141,0.007308983997943039,2.7169322967529297,0.0009230986532974587,4.6367268562316895,0.01820667440507928,1,64.0
4.1710118394187404e-05,0.0037221589419253946,0.004476706752609114,527.3257186412811,0.009120933294456275,2.9013097286224365,0.001362101346134631,4.738426208496094,0.009613258265080863,2,64.0
3.295944429511643e-05,0.0055855797100091255,0.007104011271723786,345.2468464374542,0.00714773543285927,2.916421890258789,0.0010417766312633375,4.710623741149902,0.02329735817428527,3,64.0
3.203523821144749e-05,0.005117909241489626,0.004067575367019948,472.2642831802368,0.007365733098542245,3.4468345642089844,0.0017653309038780044,5.323412656784058,0.01072543600765686,4,64.0
0.014526034810786858,0.004295135961317861,0.005452516676909375,445.9308121204376,0.004758603614866704,4.246709108352661,0.0011993458922727094,5.4202775955200195,0.0179414208357254,5,64.0
4.271216277560996e-05,0.0016793218406045084,0.0023993825008842293,446.44121408462524,0.003003054081571824,2.8951025009155273,0.0005655721630104934,5.121431350708008,0.014156141311844695,6,64.0
4.207109025953781e-05,0.009367686260207038,0.007907988411331692,450.3868360519409,0.005007890128493121,2.796225070953369,0.0007364033399956153,4.638286590576172,0.019759675647014523,7,64.0
4.862040136797326e-05,0.006827368007256888,0.009093759317225539,439.5316336154938,0.006410659159384309,2.963808298110962,0.0006602595330155116,5.211979150772095,0.029816938326315785,8,64.0
0.00046593754833465886,0.004010970144525909,0.0037371574342441494,437.606342792511,0.0032220909672775544,3.369960308074951,0.0007530406746067087,4.759488582611084,0.012343905372277237,9,64.0
4.5958074528460825e-05,0.004841739567869885,0.003150206097023429,369.5804431438446,0.002911841907670384,2.6345114707946777,0.000639479895747815,4.894026279449463,0.015739901054164517,10,64.0
3.357125351215647e-05,0.005229356328457454,0.005529208820208192,481.38522934913635,0.00912153255619809,3.3132574558258057,0.0012114960523111026,6.17927360534668,0.015645041193155452,11,64.0
0.0317200503838959,0.007581308733875977,0.005562308214594327,445.0873930454254,0.004791779541463623,3.047302722930908,0.0006031705042604123,5.1988606452941895,0.01671752634186833,12,64.0
2.9557821761709114e-05,0.0037264971907251016,0.004688916089089074,449.84218978881836,0.009821252416363663,2.5046393871307373,0.0009343800078793114,5.332846641540527,0.028344310586659472,13,64.0
4.660638855642311e-05,0.0018521750806560267,0.0022541713106438055,492.45956921577454,0.010130157101902678,3.426699638366699,0.0010915845525379941,4.9600324630737305,0.0381065340601182,14,64.0
0.006848840349667626,0.004648522983509018,0.0054045365652377365,446.8506643772125,0.012513034766578076,2.8278844356536865,0.0009455189972307449,4.126794338226318,0.012440972071878194,15,64.0
0.010645288013808272,0.01216268100766255,0.012903234489869377,313.18852949142456,0.00983601338440782,2.8611066341400146,0.0014489335460824444,4.847023010253906,0.026877294686813945,16,64.0
0.004913510439207984,0.014391258278849876,0.030025219752130097,452.2227351665497,0.008769580816773039,2.9405980110168457,0.0012636918317196952,4.87883734703064,0.026859565977891825,17,64.0
5.220823109757798e-05,0.004442149569876378,0.0032757724043934564,454.1156871318817,0.010771235897565087,2.5646631717681885,0.0010178070895332273,5.041315078735352,0.04219322165066478,18,64.0
3.330410184709254e-05,0.003006619181510713,0.0022991131186598643,451.5363676548004,0.005014305169769504,2.891213893890381,0.0005452815983653585,4.420679569244385,0.009011994078757841,19,64.0
0.0020677423435179255,0.029105546028126397,0.01982743192211013,445.4181787967682,0.004517890552595419,2.8682053089141846,0.0009662542356185819,4.966307640075684,0.015460358661822809,20,64.0
0.0003259356920263967,0.005221432926185532,0.004510226870579031,445.0891411304474,0.006480028038793791,3.448296070098877,0.001515359626322756,5.396620035171509,0.037581906581401876,21,64.0
3.8285049500650734e-05,0.002803046152155149,0.003133314421618001,467.1589527130127,0.0068656037765425625,4.094344854354858,0.0022687152371075733,5.306733846664429,0.018309595552928097,22,64.0
0.003066941253290458,0.006307163013262247,0.01808585402422941,465.7586495876312,0.00968973699355891,2.6136655807495117,0.0012998706391738777,3.9603383541107178,0.014444610262574186,23,64.0
0.001273866876053849,0.011845221765655212,0.018691617935177218,465.42207622528076,0.0024806205130916896,2.987527370452881,0.0005181895354973137,4.941696405410767,0.008570432614995472,24,64.0
0.009792058594297054,0.009772132144908952,0.018332834061330086,524.4531941413879,0.009474023752515218,4.217214107513428,0.003017915159093464,5.265498161315918,0.032401981649963066,25,64.0
3.950614439646912e-05,0.006317360222335303,0.0025351438756247967,478.96733689308167,0.006656602256336136,3.450669527053833,0.0018611199351470042,5.499462127685547,0.02045464197524929,26,64.0
0.03088403942569004,0.0063190006997874285,0.0030898259810754132,482.05437707901,0.005228681641901436,2.9037671089172363,0.00046383561479229434,5.620110988616943,0.03485001375802552,27,64.0
3.572967888348007e-05,0.0038401840567377165,0.003488454820294638,469.11156940460205,0.006151484234734259,3.186187505722046,0.0014001568452331728,6.330371141433716,0.031062914017465797,28,64.0
3.695000553223249e-05,0.0019005181372775404,0.004358075767542246,465.3351786136627,0.002470389210293594,3.2362475395202637,0.0007118460093714677,4.977713346481323,0.01547882709169783,29,64.0
3.390693453046618e-05,0.008232246340519644,0.007072135529739696,492.39335560798645,0.004976387184300061,3.5630972385406494,0.0016899185497263624,4.85014796257019,0.024208761985946542,0,128.0
3.976765384720027e-05,0.004393193092445753,0.002731697542718535,391.86489057540894,0.007308983997943039,3.137568950653076,0.0009230986532974587,4.827306509017944,0.01820667440507928,1,128.0
4.252487339589569e-05,0.003523408374474572,0.0038145793361736525,385.710661649704,0.009120933294456275,2.5585150718688965,0.001362101346134631,4.362059116363525,0.009613258265080863,2,128.0
3.246777287519061e-05,0.0038651824293024642,0.004786035138764631,445.7612431049347,0.00714773543285927,2.492854118347168,0.0010417766312633375,4.126586675643921,0.02329735817428527,3,128.0
0.0012152098067181945,0.02385854154574592,0.01733922145967559,270.83213233947754,0.007365733098542245,4.015960931777954,0.0017653309038780044,5.1157708168029785,0.01072543600765686,4,128.0
0.005225586599536936,0.00417356304717984,0.0065527710900442045,457.0906858444214,0.004758603614866704,4.613080978393555,0.0011993458922727094,5.969460725784302,0.0179414208357254,5,128.0
3.03111503942873e-05,0.0010533466693283108,0.0033698866418160308,505.3559446334839,0.003003054081571824,2.876612901687622,0.0005655721630104934,4.919534921646118,0.014156141311844695,6,128.0
4.120462469108244e-05,0.007935330593431189,0.005556308445538336,459.1762664318085,0.005007890128493121,3.1483306884765625,0.0007364033399956153,4.959308624267578,0.019759675647014523,7,128.0
4.2172415869777094e-05,0.005703078551906837,0.006756986297569928,444.1240870952606,0.006410659159384309,2.7844879627227783,0.0006602595330155116,4.847228765487671,0.029816938326315785,8,128.0
4.172731590273796e-05,0.00497790319177894,0.006141845568367638,452.1687090396881,0.0032220909672775544,3.7485005855560303,0.0007530406746067087,5.2014851570129395,0.012343905372277237,9,128.0
4.516081741513153e-05,0.003947857417530143,0.003217340647448617,270.2398476600647,0.002911841907670384,2.751429557800293,0.000639479895747815,5.0484466552734375,0.015739901054164517,10,128.0
3.3153386970348945e-05,0.004387581422182689,0.004132805333502164,497.0160677433014,0.00912153255619809,2.988816976547241,0.0012114960523111026,5.686400890350342,0.015645041193155452,11,128.0
0.025728613555759235,0.007744352287004482,0.0050189321187270475,451.9198474884033,0.004791779541463623,3.2468717098236084,0.0006031705042604123,5.196266174316406,0.01671752634186833,12,128.0
3.0012457620896367e-05,0.004980067036266759,0.005738045792263851,510.4594392776489,0.009821252416363663,3.5122456550598145,0.0009343800078793114,5.50855016708374,0.028344310586659472,13,128.0
4.7064889027799886e-05,0.0033336335981505242,0.0029667922147732654,396.2089307308197,0.010130157101902678,3.0397226810455322,0.0010915845525379941,4.3475987911224365,0.0381065340601182,14,128.0
0.0002776347632966655,0.004079075599512956,0.0032704983383739098,467.5273640155792,0.012513034766578076,3.808433771133423,0.0009455189972307449,3.9892771244049072,0.012440972071878194,15,128.0
5.223406108375757e-05,0.00447543500080978,0.002771269662688883,446.9896311759949,0.00983601338440782,3.6006174087524414,0.0014489335460824444,5.333356618881226,0.026877294686813945,16,128.0
4.768091767694549e-05,0.0024327439337438863,0.0032579100082212853,473.8121383190155,0.008769580816773039,2.8475325107574463,0.0012636918317196952,4.607220888137817,0.026859565977891825,17,128.0
5.064435081502857e-05,0.004312142352822979,0.0028019635438304475,472.60197353363037,0.010771235897565087,3.1181023120880127,0.0010178070895332273,5.197111368179321,0.04219322165066478,18,128.0
3.4978709802759486e-05,0.002565490594587653,0.002241769325976108,478.32192730903625,0.005014305169769504,2.8986191749572754,0.0005452815983653585,4.065031051635742,0.009011994078757841,19,128.0
0.001947230244122803,0.02804772745283853,0.020738967520931097,446.8765912055969,0.004517890552595419,2.9862470626831055,0.0009662542356185819,5.331992864608765,0.015460358661822809,20,128.0
3.622476087539554e-05,0.005108771793849046,0.002976239516417228,456.1378939151764,0.006480028038793791,3.2294743061065674,0.001515359626322756,5.170143127441406,0.037581906581401876,21,128.0
3.8064946810404764e-05,0.001813840795353309,0.0033873614281029465,362.04804253578186,0.0068656037765425625,4.4953272342681885,0.0022687152371075733,4.7089056968688965,0.018309595552928097,22,128.0
0.0030495254844939983,0.005562009538319897,0.017550369756944125,220.73561358451843,0.00968973699355891,2.857426881790161,0.0012998706391738777,4.214782476425171,0.014444610262574186,23,128.0
0.005559539971490755,0.032068655381852246,0.017666506447238994,373.17844247817993,0.0024806205130916896,4.1353466510772705,0.0005181895354973137,6.2946083545684814,0.008570432614995472,24,128.0
0.008507605587138707,0.02200040328655007,0.024307485514487494,471.311341047287,0.009474023752515218,4.549476623535156,0.003017915159093464,4.9527106285095215,0.032401981649963066,25,128.0
3.9006334372628414e-05,0.004347183134815931,0.0017110967128972229,461.46164727211,0.006656602256336136,3.3554537296295166,0.0018611199351470042,5.385863542556763,0.02045464197524929,26,128.0
0.03124590597529391,0.005550023088734409,0.004410177711398243,463.85141134262085,0.005228681641901436,3.492074489593506,0.00046383561479229434,6.000012159347534,0.03485001375802552,27,128.0
3.4756635403511894e-05,0.004907334813729617,0.005062750291006124,488.3787884712219,0.006151484234734259,4.2328736782073975,0.0014001568452331728,7.068748712539673,0.031062914017465797,28,128.0
3.5589759009722424e-05,0.001817045538648602,0.0026572938461084383,448.684996843338,0.002470389210293594,2.7997238636016846,0.0007118460093714677,4.28188419342041,0.01547882709169783,29,128.0
3.485558969683056e-05,0.00340495195918753,0.005123878271396541,340.3587486743927,0.004976387184300061,3.1675243377685547,0.0016899185497263624,4.452599763870239,0.024208761985946542,0,256.0
0.004117511440757308,0.02912566403037796,0.005127028842223745,310.8734633922577,0.007308983997943039,2.4424123764038086,0.0009230986532974587,4.2716064453125,0.01820667440507928,1,256.0
4.251862904995351e-05,0.004875543634057148,0.005374043763268238,266.05721974372864,0.009120933294456275,2.8222198486328125,0.001362101346134631,5.4489288330078125,0.009613258265080863,2,256.0
3.2193757437741036e-05,0.0032673643227777143,0.004694547739501767,190.09939694404602,0.00714773543285927,2.5455496311187744,0.0010417766312633375,4.181129217147827,0.02329735817428527,3,256.0
0.0030538306255797195,0.006415360182242069,0.006094743446283019,215.5919153690338,0.007365733098542245,3.037132501602173,0.0017653309038780044,4.437310457229614,0.01072543600765686,4,256.0
6.146837939110343e-05,0.00262888974923318,0.004713852171533181,439.43733310699463,0.004758603614866704,4.425377607345581,0.0011993458922727094,5.982385873794556,0.0179414208357254,5,256.0
3.069690584247368e-05,0.001626071840094297,0.004203507264044452,505.3326196670532,0.003003054081571824,3.3470499515533447,0.0005655721630104934,5.558269262313843,0.014156141311844695,6,256.0
4.211977187975798e-05,0.0077356663315259295,0.005567339856939284,453.31863617897034,0.005007890128493121,3.0665502548217773,0.0007364033399956153,4.8820741176605225,0.019759675647014523,7,256.0
4.232290958087563e-05,0.004771149536598533,0.0046813148103966576,454.56730246543884,0.006410659159384309,2.477627754211426,0.0006602595330155116,5.096079349517822,0.029816938326315785,8,256.0
3.980279239986229e-05,0.004328813188623148,0.003805295749208125,469.6774003505707,0.0032220909672775544,3.0463061332702637,0.0007530406746067087,4.172034025192261,0.012343905372277237,9,256.0
4.518119661663009e-05,0.004030167678750255,0.004021924253982114,261.46919083595276,0.002911841907670384,2.4667065143585205,0.000639479895747815,4.672680616378784,0.015739901054164517,10,256.0
3.309351040488943e-05,0.00477165581084266,0.004274770004450507,231.6632375717163,0.00912153255619809,2.8886098861694336,0.0012114960523111026,5.352561712265015,0.015645041193155452,11,256.0
0.014841256383671106,0.004396084404374749,0.003751828348253566,413.2314682006836,0.004791779541463623,2.6913321018218994,0.0006031705042604123,4.489186763763428,0.01671752634186833,12,256.0
3.0141361233817125e-05,0.0030823243430861957,0.0031096723005060944,251.84082007408142,0.009821252416363663,2.032811164855957,0.0009343800078793114,4.333837032318115,0.028344310586659472,13,256.0
4.618429708454682e-05,0.003284660112966642,0.003303982171812656,261.1422989368439,0.010130157101902678,2.865569591522217,0.0010915845525379941,4.049261093139648,0.0381065340601182,14,256.0
3.898374110060479e-05,0.004064649711865857,0.003733869131013422,373.2199819087982,0.012513034766578076,2.566868543624878,0.0009455189972307449,3.753418445587158,0.012440972071878194,15,256.0
0.010031676633976316,0.007946662904649434,0.004968279012687568,240.7093629837036,0.00983601338440782,2.4569575786590576,0.0014489335460824444,4.239053249359131,0.026877294686813945,16,256.0
4.7803538079449476e-05,0.0028967884372059845,0.003510064099249554,335.33679032325745,0.008769580816773039,2.3605237007141113,0.0012636918317196952,3.912503719329834,0.026859565977891825,17,256.0
4.8756480823625156e-05,0.002900461026874623,0.0024972285687214187,379.6539988517761,0.010771235897565087,2.3034141063690186,0.0010178070895332273,4.200377464294434,0.04219322165066478,18,256.0
3.4145171398652926e-05,0.00274187033942254,0.002894063312217261,301.3652563095093,0.005014305169769504,2.5438432693481445,0.0005452815983653585,3.684288740158081,0.009011994078757841,19,256.0
0.0023584150591989704,0.01242054668787924,0.024059448852136546,372.4328258037567,0.004517890552595419,2.4001271724700928,0.0009662542356185819,4.386193752288818,0.015460358661822809,20,256.0
3.2622276088708116e-05,0.004146769380498872,0.002507105627148646,374.7796673774719,0.006480028038793791,2.4168214797973633,0.001515359626322756,3.809326648712158,0.037581906581401876,21,256.0
3.850519028558707e-05,0.0014129890015416313,0.0036761452355839387,235.90819263458252,0.0068656037765425625,3.252976894378662,0.0022687152371075733,4.4371044635772705,0.018309595552928097,22,256.0
0.003091985617767912,0.0041373757317356335,0.016912734509982222,195.6787257194519,0.00968973699355891,2.2361202239990234,0.0012998706391738777,3.4690170288085938,0.014444610262574186,23,256.0
3.6038873262459844e-05,0.0028442469424984516,0.00738651014054209,351.1255531311035,0.0024806205130916896,2.734480142593384,0.0005181895354973137,4.294474363327026,0.008570432614995472,24,256.0
0.007341784575024597,0.007037948912648928,0.005011564944833023,294.5663733482361,0.009474023752515218,3.071349620819092,0.003017915159093464,3.794827699661255,0.032401981649963066,25,256.0
3.893070992514458e-05,0.004485548317252586,0.0035331021069422586,320.6745536327362,0.006656602256336136,2.8429806232452393,0.0018611199351470042,4.900048017501831,0.02045464197524929,26,256.0
0.009084477168619555,0.03037914139434937,0.03277767994257088,356.87588143348694,0.005228681641901436,2.3881237506866455,0.00046383561479229434,4.658549547195435,0.03485001375802552,27,256.0
3.4432330785309305e-05,0.003616914815785884,0.0036263484087492785,286.62317633628845,0.006151484234734259,2.869245767593384,0.0014001568452331728,5.427825450897217,0.031062914017465797,28,256.0
3.4419523375230535e-05,0.0010165907645016828,0.0029445761619201257,397.2157680988312,0.002470389210293594,2.7437379360198975,0.0007118460093714677,4.124472141265869,0.01547882709169783,29,256.0
3.5144635785903465e-05,0.0033941296400842908,0.005960377342940193,217.28434371948242,0.004976387184300061,2.84845232963562,0.0016899185497263624,3.9623830318450928,0.024208761985946542,0,512.0
0.007905829833711922,0.022913146663851882,0.008199251382451733,186.97078943252563,0.007308983997943039,2.100843906402588,0.0009230986532974587,3.649219512939453,0.01820667440507928,1,512.0
4.247501035220535e-05,0.004806378240335444,0.0061110880734133,202.6660189628601,0.009120933294456275,2.249211072921753,0.001362101346134631,3.798154830932617,0.009613258265080863,2,512.0
3.2602475736644615e-05,0.003775852764421413,0.007434602147148714,198.04393553733826,0.00714773543285927,1.9508099555969238,0.0010417766312633375,3.22087025642395,0.02329735817428527,3,512.0
0.002955316863273094,0.006904318370922979,0.007118310254445478,154.60699677467346,0.007365733098542245,2.4331178665161133,0.0017653309038780044,3.8304035663604736,0.01072543600765686,4,512.0
0.00025518216964400637,0.009634529869303783,0.011011916541006387,354.51703667640686,0.004758603614866704,3.386460065841675,0.0011993458922727094,4.240871906280518,0.0179414208357254,5,512.0
3.027014927048192e-05,0.0011698885858746491,0.0034157973000348016,252.06283497810364,0.003003054081571824,2.4164607524871826,0.0005655721630104934,4.233690977096558,0.014156141311844695,6,512.0
4.099538546650979e-05,0.006123425728003469,0.005650933308499266,303.93767642974854,0.005007890128493121,2.465683937072754,0.0007364033399956153,4.146698236465454,0.019759675647014523,7,512.0
4.145727897877372e-05,0.0053695875807145,0.005257579968629621,359.9113914966583,0.006410659159384309,2.083988904953003,0.0006602595330155116,3.7441606521606445,0.029816938326315785,8,512.0
3.9965965792674676e-05,0.004051545488384334,0.002862029650691601,352.93940472602844,0.0032220909672775544,3.0189428329467773,0.0007530406746067087,4.2483532428741455,0.012343905372277237,9,512.0
4.580428977897603e-05,0.004695468698276417,0.004341520216026306,149.80716061592102,0.002911841907670384,2.5355818271636963,0.000639479895747815,4.664441108703613,0.015739901054164517,10,512.0
3.2642043942489774e-05,0.004779912796099861,0.004412344824667456,215.9440939426422,0.00912153255619809,2.5880653858184814,0.0012114960523111026,4.842839956283569,0.015645041193155452,11,512.0
0.00012228457557569665,0.004113233825591767,0.0036602739524359365,371.72193479537964,0.004791779541463623,2.1590375900268555,0.0006031705042604123,3.565311908721924,0.01671752634186833,12,512.0
3.016139853329602e-05,0.0026004725023803356,0.004009876739047579,279.1615674495697,0.009821252416363663,2.3504631519317627,0.0009343800078793114,4.8616042137146,0.028344310586659472,13,512.0
4.652111083954247e-05,0.0035287217510069063,0.0035064559948118166,171.02425694465637,0.010130157101902678,2.7423157691955566,0.0010915845525379941,3.975106716156006,0.0381065340601182,14,512.0
5.5588695573333114e-05,0.00494704040916274,0.0034165291886002463,359.6577799320221,0.012513034766578076,2.4613492488861084,0.0009455189972307449,3.7031004428863525,0.012440972071878194,15,512.0
5.2212787995338984e-05,0.003701370383345437,0.0035671437550386684,183.33213782310486,0.00983601338440782,2.4478533267974854,0.0014489335460824444,4.2913689613342285,0.026877294686813945,16,512.0
0.001749232196848938,0.005000169617479947,0.004985926077733903,335.18072175979614,0.008769580816773039,2.410313129425049,0.0012636918317196952,4.000215768814087,0.026859565977891825,17,512.0
0.002335027450267365,0.022897695947492327,0.012514385624412972,304.1483814716339,0.010771235897565087,2.276310682296753,0.0010178070895332273,4.1723244190216064,0.04219322165066478,18,512.0
3.5391576061205574e-05,0.002753781388719208,0.002537131907170051,225.46671772003174,0.005014305169769504,2.2175509929656982,0.0005452815983653585,3.2111144065856934,0.009011994078757841,19,512.0
0.013431271744769376,0.005533921933707927,0.004631943470134004,370.70528531074524,0.004517890552595419,2.2077507972717285,0.0009662542356185819,4.026427268981934,0.015460358661822809,20,512.0
3.283508187723605e-05,0.004958283940476009,0.0034854833830703052,372.2029640674591,0.006480028038793791,2.8484747409820557,0.001515359626322756,4.486083745956421,0.037581906581401876,21,512.0
3.947167386092279e-05,0.0029869314185931935,0.0050352311935591065,213.51677179336548,0.0068656037765425625,3.28562593460083,0.0022687152371075733,4.466068983078003,0.018309595552928097,22,512.0
0.003082932344473383,0.0049370295464658065,0.01628265200192073,184.0624704360962,0.00968973699355891,2.2633020877838135,0.0012998706391738777,3.48899245262146,0.014444610262574186,23,512.0
0.002067596939356581,0.011650635597294986,0.028582665187382544,191.40265774726868,0.0024806205130916896,2.7768518924713135,0.0005181895354973137,4.370481967926025,0.008570432614995472,24,512.0
0.008710239627782123,0.004388269308605793,0.004214422934546372,180.31805682182312,0.009474023752515218,2.891009569168091,0.003017915159093464,3.5348269939422607,0.032401981649963066,25,512.0
3.910703339820946e-05,0.0036645927337318456,0.0019286311534981026,279.603462934494,0.006656602256336136,2.8514881134033203,0.0018611199351470042,4.927673101425171,0.02045464197524929,26,512.0
0.01265666195955649,0.032972729540416315,0.03407287548049865,359.60418009757996,0.005228681641901436,2.305913209915161,0.00046383561479229434,4.903436660766602,0.03485001375802552,27,512.0
3.4437977686890826e-05,0.0033867985876882595,0.0037627297010546846,316.8452413082123,0.006151484234734259,2.8671810626983643,0.0014001568452331728,5.4293365478515625,0.031062914017465797,28,512.0
3.38966314513689e-05,0.0021679659640129858,0.0038910480541999165,283.5833013057709,0.002470389210293594,2.4104833602905273,0.0007118460093714677,3.714360475540161,0.01547882709169783,29,512.0
3.563594088006328e-05,0.004045595861878234,0.006327284237820687,198.8911488056183,0.004976387184300061,2.6000750064849854,0.0016899185497263624,3.586049795150757,0.024208761985946542,0,1024.0
0.007906936881763407,0.022633299748542262,0.007465381028014406,272.8010187149048,0.007308983997943039,2.443830966949463,0.0009230986532974587,4.124671459197998,0.01820667440507928,1,1024.0
4.209521658012545e-05,0.0054447986251810725,0.006881138841900794,175.4078061580658,0.009120933294456275,2.5913336277008057,0.001362101346134631,4.17768669128418,0.009613258265080863,2,1024.0
3.2185008974583423e-05,0.004453948410995468,0.007629721713017867,162.62744069099426,0.00714773543285927,2.2805755138397217,0.0010417766312633375,3.8955130577087402,0.02329735817428527,3,1024.0
0.003009957625968836,0.006963100185853088,0.007231287625085377,311.5730605125427,0.007365733098542245,2.882056951522827,0.0017653309038780044,4.267078161239624,0.01072543600765686,4,1024.0
0.0003051204905010985,0.0033290726924193547,0.005219456078641308,364.32674193382263,0.004758603614866704,3.0966410636901855,0.0011993458922727094,4.537768840789795,0.0179414208357254,5,1024.0
3.0152563352930933e-05,0.0017417852844057095,0.0030718334832782585,232.4148850440979,0.003003054081571824,2.2412655353546143,0.0005655721630104934,3.7905750274658203,0.014156141311844695,6,1024.0
4.2424135602101934e-05,0.007092311041416425,0.006510730289421555,266.7070345878601,0.005007890128493121,2.470585346221924,0.0007364033399956153,3.6020121574401855,0.019759675647014523,7,1024.0
4.196419718218529e-05,0.004438945874365005,0.004472269883095958,350.47200202941895,0.006410659159384309,2.4279379844665527,0.0006602595330155116,4.432409048080444,0.029816938326315785,8,1024.0
3.9694269050338794e-05,0.003819362402524599,0.0027611375338058666,361.35961294174194,0.0032220909672775544,2.681016445159912,0.0007530406746067087,3.8298776149749756,0.012343905372277237,9,1024.0
4.613076271926716e-05,0.004378387236279058,0.004654353619163341,136.28865122795105,0.002911841907670384,2.4269981384277344,0.000639479895747815,4.510854721069336,0.015739901054164517,10,1024.0
3.2290915520651516e-05,0.005064511434675908,0.004718017716684953,171.46902680397034,0.00912153255619809,2.2855112552642822,0.0012114960523111026,4.127162218093872,0.015645041193155452,11,1024.0
0.006039452306528509,0.0051714224448002446,0.0040050868257264375,352.2142086029053,0.004791779541463623,2.436673164367676,0.0006031705042604123,4.014804840087891,0.01671752634186833,12,1024.0
3.0510071889735156e-05,0.0024957875526094705,0.004436758846760688,160.1340434551239,0.009821252416363663,2.1311116218566895,0.0009343800078793114,4.404186248779297,0.028344310586659472,13,1024.0
4.70071189778191e-05,0.0035517361786456298,0.003622468462945713,157.01559901237488,0.010130157101902678,2.7210476398468018,0.0010915845525379941,3.964592456817627,0.0381065340601182,14,1024.0
5.5852701476333244e-05,0.005286985155303629,0.004219000093421394,352.2455015182495,0.012513034766578076,2.2492482662200928,0.0009455189972307449,3.2979307174682617,0.012440972071878194,15,1024.0
5.1900042203456564e-05,0.003833532350428596,0.0036828159400199207,201.57937121391296,0.00983601338440782,2.5329368114471436,0.0014489335460824444,4.386022567749023,0.026877294686813945,16,1024.0
4.820773719489598e-05,0.0036947641870792064,0.003907974967898671,312.2715516090393,0.008769580816773039,2.2696895599365234,0.0012636918317196952,3.8813915252685547,0.026859565977891825,17,1024.0
0.007833681577910418,0.0032877727568240366,0.0037797726503547404,202.8924322128296,0.010771235897565087,2.052131414413452,0.0010178070895332273,3.795436143875122,0.04219322165066478,18,1024.0
3.545407739382056e-05,0.0033716102906558095,0.0033626446917944144,245.96628499031067,0.005014305169769504,2.617718458175659,0.0005452815983653585,3.7235515117645264,0.009011994078757841,19,1024.0
0.015072731806584718,0.008685063778402747,0.006442486658179294,331.7439172267914,0.004517890552595419,2.5017430782318115,0.0009662542356185819,4.504272937774658,0.015460358661822809,20,1024.0
3.363512568958134e-05,0.005545100364342304,0.003744328372775079,363.36054491996765,0.006480028038793791,2.5701894760131836,0.001515359626322756,3.8168957233428955,0.037581906581401876,21,1024.0
4.02348150489377e-05,0.004226993290601877,0.005710686727039673,262.44231629371643,0.0068656037765425625,3.299628734588623,0.0022687152371075733,4.3024983406066895,0.018309595552928097,22,1024.0
0.0030022186462361914,0.003787683851887576,0.006556301840231885,254.78195905685425,0.00968973699355891,2.3063254356384277,0.0012998706391738777,3.5150909423828125,0.014444610262574186,23,1024.0
0.0006246295034295636,0.014491462755578185,0.03144914680657618,232.3068449497223,0.0024806205130916896,2.7791907787323,0.0005181895354973137,4.390049457550049,0.008570432614995472,24,1024.0
0.008588621526666469,0.02337563968249412,0.02284929914946029,264.54899764060974,0.009474023752515218,3.346681833267212,0.003017915159093464,4.106343746185303,0.032401981649963066,25,1024.0
3.8373746540491345e-05,0.004176139552771363,0.0043267099739615345,244.94653415679932,0.006656602256336136,2.3686652183532715,0.0018611199351470042,4.246274709701538,0.02045464197524929,26,1024.0
0.011098719746290092,0.03325859906538649,0.03653685206621059,362.30319476127625,0.005228681641901436,2.572719097137451,0.00046383561479229434,5.031136512756348,0.03485001375802552,27,1024.0
3.515446507464567e-05,0.003746184830804296,0.0029717394226693758,279.2502374649048,0.006151484234734259,2.584064483642578,0.0014001568452331728,4.914108514785767,0.031062914017465797,28,1024.0
3.409908291560625e-05,0.0021539481411775975,0.0037059669546978522,293.66836285591125,0.002470389210293594,2.293984889984131,0.0007118460093714677,3.4982264041900635,0.01547882709169783,29,1024.0
3.542020716705841e-05,0.0038887577298568547,0.006686685741333778,241.81315302848816,0.004976387184300061,2.7655656337738037,0.0016899185497263624,3.9686546325683594,0.024208761985946542,0,2048.0
4.0707896868127e-05,0.004411426356178379,0.0044129173749334425,186.46493482589722,0.007308983997943039,2.443638801574707,0.0009230986532974587,4.265582323074341,0.01820667440507928,1,2048.0
4.295465970057811e-05,0.005372982372244876,0.0063583474398570825,259.1362614631653,0.009120933294456275,2.5040721893310547,0.001362101346134631,4.187514066696167,0.009613258265080863,2,2048.0
3.2169276564247845e-05,0.003762072442046279,0.006995095185752481,209.63039207458496,0.00714773543285927,1.951408863067627,0.0010417766312633375,3.340860366821289,0.02329735817428527,3,2048.0
3.116685244898091e-05,0.004486935417494379,0.005500779955613782,174.68126940727234,0.007365733098542245,2.7682836055755615,0.0017653309038780044,4.290339946746826,0.01072543600765686,4,2048.0
0.00030756938140506687,0.004551282391657874,0.007179255715017702,364.89724349975586,0.004758603614866704,3.657377243041992,0.0011993458922727094,4.857597351074219,0.0179414208357254,5,2048.0
3.0060734550670564e-05,0.0022649271093898877,0.0040976309908252965,321.16003823280334,0.003003054081571824,2.0319035053253174,0.0005655721630104934,3.5716700553894043,0.014156141311844695,6,2048.0
4.1414248813514964e-05,0.00666877002569067,0.005769524079500038,264.58698534965515,0.005007890128493121,2.465968132019043,0.0007364033399956153,4.027510643005371,0.019759675647014523,7,2048.0
4.0962727319338035e-05,0.003524783879029251,0.005144551988885169,362.0200412273407,0.006410659159384309,2.2976903915405273,0.0006602595330155116,4.225072622299194,0.029816938326315785,8,2048.0
4.010787887706776e-05,0.004238469846695966,0.0021422078444432624,358.5062189102173,0.0032220909672775544,2.655438184738159,0.0007530406746067087,3.7543187141418457,0.012343905372277237,9,2048.0
4.604376006963987e-05,0.004172668793103577,0.0042282887112239055,154.88738322257996,0.002911841907670384,2.1823108196258545,0.000639479895747815,4.114656686782837,0.015739901054164517,10,2048.0
3.317881723618095e-05,0.004707214582154003,0.004820149017998585,249.28176426887512,0.00912153255619809,2.716827154159546,0.0012114960523111026,4.9846813678741455,0.015645041193155452,11,2048.0
0.020750975706638558,0.003695608474094351,0.0037784256059578756,353.0156466960907,0.004791779541463623,2.193674325942993,0.0006031705042604123,3.765528917312622,0.01671752634186833,12,2048.0
3.0240776996946305e-05,0.0025517243255808323,0.004551051889362773,230.50027108192444,0.009821252416363663,2.245335578918457,0.0009343800078793114,4.783796072006226,0.028344310586659472,13,2048.0
4.68917080755767e-05,0.0035101478027416144,0.003802398331311717,165.71241784095764,0.010130157101902678,2.845691204071045,0.0010915845525379941,4.095434188842773,0.0381065340601182,14,2048.0
5.070233833223137e-05,0.003880249975319268,0.002591670193107251,354.32010865211487,0.012513034766578076,2.6004996299743652,0.0009455189972307449,3.8169682025909424,0.012440972071878194,15,2048.0
5.1438811751271695e-05,0.0037061398651449715,0.0038881001366234966,287.1145815849304,0.00983601338440782,2.49463152885437,0.0014489335460824444,4.292972564697266,0.026877294686813945,16,2048.0
4.810556817628024e-05,0.0035959575414872863,0.004990487134249263,260.3236360549927,0.008769580816773039,1.9895758628845215,0.0012636918317196952,3.4115748405456543,0.026859565977891825,17,2048.0
0.01493075798493737,0.0036751017683719503,0.004596062719563683,233.5992021560669,0.010771235897565087,1.9752488136291504,0.0010178070895332273,3.6044294834136963,0.04219322165066478,18,2048.0
3.561047394801861e-05,0.00365550809607064,0.003820108312190996,256.4763238430023,0.005014305169769504,2.5859200954437256,0.0005452815983653585,3.7092902660369873,0.009011994078757841,19,2048.0
0.013641227855650969,0.005982219815954341,0.005438274412203158,357.4991500377655,0.004517890552595419,2.4566147327423096,0.0009662542356185819,4.5117809772491455,0.015460358661822809,20,2048.0
3.268357213172719e-05,0.0045470393164401155,0.002658654500189943,360.58301854133606,0.006480028038793791,2.439491033554077,0.001515359626322756,3.863333225250244,0.037581906581401876,21,2048.0
3.9491074303338315e-05,0.006376805446010077,0.00919772849636241,263.8372611999512,0.0068656037765425625,2.9272565841674805,0.0022687152371075733,3.9079976081848145,0.018309595552928097,22,2048.0
0.003043603593357188,0.003845445157683717,0.006593004242995167,366.7564857006073,0.00968973699355891,2.237274169921875,0.0012998706391738777,3.4450936317443848,0.014444610262574186,23,2048.0
0.006586535861637863,0.019585753242724425,0.034801110293415975,334.1258568763733,0.0024806205130916896,2.418165922164917,0.0005181895354973137,3.6611123085021973,0.008570432614995472,24,2048.0
4.88934369472264e-05,0.004482241758299898,0.003916976166067715,177.33028769493103,0.009474023752515218,3.515263557434082,0.003017915159093464,4.203808784484863,0.032401981649963066,25,2048.0
3.902101176929869e-05,0.004046474924408549,0.004209265019255878,242.52733945846558,0.006656602256336136,2.5300304889678955,0.0018611199351470042,4.440173387527466,0.02045464197524929,26,2048.0
0.029994224092962034,0.015587347538665471,0.015286713148270728,362.6252155303955,0.005228681641901436,2.4246201515197754,0.00046383561479229434,4.638330459594727,0.03485001375802552,27,2048.0
3.4116308068269743e-05,0.004007221837066358,0.003278978422808652,205.4477779865265,0.006151484234734259,2.629854440689087,0.0014001568452331728,4.918513536453247,0.031062914017465797,28,2048.0
3.3411401699423585e-05,0.002184874011243528,0.0038886330038206737,295.16024351119995,0.002470389210293594,2.1710708141326904,0.0007118460093714677,3.262356758117676,0.01547882709169783,29,2048.0
