Amari LBFGSB,Dilations error LBFGSB,Shifts error LBFGSB,Time LBFGSB,Amari MVICAD,Time MVICAD,Amari MVICAD ext,Time MVICAD ext,Amari permica,random_state,W_scale
0.17313681814883983,0.027217625268930085,0.01929251786472629,76.99129891395569,0.005078089110245395,0.6331439018249512,0.0014656312692619355,0.9505178928375244,0.02875495891441989,0,0.25
0.047877041442975735,0.028149338386698877,0.032648560613566094,75.92216491699219,0.010534390840824113,0.5210106372833252,0.001590951776734547,0.7458961009979248,0.031155152908673916,1,0.25
0.11259602817493067,0.02719391790601424,0.027356001707913115,76.94566583633423,0.001413051392740794,0.8678221702575684,0.0011319403051659905,1.0666797161102295,0.010442787043071503,2,0.25
0.14788955754752015,0.03815641096152549,0.03573538369420501,75.47924971580505,0.010252245558157475,0.6674652099609375,0.003403416818428158,0.7947821617126465,0.015611016598774435,3,0.25
0.04851300122785278,0.028774066297908442,0.016265269135235218,74.994784116745,0.005417572681101331,0.5531394481658936,0.0019691202606937352,0.8840692043304443,0.011054880724393763,4,0.25
0.12519340861514539,0.017330984757450273,0.01817687941494212,74.85347986221313,0.002123338126856944,0.7876973152160645,0.0016821194749770806,1.182969331741333,0.023370468602810245,5,0.25
0.048058651637758174,0.01330743830866566,0.006613262074634573,74.75233054161072,0.002543692242654679,0.8211946487426758,0.000641545808306776,1.246591329574585,0.018098440316382157,6,0.25
0.14394419305903944,0.032620651674403776,0.033684657180569254,75.3289783000946,0.005102863190575039,0.5107324123382568,0.001430013310345172,1.0326635837554932,0.018481293399834665,7,0.25
0.08011065552472448,0.04954784524673294,0.07183849368647985,77.56173062324524,0.012541678190167108,0.6291062831878662,0.001493380489841889,0.8653569221496582,0.0992898915479891,8,0.25
0.08264000830319815,0.016064058725860756,0.008759318305602764,77.11646389961243,0.0041022165397906155,0.5608203411102295,0.0011968574639314778,0.8242313861846924,0.012074586724083526,9,0.25
0.056194246746598765,0.04167848188340514,0.05575408546357834,79.21877574920654,0.0005985359180455804,0.7937216758728027,0.00046511345753829454,0.8958184719085693,0.01492909209101589,10,0.25
0.17270270048419983,0.0675734637797838,0.07032635270303032,78.4529185295105,0.0021092024332564664,0.7407324314117432,0.001339569125645612,0.9897441864013672,0.01799128344516026,11,0.25
0.29327983980160244,0.07186743149089363,0.09601451465129747,79.23190784454346,0.0062314365683302725,0.7095489501953125,0.0008756037942837007,1.1194496154785156,0.016153641426098077,12,0.25
0.2655494353968003,0.028282215121749044,0.029767694588078028,76.13070702552795,0.0014478822195333808,0.6925656795501709,0.001879947384247112,1.0135467052459717,0.027917697814317695,13,0.25
0.05802421675285787,0.012764853055633848,0.022072310053684704,77.34640836715698,0.011691161027436274,0.6047680377960205,0.0032120609223062224,0.7245244979858398,0.0775445341412074,14,0.25
0.25396086330648526,0.020840016197635425,0.025832392071495538,75.72150158882141,0.0016747112877893177,0.5832412242889404,0.0007281347245674012,0.7909674644470215,0.011351806413412099,15,0.25
0.20390426342318668,0.08110476640567808,0.10524345033508754,76.49767661094666,0.00110907945759288,0.7118258476257324,0.001109159462504413,1.039856195449829,0.032152314868659417,16,0.25
0.13768291068677638,0.02730497655237511,0.0447222103523418,75.96771836280823,0.0009553435946648553,0.7102811336517334,0.001167555304243084,0.7724018096923828,0.022233358271206656,17,0.25
0.04150315759838298,0.012531840492895619,0.004965953398196517,73.32643818855286,0.0011374730077801246,0.6568624973297119,0.0013263557670808298,0.7868633270263672,0.021239037125579677,18,0.25
0.030523552517654862,0.00957344579511344,0.012835798751920488,74.44688653945923,0.0035370806510036067,0.6021549701690674,0.0015315200646123979,0.7312276363372803,0.011906667710423027,19,0.25
0.02401051695424806,0.054304741727901895,0.038079455644793765,80.49095940589905,0.0018954032391176844,0.7644295692443848,0.0010260785984416748,1.0442616939544678,0.01140491246651733,20,0.25
0.1958397694278735,0.08002648928768513,0.08741764065204194,81.44646620750427,0.0017952588193334597,0.7380416393280029,0.000874201579904558,1.166205644607544,0.012772538729970705,21,0.25
0.2710221539848266,0.012689257416846633,0.01183402391067113,81.05737376213074,0.002492820346341366,0.7575485706329346,0.0007185179945221017,1.1476733684539795,0.021001773376889177,22,0.25
0.13919559940713622,0.00997206418689845,0.010661429432349868,80.46332788467407,0.0013350207007016537,1.0967700481414795,0.0013360656226378163,1.3385858535766602,0.015609471330488392,23,0.25
0.06799864436258017,0.04329524650569274,0.040375497841296876,73.1243577003479,0.005508020038805484,0.6734461784362793,0.0007329935094106881,0.9840030670166016,0.006541279020822724,24,0.25
0.08315871375395464,0.006441619819819552,0.01290898384368772,74.29040622711182,0.015957885544604998,0.6777186393737793,0.0013571971973024512,0.8739118576049805,0.03992045188534131,25,0.25
0.11579711967286539,0.017185384884099295,0.010258488600879622,74.20148611068726,0.005643968545036867,1.0504610538482666,0.001174562666301589,1.2135536670684814,0.021804504810537285,26,0.25
0.09005576006666852,0.15105679902186983,0.16930848271523521,75.02728629112244,0.010398682369305167,0.6340653896331787,0.0013465429393830775,0.9700992107391357,0.07832739472067404,27,0.25
0.04615889206841692,0.010674730396021322,0.010748570255000768,75.21630001068115,0.001771522661286662,0.8578376770019531,0.0018819336954697028,1.3456511497497559,0.021755621661957665,28,0.25
0.007552088820745583,0.0055419471375787845,0.007666768484970874,75.5377414226532,0.0026426614455638355,0.591437816619873,0.0007863005588118366,0.7818179130554199,0.018857031254571596,29,0.25
0.09598221776919283,0.02516626431641402,0.018956649510852415,79.48202395439148,0.005078089110245395,0.6197772026062012,0.0014656312692619355,0.8116812705993652,0.02875495891441989,0,0.5
0.01807155982149463,0.012314793144023905,0.014209412726460485,74.51886701583862,0.010534390840824113,0.45387697219848633,0.001590951776734547,0.7337899208068848,0.031155152908673916,1,0.5
0.0638557533159942,0.015496561197611136,0.006944926609532661,73.85377740859985,0.001413051392740794,0.7244124412536621,0.0011319403051659905,0.9500415325164795,0.010442787043071503,2,0.5
0.17531021529827304,0.032201796456630453,0.029010118187755986,73.12038683891296,0.010252245558157475,0.792168140411377,0.003403416818428158,1.0531940460205078,0.015611016598774435,3,0.5
0.021227963916256386,0.02530427613776253,0.013795064327421643,75.76855802536011,0.005417572681101331,0.6149454116821289,0.0019691202606937352,0.9863095283508301,0.011054880724393763,4,0.5
0.07655725864865817,0.012999673963831171,0.0075114612530251664,73.35956621170044,0.002123338126856944,0.9772217273712158,0.0016821194749770806,1.2403662204742432,0.023370468602810245,5,0.5
0.009862385982230017,0.010566657878482034,0.008953965989224459,75.88265347480774,0.002543692242654679,0.9819042682647705,0.000641545808306776,1.3179152011871338,0.018098440316382157,6,0.5
0.024097176599344284,0.01077809030589633,0.019403853659293868,76.2018256187439,0.005102863190575039,0.4919450283050537,0.001430013310345172,0.930260181427002,0.018481293399834665,7,0.5
0.027559143848766853,0.030428824937536833,0.05478975995660177,75.72199416160583,0.012541678190167108,0.7190055847167969,0.001493380489841889,0.8545000553131104,0.0992898915479891,8,0.5
0.06445801990251118,0.014906091317652918,0.009859959692054292,76.29971170425415,0.0041022165397906155,0.521496057510376,0.0011968574639314778,0.7611384391784668,0.012074586724083526,9,0.5
0.07113902321528837,0.018420121660336766,0.0264533966833515,78.57380652427673,0.0005985359180455804,0.8118710517883301,0.00046511345753829454,0.9925265312194824,0.01492909209101589,10,0.5
0.048064392896248545,0.013153543905579983,0.017623574988555327,78.41772127151489,0.0021092024332564664,0.8154215812683105,0.001339569125645612,1.2376735210418701,0.01799128344516026,11,0.5
0.23192573541516617,0.04986756660934241,0.07539393537559803,82.44613981246948,0.0062314365683302725,0.7825806140899658,0.0008756037942837007,1.0269606113433838,0.016153641426098077,12,0.5
0.2366378778494993,0.03301419250927271,0.03330069433515024,80.46663570404053,0.0014478822195333808,0.7301499843597412,0.001879947384247112,0.9648003578186035,0.027917697814317695,13,0.5
0.025717904338349074,0.03718611013262265,0.052400888451443244,72.38540315628052,0.011691161027436274,0.5157511234283447,0.0032120609223062224,0.695995569229126,0.0775445341412074,14,0.5
0.2032382705012429,0.02595194468935175,0.04905690747045859,74.57055568695068,0.0016747112877893177,0.635526180267334,0.0007281347245674012,0.8585999011993408,0.011351806413412099,15,0.5
0.1811041980081904,0.1706146706063329,0.06941395483831829,75.0541319847107,0.00110907945759288,0.7563111782073975,0.001109159462504413,0.9628341197967529,0.032152314868659417,16,0.5
0.06205845482539366,0.013971053638444916,0.012859549071805237,75.32758593559265,0.0009553435946648553,0.7253408432006836,0.001167555304243084,0.7548480033874512,0.022233358271206656,17,0.5
0.015700407484322172,0.011804043583291643,0.006267336892668666,68.26285862922668,0.0011374730077801246,0.6480214595794678,0.0013263557670808298,0.7847216129302979,0.021239037125579677,18,0.5
0.010476186906779436,0.010215460460306058,0.010616594810641481,67.80404329299927,0.0035370806510036067,0.5102474689483643,0.0015315200646123979,0.7039895057678223,0.011906667710423027,19,0.5
0.018564106367423613,0.0731840771796148,0.05422731566030294,69.45811176300049,0.0018954032391176844,0.6121342182159424,0.0010260785984416748,0.7284049987792969,0.01140491246651733,20,0.5
0.19199941986910107,0.06419750460094115,0.07366079040230394,70.47100973129272,0.0017952588193334597,0.541090726852417,0.000874201579904558,0.8620505332946777,0.012772538729970705,21,0.5
0.1868415168430262,0.034383947848814364,0.03370571827898951,67.96488285064697,0.002492820346341366,0.851311445236206,0.0007185179945221017,1.0526025295257568,0.021001773376889177,22,0.5
0.06465186548659858,0.007035085804579981,0.0052562358163282235,68.78859996795654,0.0013350207007016537,1.0037119388580322,0.0013360656226378163,1.2869987487792969,0.015609471330488392,23,0.5
0.0387589145615342,0.013581085911001593,0.009488083544161165,67.7700605392456,0.005508020038805484,0.6468348503112793,0.0007329935094106881,0.834113359451294,0.006541279020822724,24,0.5
0.06569073202530731,0.008823023122184755,0.017315338102786255,69.31357145309448,0.015957885544604998,0.5181248188018799,0.0013571971973024512,0.861860990524292,0.03992045188534131,25,0.5
0.09540145772016131,0.0156581551990208,0.00846221932141834,68.79156851768494,0.005643968545036867,0.7856724262237549,0.001174562666301589,1.1656112670898438,0.021804504810537285,26,0.5
0.11130621924222328,0.20059849838638588,0.28444265781651185,69.83157324790955,0.010398682369305167,0.7137465476989746,0.0013465429393830775,0.9012854099273682,0.07832739472067404,27,0.5
0.010894463502459142,0.00810562756007469,0.007426204420526863,68.40753078460693,0.001771522661286662,0.8031580448150635,0.0018819336954697028,1.0103764533996582,0.021755621661957665,28,0.5
0.0033186790215313858,0.008915418828508858,0.008158721224029884,68.26110506057739,0.0026426614455638355,0.5173981189727783,0.0007863005588118366,0.6659221649169922,0.018857031254571596,29,0.5
0.011333951137706372,0.01564968565952792,0.011832358824159362,67.71478176116943,0.005078089110245395,0.6126940250396729,0.0014656312692619355,0.7644209861755371,0.02875495891441989,0,1.0
0.006359237367358885,0.014754522399076375,0.01411378769848359,64.25035429000854,0.010534390840824113,0.49755191802978516,0.001590951776734547,0.8701879978179932,0.031155152908673916,1,1.0
0.05928524206527887,0.02135253910503456,0.015769525416149666,66.36293888092041,0.001413051392740794,0.6699986457824707,0.0011319403051659905,0.8266935348510742,0.010442787043071503,2,1.0
0.12820535354904777,0.01634577737812206,0.011859124415962478,66.6603033542633,0.010252245558157475,0.5380444526672363,0.003403416818428158,0.7476897239685059,0.015611016598774435,3,1.0
0.0025573570914689593,0.019978697836966663,0.011636070672636256,70.2551908493042,0.005417572681101331,0.6741564273834229,0.0019691202606937352,0.8955860137939453,0.011054880724393763,4,1.0
0.030148472524929894,0.016799109124554276,0.016372238453627556,67.80500149726868,0.002123338126856944,0.8980965614318848,0.0016821194749770806,1.280071496963501,0.023370468602810245,5,1.0
0.006879588976573222,0.01093847586278131,0.008364831079737916,69.01869487762451,0.002543692242654679,0.7256543636322021,0.000641545808306776,1.035940408706665,0.018098440316382157,6,1.0
0.012123723232864272,0.014515662352345042,0.016013356625421655,70.02853155136108,0.005102863190575039,0.43085598945617676,0.001430013310345172,0.8700723648071289,0.018481293399834665,7,1.0
0.020233207953154184,0.009314934737642578,0.009751674080064924,69.84993410110474,0.012541678190167108,0.5815286636352539,0.001493380489841889,0.7243640422821045,0.0992898915479891,8,1.0
0.060037946983629055,0.015804354399683973,0.008283092376176396,69.34295344352722,0.0041022165397906155,0.47016263008117676,0.0011968574639314778,0.6742894649505615,0.012074586724083526,9,1.0
0.063618026585578,0.01226276868769475,0.012044680747831096,69.4744393825531,0.0005985359180455804,0.6366972923278809,0.00046511345753829454,0.9027669429779053,0.01492909209101589,10,1.0
0.019383027211435262,0.00816520071879164,0.009597324746415772,67.67738652229309,0.0021092024332564664,0.736628532409668,0.001339569125645612,1.0975754261016846,0.01799128344516026,11,1.0
0.2535867347550468,0.07262230081921457,0.09358412997657638,70.05492115020752,0.0062314365683302725,0.5937974452972412,0.0008756037942837007,0.9096550941467285,0.016153641426098077,12,1.0
0.19444841394466605,0.022280062791639122,0.021335664870402497,66.94626259803772,0.0014478822195333808,0.6616413593292236,0.001879947384247112,0.9051017761230469,0.027917697814317695,13,1.0
0.013219971454127427,0.03153562207286616,0.048009649018719146,66.40554070472717,0.011691161027436274,0.48903894424438477,0.0032120609223062224,0.6583511829376221,0.0775445341412074,14,1.0
0.18961975491477298,0.017007790366690163,0.01742687299354563,67.77165961265564,0.0016747112877893177,0.7869081497192383,0.0007281347245674012,0.9132394790649414,0.011351806413412099,15,1.0
0.22518669513482106,0.11151432990836406,0.09071668522329486,70.46922421455383,0.00110907945759288,0.7157294750213623,0.001109159462504413,0.9951164722442627,0.032152314868659417,16,1.0
0.03977954687896044,0.014834970760164238,0.008106399626569333,68.8797960281372,0.0009553435946648553,0.6260805130004883,0.001167555304243084,0.8024096488952637,0.022233358271206656,17,1.0
0.006703114234155594,0.014104611079576123,0.009240477138576814,67.92385411262512,0.0011374730077801246,0.6679394245147705,0.0013263557670808298,0.8429319858551025,0.021239037125579677,18,1.0
0.0049681816287873454,0.009240686462151112,0.007257745858485546,67.18885660171509,0.0035370806510036067,0.5287759304046631,0.0015315200646123979,0.7011282444000244,0.011906667710423027,19,1.0
0.017430779690056537,0.04221529937744049,0.02336755206371198,69.8918662071228,0.0018954032391176844,0.5855312347412109,0.0010260785984416748,0.9051191806793213,0.01140491246651733,20,1.0
0.12147648312905068,0.05130811120722525,0.05400551273411582,69.8701434135437,0.0017952588193334597,0.546109676361084,0.000874201579904558,1.1102662086486816,0.012772538729970705,21,1.0
0.15792191588678423,0.012175239294254887,0.009441849912916408,69.61547112464905,0.002492820346341366,0.9543695449829102,0.0007185179945221017,1.0530474185943604,0.021001773376889177,22,1.0
0.05134419265554994,0.0073256064168590205,0.0035646318256867308,67.61446690559387,0.0013350207007016537,0.8815810680389404,0.0013360656226378163,1.3140537738800049,0.015609471330488392,23,1.0
0.015065344711932141,0.016908451148277177,0.013613124627455425,68.34233903884888,0.005508020038805484,0.6606643199920654,0.0007329935094106881,0.9198126792907715,0.006541279020822724,24,1.0
0.03988708570717542,0.00858292649370019,0.015448464870240767,69.04044127464294,0.015957885544604998,0.6605579853057861,0.0013571971973024512,0.9855327606201172,0.03992045188534131,25,1.0
0.09627734982923326,0.016208258385302474,0.013998816890178706,67.47085499763489,0.005643968545036867,0.9728400707244873,0.001174562666301589,1.0759072303771973,0.021804504810537285,26,1.0
0.01395661673402237,0.007993982057125612,0.005399328335510329,68.37212228775024,0.010398682369305167,0.888211727142334,0.0013465429393830775,0.825786828994751,0.07832739472067404,27,1.0
0.005064840024691548,0.007403367254362377,0.0036481015973854297,67.04837560653687,0.001771522661286662,0.8978531360626221,0.0018819336954697028,1.1557011604309082,0.021755621661957665,28,1.0
0.0005715902387583237,0.008089094635060334,0.005299248260608468,67.14740467071533,0.0026426614455638355,0.704775333404541,0.0007863005588118366,0.8231852054595947,0.018857031254571596,29,1.0
0.0042515511819313755,0.01934213774517888,0.007941825655317097,68.54659080505371,0.005078089110245395,0.6132254600524902,0.0014656312692619355,0.9763171672821045,0.02875495891441989,0,2.0
0.0016411126689932349,0.01272331191996526,0.01201512453123098,65.76322603225708,0.010534390840824113,0.3979525566101074,0.001590951776734547,0.7116692066192627,0.031155152908673916,1,2.0
0.06895474854309314,0.017858462367338065,0.012292269757163087,68.21367645263672,0.001413051392740794,0.6602749824523926,0.0011319403051659905,1.0166959762573242,0.010442787043071503,2,2.0
0.04475405764962431,0.01480100755892219,0.00899630105853588,66.4743320941925,0.010252245558157475,0.5606143474578857,0.003403416818428158,0.8589656352996826,0.015611016598774435,3,2.0
0.001202971050558695,0.020790923221153078,0.00628444907561189,66.72247099876404,0.005417572681101331,0.5906453132629395,0.0019691202606937352,0.8433201313018799,0.011054880724393763,4,2.0
0.00940384577704574,0.008167080201329894,0.005970241364821043,65.86091017723083,0.002123338126856944,0.9616906642913818,0.0016821194749770806,1.196808099746704,0.023370468602810245,5,2.0
0.0010951590731162883,0.011781490785127543,0.008927928527422215,67.93080306053162,0.002543692242654679,0.8442556858062744,0.000641545808306776,1.2392551898956299,0.018098440316382157,6,2.0
0.0010495776992975583,0.012593134028801571,0.01656819312257674,68.75919318199158,0.005102863190575039,0.485884428024292,0.001430013310345172,0.8370711803436279,0.018481293399834665,7,2.0
0.003285307592657867,0.005497961518146226,0.005422382911860456,67.77858877182007,0.012541678190167108,0.6818077564239502,0.001493380489841889,0.9082098007202148,0.0992898915479891,8,2.0
0.022047011741305394,0.015149494849807047,0.007390311828009763,67.4358479976654,0.0041022165397906155,0.5029964447021484,0.0011968574639314778,0.8731217384338379,0.012074586724083526,9,2.0
0.03183422741478997,0.009414255347600075,0.01314751807623577,67.87488079071045,0.0005985359180455804,0.667046070098877,0.00046511345753829454,0.9663393497467041,0.01492909209101589,10,2.0
0.007469843833686487,0.008692263415644242,0.008746779735509634,66.5056881904602,0.0021092024332564664,0.7586519718170166,0.001339569125645612,1.0671675205230713,0.01799128344516026,11,2.0
0.20111115667105334,0.03311872149375607,0.062204419837377345,69.0470323562622,0.0062314365683302725,0.8003172874450684,0.0008756037942837007,1.0383994579315186,0.016153641426098077,12,2.0
0.07390493650306357,0.015756919347920947,0.010489721368594098,67.00535321235657,0.0014478822195333808,0.7214310169219971,0.001879947384247112,0.8944382667541504,0.027917697814317695,13,2.0
0.0008527920698087202,0.03410378142033868,0.04346428649523894,69.18725442886353,0.011691161027436274,0.5771036148071289,0.0032120609223062224,0.7314896583557129,0.0775445341412074,14,2.0
0.1335482047890036,0.01204156968502185,0.017244393299710687,68.86266708374023,0.0016747112877893177,0.7233238220214844,0.0007281347245674012,0.9227898120880127,0.011351806413412099,15,2.0
0.08654192333320439,0.03637434851962095,0.03901827764252637,69.79337358474731,0.00110907945759288,0.6846218109130859,0.001109159462504413,0.9369776248931885,0.032152314868659417,16,2.0
0.019668909796788606,0.013819519701933262,0.010090834079814742,70.80254244804382,0.0009553435946648553,0.5670089721679688,0.001167555304243084,0.6935148239135742,0.022233358271206656,17,2.0
0.0007616290458807444,0.014347202457660243,0.007903035150043987,66.75526213645935,0.0011374730077801246,0.5623674392700195,0.0013263557670808298,0.8058381080627441,0.021239037125579677,18,2.0
0.0007172650228730298,0.009442116648763488,0.008231884510421198,66.22978687286377,0.0035370806510036067,0.5587797164916992,0.0015315200646123979,0.7086625099182129,0.011906667710423027,19,2.0
0.023210932470427076,0.06295030701790874,0.04726786030854957,68.0456771850586,0.0018954032391176844,0.5910806655883789,0.0010260785984416748,0.803870439529419,0.01140491246651733,20,2.0
0.11516042635916383,0.041056401300355636,0.0433894045784261,71.06081080436707,0.0017952588193334597,0.5799891948699951,0.000874201579904558,0.9958550930023193,0.012772538729970705,21,2.0
0.1304439808334192,0.014490746630241969,0.009941052486104312,67.04482913017273,0.002492820346341366,0.8538656234741211,0.0007185179945221017,1.0095863342285156,0.021001773376889177,22,2.0
0.009580825287513656,0.005935153923133108,0.003678117800868634,66.98839974403381,0.0013350207007016537,1.047299861907959,0.0013360656226378163,1.6250991821289062,0.015609471330488392,23,2.0
0.00329363266505982,0.015029484433931255,0.008265765347710409,67.46393489837646,0.005508020038805484,0.7302727699279785,0.0007329935094106881,0.8820881843566895,0.006541279020822724,24,2.0
0.019301994776134635,0.005770670786523091,0.01807346156422013,68.70863437652588,0.015957885544604998,0.5399301052093506,0.0013571971973024512,0.8690958023071289,0.03992045188534131,25,2.0
0.09558236369313644,0.013506197151467496,0.013176318992483543,68.67161679267883,0.005643968545036867,1.0074033737182617,0.001174562666301589,1.142120599746704,0.021804504810537285,26,2.0
0.003555006898624039,0.007535149777020648,0.002254777324668118,68.27495527267456,0.010398682369305167,0.707228422164917,0.0013465429393830775,0.9571177959442139,0.07832739472067404,27,2.0
0.0008778720179844305,0.00924094290002883,0.009780320570410917,69.36795663833618,0.001771522661286662,0.7470619678497314,0.0018819336954697028,1.0184547901153564,0.021755621661957665,28,2.0
0.0001891222551851257,0.008705820050261496,0.009563408852460438,69.36159420013428,0.0026426614455638355,0.6124296188354492,0.0007863005588118366,0.7787399291992188,0.018857031254571596,29,2.0
0.0010572515241168126,0.017031585826493393,0.0051141092594150905,69.02479934692383,0.005078089110245395,0.6834895610809326,0.0014656312692619355,0.7819571495056152,0.02875495891441989,0,4.0
0.00011038498856169959,0.012438322032923773,0.015656655569662073,67.56695485115051,0.010534390840824113,0.42395472526550293,0.001590951776734547,0.6918623447418213,0.031155152908673916,1,4.0
0.022840975875641913,0.014700786911767771,0.009288047952314636,67.7672688961029,0.001413051392740794,0.5949320793151855,0.0011319403051659905,0.8853793144226074,0.010442787043071503,2,4.0
0.031235811647517746,0.012530580255403833,0.006585503032668799,45.33661413192749,0.010252245558157475,0.6193938255310059,0.003403416818428158,0.8162319660186768,0.015611016598774435,3,4.0
0.00016353249325478845,0.01946920129805658,0.01055915711138035,67.32933235168457,0.005417572681101331,0.7910151481628418,0.0019691202606937352,0.9530429840087891,0.011054880724393763,4,4.0
0.0010817230601100217,0.0077570986033003685,0.0038624972334892547,67.18217611312866,0.002123338126856944,0.8967666625976562,0.0016821194749770806,1.1130521297454834,0.023370468602810245,5,4.0
0.00022483230591183734,0.011347887175045646,0.010743245551031748,67.41916251182556,0.002543692242654679,0.8762388229370117,0.000641545808306776,1.1548898220062256,0.018098440316382157,6,4.0
0.0005267040638151346,0.008904003541526843,0.00492453265589644,66.77791261672974,0.005102863190575039,0.5119962692260742,0.001430013310345172,0.7595021724700928,0.018481293399834665,7,4.0
0.0016549634642050246,0.024576564721827735,0.04916998229635585,65.97099137306213,0.012541678190167108,0.6172680854797363,0.001493380489841889,0.7842309474945068,0.0992898915479891,8,4.0
0.002637538277056091,0.014908437479947346,0.004495803487701459,65.06246781349182,0.0041022165397906155,0.5490858554840088,0.0011968574639314778,0.8380446434020996,0.012074586724083526,9,4.0
0.009493459539597593,0.009958127067851427,0.018022761717108662,67.00335788726807,0.0005985359180455804,0.7893209457397461,0.00046511345753829454,0.9090452194213867,0.01492909209101589,10,4.0
0.002846226982011261,0.008350821240775581,0.007757248991162502,66.07594513893127,0.0021092024332564664,0.6910197734832764,0.001339569125645612,1.1122715473175049,0.01799128344516026,11,4.0
0.11187866990748821,0.018457712326116513,0.03930590296843808,70.28096270561218,0.0062314365683302725,0.7249777317047119,0.0008756037942837007,0.9724297523498535,0.016153641426098077,12,4.0
0.0276103738209884,0.015437174860396011,0.009475878033287886,68.45813155174255,0.0014478822195333808,0.7351419925689697,0.001879947384247112,0.879403829574585,0.027917697814317695,13,4.0
0.0005011531875605287,0.03279225593146548,0.041253020608665696,68.22368550300598,0.011691161027436274,0.5768308639526367,0.0032120609223062224,0.6278667449951172,0.0775445341412074,14,4.0
0.05122763197893224,0.012166812520589272,0.010238122092521612,67.66287803649902,0.0016747112877893177,0.610947847366333,0.0007281347245674012,0.7921695709228516,0.011351806413412099,15,4.0
0.059551447894565866,0.02903932614252446,0.03530178381177098,68.27733111381531,0.00110907945759288,0.7538437843322754,0.001109159462504413,0.9583139419555664,0.032152314868659417,16,4.0
0.0011043092728838671,0.013194686927176846,0.004574149279582479,67.68924188613892,0.0009553435946648553,0.6472575664520264,0.001167555304243084,0.7651107311248779,0.022233358271206656,17,4.0
0.025367625556816653,0.08556396450043952,0.08172950431640871,67.79402780532837,0.0011374730077801246,0.6920344829559326,0.0013263557670808298,0.7769408226013184,0.021239037125579677,18,4.0
0.00015868847168092336,0.008796025859854447,0.006195179339349993,68.31924057006836,0.0035370806510036067,0.6080062389373779,0.0015315200646123979,0.740692138671875,0.011906667710423027,19,4.0
0.03827763786814206,0.04219437546555094,0.03542946423854566,70.43983387947083,0.0018954032391176844,0.6992683410644531,0.0010260785984416748,0.8621776103973389,0.01140491246651733,20,4.0
0.0341593500698561,0.023419694932346767,0.02142947530483989,70.76149606704712,0.0017952588193334597,0.6898174285888672,0.000874201579904558,0.985480546951294,0.012772538729970705,21,4.0
0.08672576745994501,0.0105926723293571,0.006497491328025542,69.82032442092896,0.002492820346341366,0.8258950710296631,0.0007185179945221017,1.1063969135284424,0.021001773376889177,22,4.0
0.0015323582060616423,0.005922851536949085,0.0033811808291483356,70.21614456176758,0.0013350207007016537,1.03273344039917,0.0013360656226378163,1.338507890701294,0.015609471330488392,23,4.0
0.0005569570703115145,0.014531230938011083,0.01016158783421223,66.58639526367188,0.005508020038805484,0.7089648246765137,0.0007329935094106881,0.9227361679077148,0.006541279020822724,24,4.0
0.005943232420017345,0.007417282479913586,0.01732407932769986,66.57466554641724,0.015957885544604998,0.6155164241790771,0.0013571971973024512,0.8885517120361328,0.03992045188534131,25,4.0
0.09319527129676157,0.044777517855718534,0.04223110962739927,66.22826194763184,0.005643968545036867,0.8713200092315674,0.001174562666301589,1.1366403102874756,0.021804504810537285,26,4.0
0.0003013085614001968,0.006909260983756719,0.0021992782811984745,66.58926010131836,0.010398682369305167,0.7189352512359619,0.0013465429393830775,0.87640380859375,0.07832739472067404,27,4.0
0.00013313477109679894,0.009047897067216197,0.009827364133895991,67.27535915374756,0.001771522661286662,0.8302133083343506,0.0018819336954697028,0.9974136352539062,0.021755621661957665,28,4.0
0.00016460779001758278,0.03007770514924486,0.026683806159647275,67.02533340454102,0.0026426614455638355,0.5565385818481445,0.0007863005588118366,0.7131028175354004,0.018857031254571596,29,4.0
0.00025628663833553075,0.01668623652844398,0.006745179509884962,65.77590537071228,0.005078089110245395,0.6096723079681396,0.0014656312692619355,0.7234201431274414,0.02875495891441989,0,8.0
9.422651776587189e-05,0.013338122263395006,0.004593579471126894,66.04158592224121,0.010534390840824113,0.35798001289367676,0.001590951776734547,0.6295509338378906,0.031155152908673916,1,8.0
0.0007800531048167469,0.014823899636710032,0.006254640985220024,59.69937348365784,0.001413051392740794,0.6001331806182861,0.0011319403051659905,0.8627419471740723,0.010442787043071503,2,8.0
0.0007464712167209046,0.011381609977388508,0.005323585836465667,57.99901795387268,0.010252245558157475,0.4988887310028076,0.003403416818428158,0.7405481338500977,0.015611016598774435,3,8.0
6.612028000820096e-05,0.0189561061522299,0.005069082545070874,58.373305797576904,0.005417572681101331,0.47420358657836914,0.0019691202606937352,0.7489662170410156,0.011054880724393763,4,8.0
0.00011233490297669255,0.00870718962510537,0.006033282994161179,59.42672252655029,0.002123338126856944,0.7920687198638916,0.0016821194749770806,0.963660717010498,0.023370468602810245,5,8.0
0.00011553761477782754,0.011803473814669996,0.009359865096317603,60.49095010757446,0.002543692242654679,0.7372691631317139,0.000641545808306776,1.0437028408050537,0.018098440316382157,6,8.0
0.00010691958246367892,0.010924510989069495,0.009453744558764647,60.335440158843994,0.005102863190575039,0.3992424011230469,0.001430013310345172,0.7047948837280273,0.018481293399834665,7,8.0
0.00026930097632646237,0.00569162262175474,0.005861522614454517,60.0275239944458,0.012541678190167108,0.5815260410308838,0.001493380489841889,0.7468042373657227,0.0992898915479891,8,8.0
9.333613210814235e-05,0.0144825324658363,0.006235458801638755,59.82779049873352,0.0041022165397906155,0.41701483726501465,0.0011968574639314778,0.643592119216919,0.012074586724083526,9,8.0
0.0002796981864161996,0.00838719678687297,0.00975121663876984,57.8647038936615,0.0005985359180455804,0.6817662715911865,0.00046511345753829454,0.7991557121276855,0.01492909209101589,10,8.0
0.0004020657114898259,0.004482121554775868,0.007794547762911321,56.606223344802856,0.0021092024332564664,0.7127840518951416,0.001339569125645612,0.9974303245544434,0.01799128344516026,11,8.0
0.09893872890503988,0.03380027115767851,0.05076002233357344,58.02987265586853,0.0062314365683302725,0.6487987041473389,0.0008756037942837007,0.7491910457611084,0.016153641426098077,12,8.0
0.0029713489019374205,0.013147426412768197,0.0051966890349684864,57.526585817337036,0.0014478822195333808,0.5826401710510254,0.001879947384247112,0.7727222442626953,0.027917697814317695,13,8.0
0.000199539874686816,0.004326468758508609,0.0035589198207028336,55.12870454788208,0.011691161027436274,0.4348316192626953,0.0032120609223062224,0.6450493335723877,0.0775445341412074,14,8.0
0.0010468680243565696,0.010084876137618734,0.00879533225856531,55.93309211730957,0.0016747112877893177,0.579890251159668,0.0007281347245674012,0.7117836475372314,0.011351806413412099,15,8.0
0.01643332073217099,0.005366267568054095,0.007908486632240233,56.83413791656494,0.00110907945759288,0.6857852935791016,0.001109159462504413,0.8070805072784424,0.032152314868659417,16,8.0
0.000278706598654388,0.012855266538124877,0.011686523411721715,56.80752110481262,0.0009553435946648553,0.5034210681915283,0.001167555304243084,0.6163492202758789,0.022233358271206656,17,8.0
0.00011432908491195714,0.013875697151181842,0.005320568990786377,57.13116002082825,0.0011374730077801246,0.5682728290557861,0.0013263557670808298,0.7318675518035889,0.021239037125579677,18,8.0
7.399877655061745e-05,0.009219534862512842,0.009421004380294307,57.238195180892944,0.0035370806510036067,0.491985559463501,0.0015315200646123979,0.6637933254241943,0.011906667710423027,19,8.0
0.012128490943040922,0.008782902571727884,0.006030732213866907,58.859314918518066,0.0018954032391176844,0.5474250316619873,0.0010260785984416748,0.7270479202270508,0.01140491246651733,20,8.0
0.0005541914759230679,0.011320826875204392,0.010433917950227764,58.24181151390076,0.0017952588193334597,0.509918212890625,0.000874201579904558,0.8797729015350342,0.012772538729970705,21,8.0
0.07721277654884365,0.009977297781686545,0.004721027620952193,60.015199422836304,0.002492820346341366,0.749108076095581,0.0007185179945221017,0.9738798141479492,0.021001773376889177,22,8.0
0.00030167886509855355,0.005952508590715263,0.002167935612129145,59.842406272888184,0.0013350207007016537,0.9544270038604736,0.0013360656226378163,1.2884657382965088,0.015609471330488392,23,8.0
0.00016486244666348663,0.013857384153377221,0.005497089359053656,60.477229595184326,0.005508020038805484,0.5716187953948975,0.0007329935094106881,0.750091552734375,0.006541279020822724,24,8.0
0.00032058741150395125,0.005614996933429032,0.013276104105878773,60.46319794654846,0.015957885544604998,0.5223214626312256,0.0013571971973024512,0.7587227821350098,0.03992045188534131,25,8.0
0.02405834241734135,0.013653393992554275,0.01154526439833976,59.088064193725586,0.005643968545036867,0.869377851486206,0.001174562666301589,1.0313830375671387,0.021804504810537285,26,8.0
0.0001301539940645006,0.007164489131813194,0.0035480444785679003,59.09404253959656,0.010398682369305167,0.628777265548706,0.0013465429393830775,0.8433704376220703,0.07832739472067404,27,8.0
5.424756421025615e-05,0.008136187992076405,0.007133664622795793,59.62255597114563,0.001771522661286662,0.6857249736785889,0.0018819336954697028,0.9619581699371338,0.021755621661957665,28,8.0
0.00027563939177861486,0.025536956261426803,0.029110000454491195,57.947080850601196,0.0026426614455638355,0.6137254238128662,0.0007863005588118366,0.6783592700958252,0.018857031254571596,29,8.0
0.0003013843843714392,0.01811162935504873,0.0073389422349142246,57.45933675765991,0.005078089110245395,0.5234253406524658,0.0014656312692619355,0.6914198398590088,0.02875495891441989,0,16.0
9.140513618438965e-05,0.011905763939745472,0.011804747653652626,57.635777950286865,0.010534390840824113,0.3863871097564697,0.001590951776734547,0.6458392143249512,0.031155152908673916,1,16.0
0.00017527819019641142,0.01502358577756997,0.0054627462106747685,57.43886756896973,0.001413051392740794,0.571749210357666,0.0011319403051659905,0.7659592628479004,0.010442787043071503,2,16.0
0.005067409089456081,0.04960019199580253,0.09197826171740932,56.73409128189087,0.010252245558157475,0.49885106086730957,0.003403416818428158,0.6989796161651611,0.015611016598774435,3,16.0
6.019464563349342e-05,0.01839955859745048,0.009747048975627816,58.318928718566895,0.005417572681101331,0.5192539691925049,0.0019691202606937352,0.7825648784637451,0.011054880724393763,4,16.0
0.0001063690323335494,0.008500089716084928,0.0036536989603353637,57.801676750183105,0.002123338126856944,0.8864476680755615,0.0016821194749770806,0.976696252822876,0.023370468602810245,5,16.0
0.00012747815237342439,0.011364811262485949,0.006651212826222155,60.42919063568115,0.002543692242654679,0.677004337310791,0.000641545808306776,0.9589800834655762,0.018098440316382157,6,16.0
0.00010180317861897177,0.01568406705295189,0.0112631247236535,49.62955331802368,0.005102863190575039,0.46996545791625977,0.001430013310345172,0.8165638446807861,0.018481293399834665,7,16.0
0.00016655938382746557,0.006343239544415299,0.007747737943510733,58.66980695724487,0.012541678190167108,0.5781054496765137,0.001493380489841889,0.8599734306335449,0.0992898915479891,8,16.0
6.436916063287482e-05,0.01395813955473934,0.005926964018880766,58.623122692108154,0.0041022165397906155,0.5313208103179932,0.0011968574639314778,0.7850501537322998,0.012074586724083526,9,16.0
8.362288618829113e-05,0.008675786352300404,0.00805546791519242,58.708444595336914,0.0005985359180455804,0.6766164302825928,0.00046511345753829454,0.8255124092102051,0.01492909209101589,10,16.0
0.0001141014268859264,0.007671442728759725,0.0048772624778002874,58.88548827171326,0.0021092024332564664,0.6312048435211182,0.001339569125645612,0.9386496543884277,0.01799128344516026,11,16.0
0.06204316757568486,0.020814788500585706,0.030731574448936958,58.7783989906311,0.0062314365683302725,0.6063442230224609,0.0008756037942837007,0.8171422481536865,0.016153641426098077,12,16.0
0.00032122033041280437,0.01249590878624609,0.004255251875759138,58.24335980415344,0.0014478822195333808,0.6263687610626221,0.001879947384247112,0.8386316299438477,0.027917697814317695,13,16.0
0.00022814351546975126,0.0233208170842766,0.032346084743230044,52.455583333969116,0.011691161027436274,0.4833860397338867,0.0032120609223062224,0.6163203716278076,0.0775445341412074,14,16.0
0.0011670137582215838,0.00983941386305774,0.005364019669478901,58.48892593383789,0.0016747112877893177,0.5846118927001953,0.0007281347245674012,0.7809395790100098,0.011351806413412099,15,16.0
0.0015116914078543728,0.03519625549267472,0.04030281316832003,58.23772668838501,0.00110907945759288,0.5851485729217529,0.001109159462504413,0.7622637748718262,0.032152314868659417,16,16.0
0.00013957796939330082,0.01278139216572048,0.016440472062127825,58.49845004081726,0.0009553435946648553,0.5867054462432861,0.001167555304243084,0.6008007526397705,0.022233358271206656,17,16.0
0.00011291879270419378,0.010202455619117323,0.010244943194628606,61.357911586761475,0.0011374730077801246,0.48424696922302246,0.0013263557670808298,0.6109733581542969,0.021239037125579677,18,16.0
6.330172064679118e-05,0.009298612409483879,0.008704966973901466,55.79671812057495,0.0035370806510036067,0.466327428817749,0.0015315200646123979,0.6344716548919678,0.011906667710423027,19,16.0
0.0015524240456805966,0.01110931704990416,0.006826680251232013,56.03579497337341,0.0018954032391176844,0.5519168376922607,0.0010260785984416748,0.7686436176300049,0.01140491246651733,20,16.0
0.00027579521406611755,0.011121612936909445,0.008856679436479827,56.39106249809265,0.0017952588193334597,0.5154154300689697,0.000874201579904558,0.908088207244873,0.012772538729970705,21,16.0
0.06367674939157773,0.0094044631307189,0.005263017957797542,57.133604764938354,0.002492820346341366,0.7268614768981934,0.0007185179945221017,0.9402074813842773,0.021001773376889177,22,16.0
0.00017432806790828407,0.005552370847471977,0.0022008608905467416,57.24418783187866,0.0013350207007016537,0.9291596412658691,0.0013360656226378163,1.176790475845337,0.015609471330488392,23,16.0
7.201469824815731e-05,0.013325641328736489,0.0066847370617677355,58.93273973464966,0.005508020038805484,0.6212873458862305,0.0007329935094106881,0.8252532482147217,0.006541279020822724,24,16.0
0.0001532091620114399,0.006734798069237246,0.018406579626911106,58.37585663795471,0.015957885544604998,0.5521512031555176,0.0013571971973024512,0.7392702102661133,0.03992045188534131,25,16.0
0.006586100954588685,0.013737067800131413,0.01162288210152094,58.155187368392944,0.005643968545036867,0.7428140640258789,0.001174562666301589,1.0123398303985596,0.021804504810537285,26,16.0
0.00014009183349437867,0.007371258646603144,0.0021643028775920033,58.001648902893066,0.010398682369305167,0.7727329730987549,0.0013465429393830775,0.9263861179351807,0.07832739472067404,27,16.0
5.382030227620849e-05,0.009214022653977593,0.005006451083265445,61.89403295516968,0.001771522661286662,0.6948580741882324,0.0018819336954697028,0.9099390506744385,0.021755621661957665,28,16.0
6.386904515305325e-05,0.006654355542453979,0.006210773546324804,43.15770149230957,0.0026426614455638355,0.5452539920806885,0.0007863005588118366,0.6981852054595947,0.018857031254571596,29,16.0
0.0004877234229406853,0.0304710338729155,0.021903205985214377,48.68160820007324,0.005078089110245395,0.6063845157623291,0.0014656312692619355,0.7874588966369629,0.02875495891441989,0,32.0
8.66981951866815e-05,0.010153046524769612,0.011900370218086338,43.772897481918335,0.010534390840824113,0.4763059616088867,0.001590951776734547,0.7584192752838135,0.031155152908673916,1,32.0
7.400142293291594e-05,0.011527849576503761,0.006572607753691203,60.90806722640991,0.001413051392740794,0.5607452392578125,0.0011319403051659905,0.7820148468017578,0.010442787043071503,2,32.0
0.004698868683574586,0.057305200441494335,0.08796609342148315,59.86479663848877,0.010252245558157475,0.4612131118774414,0.003403416818428158,0.6927754878997803,0.015611016598774435,3,32.0
6.020907810915983e-05,0.014039622482467321,0.006258772482383018,50.60035729408264,0.005417572681101331,0.5204062461853027,0.0019691202606937352,0.7180485725402832,0.011054880724393763,4,32.0
0.00010834251427952097,0.005939367875644871,0.006808150925887439,47.037482023239136,0.002123338126856944,0.8522605895996094,0.0016821194749770806,1.106107234954834,0.023370468602810245,5,32.0
0.05996148240210432,0.024722132737816517,0.07551351559481304,37.825236082077026,0.002543692242654679,0.6410329341888428,0.000641545808306776,0.9503378868103027,0.018098440316382157,6,32.0
9.582200526438988e-05,0.011500451491481793,0.008406655466684254,38.23509502410889,0.005102863190575039,0.40308284759521484,0.001430013310345172,0.7682783603668213,0.018481293399834665,7,32.0
0.00013989866296815944,0.006617768424502627,0.007543643577646088,47.90568232536316,0.012541678190167108,0.5896115303039551,0.001493380489841889,0.8505368232727051,0.0992898915479891,8,32.0
5.5442911633115285e-05,0.012998927791637716,0.0040008613045208865,43.595558881759644,0.0041022165397906155,0.4124770164489746,0.0011968574639314778,0.6352856159210205,0.012074586724083526,9,32.0
9.487532732497991e-05,0.005815836277532801,0.006308125240968117,58.00981307029724,0.0005985359180455804,0.6046748161315918,0.00046511345753829454,0.799461841583252,0.01492909209101589,10,32.0
0.00013372408050314663,0.008876063357102915,0.005448271205338143,58.60443687438965,0.0021092024332564664,0.7890434265136719,0.001339569125645612,0.9700527191162109,0.01799128344516026,11,32.0
0.023683292803618992,0.021150140329465827,0.034880698929582156,57.17562747001648,0.0062314365683302725,0.5896482467651367,0.0008756037942837007,0.8314359188079834,0.016153641426098077,12,32.0
0.00016926857885992685,0.008129729574835013,0.005326667496537826,57.37754845619202,0.0014478822195333808,0.6008205413818359,0.001879947384247112,0.7555522918701172,0.027917697814317695,13,32.0
0.00019826435332546133,0.008247184558097587,0.002510932034008917,40.086790561676025,0.011691161027436274,0.4436824321746826,0.0032120609223062224,0.623009204864502,0.0775445341412074,14,32.0
0.00012189981133725603,0.0055064359106958465,0.00894844632742896,57.217702865600586,0.0016747112877893177,0.5772397518157959,0.0007281347245674012,0.7244148254394531,0.011351806413412099,15,32.0
0.0006241807126477594,0.026632153938805678,0.033137070211104964,57.7947940826416,0.00110907945759288,0.6092910766601562,0.001109159462504413,0.7883038520812988,0.032152314868659417,16,32.0
0.00013498462909495117,0.01071717370886196,0.012198743411924123,59.022624492645264,0.0009553435946648553,0.49494028091430664,0.001167555304243084,0.6331787109375,0.022233358271206656,17,32.0
0.00012121839688723489,0.004040343185840012,0.007910197318185836,45.56437873840332,0.0011374730077801246,0.5259139537811279,0.0013263557670808298,0.7526919841766357,0.021239037125579677,18,32.0
6.687939611152622e-05,0.008279956549485974,0.0076442755611126866,43.860280990600586,0.0035370806510036067,0.5220935344696045,0.0015315200646123979,0.6868131160736084,0.011906667710423027,19,32.0
7.355679599250208e-05,0.010613173070033621,0.006023665845757678,59.407281160354614,0.0018954032391176844,0.6390824317932129,0.0010260785984416748,0.8108320236206055,0.01140491246651733,20,32.0
0.000133002082851578,0.010998039259951693,0.0066462294392623635,59.246078968048096,0.0017952588193334597,0.5856311321258545,0.000874201579904558,0.9116122722625732,0.012772538729970705,21,32.0
0.002717671928160407,0.008618313827412976,0.004044290075571047,60.030200481414795,0.002492820346341366,0.7766091823577881,0.0007185179945221017,1.001906394958496,0.021001773376889177,22,32.0
0.014334327120048956,0.010358437282318948,0.1348623761267133,53.69094395637512,0.0013350207007016537,0.867095947265625,0.0013360656226378163,1.3868293762207031,0.015609471330488392,23,32.0
5.7915997895929826e-05,0.01355691557289056,0.007291793420056103,60.531240701675415,0.005508020038805484,0.550133228302002,0.0007329935094106881,0.7188119888305664,0.006541279020822724,24,32.0
0.00015797864810241554,0.0038012008243626977,0.01585731691716297,50.671130895614624,0.015957885544604998,0.4702720642089844,0.0013571971973024512,0.6901979446411133,0.03992045188534131,25,32.0
0.00010616751208798458,0.013980565386519098,0.004314049958445367,56.90381669998169,0.005643968545036867,0.7305707931518555,0.001174562666301589,0.992927074432373,0.021804504810537285,26,32.0
0.00013275520365900738,0.005672561079100428,0.005195554531023116,51.59736227989197,0.010398682369305167,0.6260232925415039,0.0013465429393830775,0.7876229286193848,0.07832739472067404,27,32.0
5.717508635669777e-05,0.006354635428283295,0.004731695319542465,33.67488884925842,0.001771522661286662,0.682680606842041,0.0018819336954697028,0.9601912498474121,0.021755621661957665,28,32.0
6.761513540574821e-05,0.005728982970870848,0.007037595907707862,28.70627474784851,0.0026426614455638355,0.5674610137939453,0.0007863005588118366,0.7736608982086182,0.018857031254571596,29,32.0
