Amari LBFGSB,Dilations error LBFGSB,Shifts error LBFGSB,Time LBFGSB,Amari MVICAD,Time MVICAD,Amari MVICAD ext,Time MVICAD ext,Amari permica,random_state,p
4.099985426544994e-05,0.012367662586474681,0.002853921062395613,98.81112384796143,0.0001550935219219507,0.8753366470336914,8.698321443879054e-05,1.2040050029754639,0.005893228538832918,0,2
5.311162231802502e-05,0.005336971287237336,0.0028195143676379595,98.6793429851532,0.000560814758606698,0.7909712791442871,0.0002718025897584464,0.9837617874145508,0.0069573664389396715,1,2
0.000905097240336139,0.007920861644891497,0.00605540024505878,133.99792194366455,0.004008888529800968,1.1227149963378906,0.000496595923972339,1.6602191925048828,0.021491247038549013,0,3
0.017137249443566697,0.009489867777310802,0.007316394639611133,132.57286095619202,0.0039966835864498305,1.2879314422607422,0.0009928386700320184,1.5036866664886475,0.01713681052220111,1,3
7.403221017861506e-05,0.009025776695116394,0.002939762797256958,218.23127961158752,0.003133605742846016,2.2517197132110596,0.0014511987757281825,2.9404969215393066,0.06981074277079016,0,4
0.00044799109979594686,0.007880023274465464,0.005318613576591429,218.7420904636383,0.004206372774504241,1.7903099060058594,0.0016272927203205,2.0510849952697754,0.02643191515330263,1,4
0.003384723548620465,0.009749794662245934,0.00460166402557166,273.623574256897,0.006046901956321189,2.2297539710998535,0.002252053486200292,3.256930112838745,0.0655472245147041,0,5
0.0023804657758216647,0.008137427582262572,0.008589752615899442,278.2931218147278,0.004050690423880439,2.4012012481689453,0.002166356530728855,3.2682650089263916,0.042862477077874744,1,5
0.010376410483938852,0.020119112392293217,0.0174476396674352,302.5645875930786,0.03675295160380085,2.2983574867248535,0.020111124504667184,3.22343111038208,0.1471445433668565,0,6
0.02733688675235717,0.005890418542279888,0.0070743640542062875,323.52963638305664,0.016007255122109883,2.7219676971435547,0.0052662151079088965,3.2790157794952393,0.1234293311850817,1,6
0.02318554058098822,0.038998147516287995,0.012857408320263379,469.76318287849426,0.009648160352016422,2.8678858280181885,0.004394079831178829,4.366656303405762,0.1799035456854362,0,7
0.032424098268758125,0.062416451519769746,0.06700970612953902,422.60081696510315,0.03980834935536496,5.014423131942749,0.02133656083697944,5.6194024085998535,0.19893340376382615,1,7
0.009610528243048503,0.0069478402472876125,0.006781334681923155,453.605046749115,0.014307436911519065,3.6350772380828857,0.005360406239180102,5.195085763931274,0.2746260251958233,0,8
0.10056347727320858,0.09781207922359925,0.0976019146441498,493.7967879772186,0.059170785188146544,4.979651927947998,0.07924750851586111,13.227997779846191,0.3281001858432538,1,8
0.0072432727001728895,0.007683808145942628,0.008693955501671327,513.1172685623169,0.02848786584759136,6.519460439682007,0.010029124641921622,9.400628328323364,0.25202867461948564,0,9
0.05921675140266223,0.03529405244056336,0.02197374625766391,521.8907959461212,0.07550193720993355,10.840025663375854,0.035372287023980965,10.834031343460083,0.32123678772088315,1,9
0.027152627388117904,0.033467487554688,0.050088662029161686,568.0422315597534,0.0628210973831683,10.304378747940063,0.09751412246053823,19.619325399398804,0.2516570775470284,0,10
0.02670336256966409,0.04094051094906011,0.04643386458248926,554.0299849510193,0.04482999716300044,49.49496603012085,0.034671862865552565,12.23721194267273,0.5331739738820277,1,10
