Amari LBFGSB,Dilations error LBFGSB,Shifts error LBFGSB,Time LBFGSB,Amari MVICAD,Time MVICAD,Amari MVICAD ext,Time MVICAD ext,Amari permica,random_state,W_scale
0.08433273402863915,0.04691438255436831,0.06857023431826832,371.4803500175476,0.0039883995711600985,1.605860710144043,0.000842121555421962,2.428335666656494,0.0313144905928821,0,0.25
0.08600363498557106,0.011094125474948176,0.01968963140670366,360.5299632549286,0.00439233141089885,1.3676433563232422,0.001390678001697131,2.2625575065612793,0.017753793844250687,1,0.25
0.10709664883928395,0.028493539913428654,0.025595791691844096,363.46527576446533,0.005096839077891241,1.7219042778015137,0.001185387951602015,2.7458503246307373,0.00965986748365605,2,0.25
0.145431480409291,0.09339303349396369,0.0978206947800845,364.8591938018799,0.013780109408194654,1.2800579071044922,0.0017727383573115315,2.091367483139038,0.022887079583373098,3,0.25
0.1382700514117932,0.01251362757330345,0.018243242081974087,354.907267332077,0.009824722154488952,1.394303560256958,0.0029354405563568587,2.486438274383545,0.01791489465304038,4,0.25
0.06102869500234747,0.06297019447443848,0.049664786308663986,371.30681896209717,0.0012932551654653013,2.850618839263916,0.0008183604347265592,3.9883241653442383,0.023588448875836394,5,0.25
0.14924035848174588,0.010990099558016473,0.015384458723341645,363.5284957885742,0.006166283583417947,1.6577529907226562,0.0005847603620896462,2.334120273590088,0.015284449164602362,6,0.25
0.06713179251010057,0.052086576897764136,0.035441366868615334,364.1042664051056,0.008038709548185379,1.9313676357269287,0.0009185033223572635,3.2352423667907715,0.019416522848323344,7,0.25
0.05297574502963112,0.017066711818164916,0.010065367469613175,382.45603704452515,0.010300132417912026,2.0125012397766113,0.0009524904090337844,3.2293343544006348,0.0536947068621593,8,0.25
0.08375025354532092,0.014707547847752127,0.018015159998521088,382.2708251476288,0.0019520239143532142,2.476396083831787,0.0007248506150991905,3.4359521865844727,0.011329134927965277,9,0.25
0.1453106702343912,0.07314854186494171,0.06113065945101672,379.30828380584717,0.006496515816151354,1.770949363708496,0.0009663776571406169,3.2066545486450195,0.01150861472624284,10,0.25
0.06881203391697918,0.06544959261021324,0.04982241955970207,383.22775053977966,0.00826515603682759,2.5511162281036377,0.0014089142715736113,3.841209888458252,0.016276978006917502,11,0.25
0.11772243631192228,0.014017434062160817,0.0186775113175783,380.0590646266937,0.006915567600572381,1.9635674953460693,0.0008075285816377362,3.331510543823242,0.019699628280890124,12,0.25
0.1157985670737443,0.07228894776773742,0.05964055233403327,379.07936906814575,0.00849551587812137,2.265568256378174,0.001743042455587488,3.8841683864593506,0.0189300918789091,13,0.25
0.1411762443927615,0.012917249778326293,0.01667646702075987,370.1806449890137,0.014124949578571107,1.661214828491211,0.002075503224636914,2.647115707397461,0.03866034313600221,14,0.25
0.09756111075575798,0.006574115819605048,0.008976095966760116,377.86485958099365,0.0024977143913166937,2.608712911605835,0.0008930175055871902,3.6514978408813477,0.01376333754001192,15,0.25
0.08852755326882139,0.013436501399236939,0.010284617372286226,367.9055874347687,0.011609497197135702,2.3356597423553467,0.001049845484920168,3.3177220821380615,0.0399707401702936,16,0.25
0.14413688630392632,0.029262159804618233,0.03388025659468159,364.8933730125427,0.008362827643566032,1.6005463600158691,0.0012235258141549664,2.8113415241241455,0.02195540176871224,17,0.25
0.13330620632287346,0.02057296761103997,0.051747130736935175,360.6082618236542,0.007138568861437373,1.8738982677459717,0.0005667187702131408,2.7722585201263428,0.0362196172279232,18,0.25
0.07539673075553037,0.009937848143143786,0.009533266619626168,362.8447206020355,0.013900572667575432,1.8111493587493896,0.0006532823332385215,2.959746837615967,0.01050874682083432,19,0.25
0.08109222971454084,0.016370048034426384,0.016669163633426312,356.66808676719666,0.0038316646116956575,1.5828299522399902,0.0007252873907169726,3.6987051963806152,0.023761760408395186,20,0.25
0.08517659797553692,0.05735542752145997,0.050980726165112046,355.82750368118286,0.005400882924160977,2.4507410526275635,0.0011312752772736135,3.352313280105591,0.02063888727792091,21,0.25
0.11101241961012039,0.020217575504396814,0.02382209723902728,348.4433994293213,0.0033283476450463667,2.2218894958496094,0.0017334577113926211,3.0336904525756836,0.02003902878223216,22,0.25
0.13457382525653871,0.026121355994102362,0.02880740945460849,347.3675322532654,0.004180865648951668,1.7390971183776855,0.001514105774629372,2.500328540802002,0.01115688674479527,23,0.25
0.1629176456425536,0.03878016217390602,0.054646166808126936,350.52468490600586,0.003970686024242793,2.781609535217285,0.0006827210130481153,3.3495192527770996,0.006338163621982613,24,0.25
0.13502722548680973,0.057806981184628785,0.10201185296686396,356.58656883239746,0.01354912501452432,1.9364168643951416,0.011608365620307648,2.702025890350342,0.026354569429411282,25,0.25
0.10754780824440541,0.03755724873964639,0.034438041623589134,348.6705176830292,0.0027404064010733216,2.2127723693847656,0.0009391437986868996,3.167060375213623,0.0207547031552432,26,0.25
0.10347065077770856,0.02186599824241156,0.0270194727346963,344.13495326042175,0.010405886750035339,1.4481122493743896,0.0010936276624806526,3.1064319610595703,0.030885847819737123,27,0.25
0.07749857292507525,0.017155850995506414,0.02352747607705314,364.2758753299713,0.0042662102110560445,2.5683727264404297,0.001255192987046162,3.444540500640869,0.02066149736233467,28,0.25
0.1349483930019142,0.027517100659697202,0.03049630018778297,371.3206076622009,0.004017306256362304,2.2588706016540527,0.0005435720068411149,3.3274991512298584,0.015392465607730214,29,0.25
0.049906971582085256,0.03116775699988228,0.046544062456968245,365.06016182899475,0.0039883995711600985,2.087981939315796,0.000842121555421962,3.2355895042419434,0.0313144905928821,0,0.5
0.044885735527416544,0.004987255376708068,0.010853026173681703,362.3730409145355,0.00439233141089885,1.4536054134368896,0.001390678001697131,2.793933153152466,0.017753793844250687,1,0.5
0.05561399368631557,0.01736078047514861,0.013635063203516852,356.84251284599304,0.005096839077891241,1.858748197555542,0.001185387951602015,3.1146419048309326,0.00965986748365605,2,0.5
0.10363398511729403,0.026425452001911688,0.021738657835243733,355.19116020202637,0.013780109408194654,1.406064510345459,0.0017727383573115315,2.4654247760772705,0.022887079583373098,3,0.5
0.10569094959887351,0.008442883654081572,0.009279332358094026,353.7126226425171,0.009824722154488952,1.527047872543335,0.0029354405563568587,2.290955066680908,0.01791489465304038,4,0.5
0.04017083737200243,0.03494450478241199,0.046824207285849614,360.28265285491943,0.0012932551654653013,2.3247597217559814,0.0008183604347265592,3.2015483379364014,0.023588448875836394,5,0.5
0.1196463090770138,0.01435944010919043,0.017618213462521747,349.3464834690094,0.006166283583417947,1.7612316608428955,0.0005847603620896462,2.797787666320801,0.015284449164602362,6,0.5
0.037875627808985325,0.020874197553969076,0.023701307394930735,341.61298394203186,0.008038709548185379,1.5769097805023193,0.0009185033223572635,2.6236729621887207,0.019416522848323344,7,0.5
0.05929052244127963,0.017822834206364123,0.009042504572030133,351.26007318496704,0.010300132417912026,1.9072916507720947,0.0009524904090337844,2.620166301727295,0.0536947068621593,8,0.5
0.06560136321912863,0.009185720629720449,0.01336861886169054,347.60240364074707,0.0019520239143532142,1.8320131301879883,0.0007248506150991905,2.3812339305877686,0.011329134927965277,9,0.5
0.08739979577776387,0.017543622333101253,0.020178684421494383,337.5397753715515,0.006496515816151354,1.5453500747680664,0.0009663776571406169,3.1234512329101562,0.01150861472624284,10,0.5
0.04902739061074617,0.07240342676185448,0.04427017040658584,343.33661794662476,0.00826515603682759,2.814342975616455,0.0014089142715736113,4.487628221511841,0.016276978006917502,11,0.5
0.07828310218833749,0.013809117756955678,0.016745024246914052,341.16157269477844,0.006915567600572381,1.8858985900878906,0.0008075285816377362,3.2901511192321777,0.019699628280890124,12,0.5
0.10445810588252322,0.05073764774167665,0.07898181691881065,357.7882385253906,0.00849551587812137,2.4748079776763916,0.001743042455587488,4.005460977554321,0.0189300918789091,13,0.5
0.10900633900511468,0.036744589047007864,0.03821079972489683,394.007465839386,0.014124949578571107,1.1101882457733154,0.002075503224636914,2.021141529083252,0.03866034313600221,14,0.5
0.08193809041539994,0.032910321131444674,0.036264374653151986,387.2804386615753,0.0024977143913166937,1.5136878490447998,0.0008930175055871902,2.343935012817383,0.01376333754001192,15,0.5
0.07893566720655625,0.05095687656356622,0.030735522870347455,389.69855523109436,0.011609497197135702,1.7929084300994873,0.001049845484920168,2.7726595401763916,0.0399707401702936,16,0.5
0.13658660837221503,0.02098325038788586,0.023949168614221843,380.9673547744751,0.008362827643566032,1.1587092876434326,0.0012235258141549664,2.111579656600952,0.02195540176871224,17,0.5
0.11166123988560979,0.08292190849214261,0.07795148453309708,364.92346239089966,0.007138568861437373,1.9954404830932617,0.0005667187702131408,2.9963409900665283,0.0362196172279232,18,0.5
0.05295252500895297,0.006424567058879847,0.005328867880524802,370.5348091125488,0.013900572667575432,2.006063461303711,0.0006532823332385215,3.257227659225464,0.01050874682083432,19,0.5
0.047027897025860035,0.010522443742625055,0.007638358456349791,370.9722898006439,0.0038316646116956575,1.9394748210906982,0.0007252873907169726,3.582064151763916,0.023761760408395186,20,0.5
0.06917964903127435,0.052723803314035665,0.04402457123534664,383.52702379226685,0.005400882924160977,2.7388272285461426,0.0011312752772736135,3.070568084716797,0.02063888727792091,21,0.5
0.07136131888568001,0.021967995357928545,0.026239241483683177,386.10708355903625,0.0033283476450463667,2.9882307052612305,0.0017334577113926211,3.934957265853882,0.02003902878223216,22,0.5
0.0935595493418956,0.010611543760527118,0.01664466092338189,382.46239852905273,0.004180865648951668,1.797224998474121,0.001514105774629372,2.6199686527252197,0.01115688674479527,23,0.5
0.1209762068451861,0.017472102058794656,0.019050564093122,386.5998089313507,0.003970686024242793,2.2159438133239746,0.0006827210130481153,2.9840850830078125,0.006338163621982613,24,0.5
0.09177346474614738,0.053124102100795906,0.08849461762734528,386.25220370292664,0.01354912501452432,2.1265740394592285,0.011608365620307648,2.972254514694214,0.026354569429411282,25,0.5
0.09824135365391283,0.057667753690233255,0.053879481823098284,391.52599835395813,0.0027404064010733216,2.699288845062256,0.0009391437986868996,3.6966898441314697,0.0207547031552432,26,0.5
0.0626257876929096,0.014104142027902779,0.019586209179950215,391.027095079422,0.010405886750035339,1.9938228130340576,0.0010936276624806526,3.770867347717285,0.030885847819737123,27,0.5
0.06756274829628688,0.010563177864888335,0.010300433577214394,386.98135352134705,0.0042662102110560445,3.238525629043579,0.001255192987046162,4.682548522949219,0.02066149736233467,28,0.5
0.11386075178298126,0.008010866053676827,0.007541806860780104,398.4894106388092,0.004017306256362304,2.4227583408355713,0.0005435720068411149,3.724813461303711,0.015392465607730214,29,0.5
0.03904543837812456,0.02641234216479656,0.030445823029717278,401.02835035324097,0.0039883995711600985,2.2102878093719482,0.000842121555421962,3.170334815979004,0.0313144905928821,0,1.0
0.02168780082090704,0.007526517060294827,0.014792723545031248,394.62523341178894,0.00439233141089885,1.608574628829956,0.001390678001697131,2.612405300140381,0.017753793844250687,1,1.0
0.0437140772188292,0.05280332029150951,0.05128257342666475,398.74914050102234,0.005096839077891241,1.7332510948181152,0.001185387951602015,2.964752674102783,0.00965986748365605,2,1.0
0.07803824362831928,0.023742662889085924,0.013154261368944814,399.20455169677734,0.013780109408194654,1.4305381774902344,0.0017727383573115315,2.384688377380371,0.022887079583373098,3,1.0
0.0635759455879485,0.006205650870849174,0.010181107983009058,349.4486701488495,0.009824722154488952,1.5394694805145264,0.0029354405563568587,2.295053482055664,0.01791489465304038,4,1.0
0.018828111085597312,0.03524143676507693,0.044721498037045296,354.1390504837036,0.0012932551654653013,2.3552117347717285,0.0008183604347265592,3.094014883041382,0.023588448875836394,5,1.0
0.07615195627599672,0.007583605452972956,0.010825035039997793,353.4717185497284,0.006166283583417947,1.5268394947052002,0.0005847603620896462,2.299298048019409,0.015284449164602362,6,1.0
0.009771626661198799,0.01675627955529083,0.01998274662179165,349.6525819301605,0.008038709548185379,1.3940331935882568,0.0009185033223572635,2.299253225326538,0.019416522848323344,7,1.0
0.04391315671639811,0.018379871668899542,0.010760144512744568,349.48228192329407,0.010300132417912026,1.9511380195617676,0.0009524904090337844,2.777040719985962,0.0536947068621593,8,1.0
0.03965479388235241,0.006369794083346204,0.007055746842767107,347.9873561859131,0.0019520239143532142,2.229767084121704,0.0007248506150991905,2.7129011154174805,0.011329134927965277,9,1.0
0.03455980588029293,0.006677865518724168,0.006657647955400007,354.79693245887756,0.006496515816151354,1.3505382537841797,0.0009663776571406169,2.459075927734375,0.01150861472624284,10,1.0
0.016138829118847862,0.024430968534907935,0.020195394488251597,361.2937831878662,0.00826515603682759,2.272291421890259,0.0014089142715736113,3.415921926498413,0.016276978006917502,11,1.0
0.05326865292642712,0.010672232290202881,0.011557103151936466,356.7122187614441,0.006915567600572381,1.9327049255371094,0.0008075285816377362,3.208921432495117,0.019699628280890124,12,1.0
0.07191873803886355,0.037920931372813674,0.04560366650545156,357.8927915096283,0.00849551587812137,2.189579725265503,0.001743042455587488,3.4833710193634033,0.0189300918789091,13,1.0
0.07784415912438389,0.006392318309092509,0.007186364122813591,367.07331824302673,0.014124949578571107,1.4809138774871826,0.002075503224636914,2.7499406337738037,0.03866034313600221,14,1.0
0.058431594746829275,0.006881721937558775,0.007064619015333228,400.315881729126,0.0024977143913166937,2.281630516052246,0.0008930175055871902,3.15398907661438,0.01376333754001192,15,1.0
0.043084201425185965,0.01466199274795528,0.011420084282768615,476.79256558418274,0.011609497197135702,2.2276127338409424,0.001049845484920168,3.097524881362915,0.0399707401702936,16,1.0
0.1087830364709444,0.018913355966551273,0.018667855243180657,468.02985882759094,0.008362827643566032,1.6568176746368408,0.0012235258141549664,2.803182601928711,0.02195540176871224,17,1.0
0.05941658098370381,0.017844384185413897,0.012674158292838088,460.4760274887085,0.007138568861437373,1.761112928390503,0.0005667187702131408,2.635338544845581,0.0362196172279232,18,1.0
0.030126361268807255,0.007530345299185193,0.006417338834912097,469.1862874031067,0.013900572667575432,1.924750566482544,0.0006532823332385215,3.0765371322631836,0.01050874682083432,19,1.0
0.01669185261473629,0.00942434572306584,0.008740077069328812,448.50838923454285,0.0038316646116956575,2.181485891342163,0.0007252873907169726,4.132029294967651,0.023761760408395186,20,1.0
0.06863870625188531,0.01610088454561631,0.020647180733223674,452.03539419174194,0.005400882924160977,2.6102654933929443,0.0011312752772736135,3.4450197219848633,0.02063888727792091,21,1.0
0.057958072970128865,0.01877945365575852,0.019240369382377973,451.95268273353577,0.0033283476450463667,2.6925034523010254,0.0017334577113926211,3.5105783939361572,0.02003902878223216,22,1.0
0.07180576795502142,0.004950671714855659,0.0069597672069004225,473.1856298446655,0.004180865648951668,1.858311414718628,0.001514105774629372,3.042438507080078,0.01115688674479527,23,1.0
0.08208205089348462,0.010233329375152433,0.010770287896989113,457.7385573387146,0.003970686024242793,2.2553606033325195,0.0006827210130481153,3.4261996746063232,0.006338163621982613,24,1.0
0.07881187320145179,0.060800280740373455,0.11752198789487771,452.0357356071472,0.01354912501452432,2.156005382537842,0.011608365620307648,2.921086311340332,0.026354569429411282,25,1.0
0.038305613754226586,0.023445339750317592,0.016343317609957976,449.20745372772217,0.0027404064010733216,2.492744207382202,0.0009391437986868996,3.319333553314209,0.0207547031552432,26,1.0
0.030839001390252408,0.00726050441809736,0.0063195694176247635,444.6049327850342,0.010405886750035339,1.9430079460144043,0.0010936276624806526,3.6262524127960205,0.030885847819737123,27,1.0
0.033437469029419936,0.008093841189978019,0.005176013749641778,457.3229932785034,0.0042662102110560445,3.3649349212646484,0.001255192987046162,4.5266125202178955,0.02066149736233467,28,1.0
0.0997307390726541,0.009080591383549516,0.010707541763793758,459.66689109802246,0.004017306256362304,2.362013101577759,0.0005435720068411149,3.4772708415985107,0.015392465607730214,29,1.0
0.031587381449243584,0.01705777389535166,0.018311139249091293,458.0194766521454,0.0039883995711600985,2.1781766414642334,0.000842121555421962,3.297635316848755,0.0313144905928821,0,2.0
0.014389405552103047,0.00929662267245651,0.018073319178678444,457.29655933380127,0.00439233141089885,1.84415864944458,0.001390678001697131,3.2538275718688965,0.017753793844250687,1,2.0
0.020401866865462814,0.018605552741049348,0.014013777257354315,467.7390275001526,0.005096839077891241,2.3875110149383545,0.001185387951602015,3.816145420074463,0.00965986748365605,2,2.0
0.05029717204179144,0.009494862366698036,0.010916154963731464,473.53325295448303,0.013780109408194654,1.7472381591796875,0.0017727383573115315,2.8568778038024902,0.022887079583373098,3,2.0
0.04425391399888408,0.00512950919315136,0.007308302890841287,464.0567572116852,0.009824722154488952,1.849242925643921,0.0029354405563568587,2.8381497859954834,0.01791489465304038,4,2.0
0.0022819385126264307,0.003276329328660932,0.009160607640290228,469.73120403289795,0.0012932551654653013,3.1115012168884277,0.0008183604347265592,4.197471618652344,0.023588448875836394,5,2.0
0.03645235310858707,0.0063398483788457685,0.008294124243945968,439.45637249946594,0.006166283583417947,2.304948329925537,0.0005847603620896462,3.1444199085235596,0.015284449164602362,6,2.0
0.005692417099025893,0.016891338046320748,0.01898869101221591,443.3178234100342,0.008038709548185379,2.0901291370391846,0.0009185033223572635,3.360475778579712,0.019416522848323344,7,2.0
0.03267668830762925,0.016446414380040648,0.008474921251163411,440.57452630996704,0.010300132417912026,2.0673487186431885,0.0009524904090337844,3.090475559234619,0.0536947068621593,8,2.0
0.03491377178703372,0.00638486161086012,0.007727612268035414,451.53291606903076,0.0019520239143532142,2.5072038173675537,0.0007248506150991905,3.3315486907958984,0.011329134927965277,9,2.0
0.013548648291895298,0.00561797393221627,0.009567426477031911,396.5372431278229,0.006496515816151354,1.8604388236999512,0.0009663776571406169,3.649061441421509,0.01150861472624284,10,2.0
0.009070898543692325,0.02213148844118948,0.018927568100562113,399.638610124588,0.00826515603682759,2.3763351440429688,0.0014089142715736113,4.580318450927734,0.016276978006917502,11,2.0
0.03915115949791969,0.021256309310221707,0.020840547577692523,394.60975551605225,0.006915567600572381,2.0786988735198975,0.0008075285816377362,3.3301236629486084,0.019699628280890124,12,2.0
0.06042220367320788,0.035150653602324874,0.04303034223674551,375.24478459358215,0.00849551587812137,1.7703502178192139,0.001743042455587488,2.755993604660034,0.0189300918789091,13,2.0
0.03849800713445834,0.0060421900786412405,0.005906613698338366,351.10549759864807,0.014124949578571107,1.3409531116485596,0.002075503224636914,2.1468968391418457,0.03866034313600221,14,2.0
0.04496445160364912,0.007670509195966603,0.00877630379801699,352.0865309238434,0.0024977143913166937,1.8056373596191406,0.0008930175055871902,2.5980277061462402,0.01376333754001192,15,2.0
0.013542075543313109,0.03439422839937497,0.034066836735164634,354.28565764427185,0.011609497197135702,2.2212212085723877,0.001049845484920168,2.8514978885650635,0.0399707401702936,16,2.0
0.08244999552311416,0.014046967581255239,0.010850915396524006,347.7337806224823,0.008362827643566032,1.7229273319244385,0.0012235258141549664,3.168893337249756,0.02195540176871224,17,2.0
0.033617950759483886,0.00819282171057885,0.005979585602318477,377.3473176956177,0.007138568861437373,1.906310796737671,0.0005667187702131408,2.6028878688812256,0.0362196172279232,18,2.0
0.015392745979617175,0.0050972972095235415,0.004197887886706704,370.54537296295166,0.013900572667575432,1.741255521774292,0.0006532823332385215,3.0127744674682617,0.01050874682083432,19,2.0
0.002672396340493181,0.00561290080740045,0.006029957979344951,371.4454081058502,0.0038316646116956575,1.9798521995544434,0.0007252873907169726,2.86627459526062,0.023761760408395186,20,2.0
0.06645361899123028,0.021944174374453358,0.03045621476471868,385.47904896736145,0.005400882924160977,2.6947309970855713,0.0011312752772736135,3.663987874984741,0.02063888727792091,21,2.0
0.04245089300981297,0.01436496521719307,0.016318449648353404,341.0036337375641,0.0033283476450463667,2.3507137298583984,0.0017334577113926211,3.2520573139190674,0.02003902878223216,22,2.0
0.061422216501978696,0.004973284999172862,0.006634980273695569,348.4011335372925,0.004180865648951668,1.3563778400421143,0.001514105774629372,2.011807918548584,0.01115688674479527,23,2.0
0.041036153237074505,0.00895957667239581,0.008541388944969166,346.51452565193176,0.003970686024242793,1.8889830112457275,0.0006827210130481153,2.4676554203033447,0.006338163621982613,24,2.0
0.024216265186572387,0.0517088842435403,0.08213087009538077,369.73388743400574,0.01354912501452432,1.799363136291504,0.011608365620307648,2.602956533432007,0.026354569429411282,25,2.0
0.030223385643907356,0.015551912106332349,0.009108800581538228,373.6471438407898,0.0027404064010733216,1.8117930889129639,0.0009391437986868996,2.6891329288482666,0.0207547031552432,26,2.0
0.01850650085531896,0.04928461569232659,0.04080887407779283,374.36957454681396,0.010405886750035339,1.2914962768554688,0.0010936276624806526,2.670029878616333,0.030885847819737123,27,2.0
0.02296830984020622,0.00824170561154781,0.0052682267193307425,378.2263433933258,0.0042662102110560445,2.027928590774536,0.001255192987046162,2.8737030029296875,0.02066149736233467,28,2.0
0.05726536447024287,0.01973167139146104,0.01763046970116081,368.54960465431213,0.004017306256362304,2.2516443729400635,0.0005435720068411149,3.290015935897827,0.015392465607730214,29,2.0
0.021246750908632088,0.016135570598523212,0.021037912518694708,361.4131655693054,0.0039883995711600985,2.533140182495117,0.000842121555421962,3.8346381187438965,0.0313144905928821,0,4.0
0.01303104131119394,0.007886377825059496,0.006031840916638039,364.7038576602936,0.00439233141089885,1.680659532546997,0.001390678001697131,3.0855188369750977,0.017753793844250687,1,4.0
0.018512553098158517,0.01895301661443184,0.013359018353379371,372.11905241012573,0.005096839077891241,2.186990976333618,0.001185387951602015,3.550976276397705,0.00965986748365605,2,4.0
0.031075502694280947,0.010257534942792813,0.011002114258694372,375.5756793022156,0.013780109408194654,2.6793556213378906,0.0017727383573115315,4.157090425491333,0.022887079583373098,3,4.0
0.015864118846437354,0.0038030482232907542,0.007178745850373486,356.2982180118561,0.009824722154488952,1.3731529712677002,0.0029354405563568587,2.142703056335449,0.01791489465304038,4,4.0
0.001171756668132562,0.02245203195480205,0.02497872176155513,356.40472745895386,0.0012932551654653013,2.0084426403045654,0.0008183604347265592,2.9097602367401123,0.023588448875836394,5,4.0
0.009290892344033356,0.005299894101304867,0.008397589031968328,351.82360458374023,0.006166283583417947,1.5596749782562256,0.0005847603620896462,2.2092206478118896,0.015284449164602362,6,4.0
0.0008380142572570469,0.014192837692634708,0.01521479142622271,338.81376099586487,0.008038709548185379,1.448620080947876,0.0009185033223572635,2.4887924194335938,0.019416522848323344,7,4.0
0.02772196532599945,0.016079351609025298,0.009323044880888299,290.68340039253235,0.010300132417912026,1.483661413192749,0.0009524904090337844,2.5256004333496094,0.0536947068621593,8,4.0
0.015519620229101689,0.005502638380906739,0.0049404053528117635,291.7435121536255,0.0019520239143532142,1.628462791442871,0.0007248506150991905,2.235445499420166,0.011329134927965277,9,4.0
0.0020615563643055367,0.002488940210620141,0.00680560429045267,300.01861238479614,0.006496515816151354,1.1848444938659668,0.0009663776571406169,2.3155014514923096,0.01150861472624284,10,4.0
0.0023453300743348,0.004350759887539585,0.008966540733379562,297.37338161468506,0.00826515603682759,2.208487033843994,0.0014089142715736113,3.206299304962158,0.016276978006917502,11,4.0
0.017650508650989508,0.010618439204362761,0.010236712679493857,299.9406142234802,0.006915567600572381,1.5191609859466553,0.0008075285816377362,2.607430934906006,0.019699628280890124,12,4.0
0.05592120427676967,0.03412317306847746,0.04116763971909848,301.58410120010376,0.00849551587812137,1.5529191493988037,0.001743042455587488,2.5891590118408203,0.0189300918789091,13,4.0
0.026080469324975968,0.004836904493016162,0.004634647785879391,299.7824168205261,0.014124949578571107,1.2242701053619385,0.002075503224636914,2.065817356109619,0.03866034313600221,14,4.0
0.03536444836993817,0.006228826418390741,0.007602355875826825,310.3669605255127,0.0024977143913166937,1.549968957901001,0.0008930175055871902,2.289546251296997,0.01376333754001192,15,4.0
0.008357069286948194,0.008954894998311591,0.004943033300749739,308.16567039489746,0.011609497197135702,1.821385145187378,0.001049845484920168,2.63950514793396,0.0399707401702936,16,4.0
0.01842868740139739,0.011587601243666217,0.009442557653907021,306.0092957019806,0.008362827643566032,1.2362515926361084,0.0012235258141549664,2.2534852027893066,0.02195540176871224,17,4.0
0.01866958257992726,0.007608325728038216,0.005270518952782654,307.7223279476166,0.007138568861437373,1.3437743186950684,0.0005667187702131408,2.0503170490264893,0.0362196172279232,18,4.0
0.009670760898993113,0.005503609313315315,0.004657410336246738,297.9612879753113,0.013900572667575432,1.4391076564788818,0.0006532823332385215,2.4913246631622314,0.01050874682083432,19,4.0
0.0010723586540783464,0.007122452770354057,0.005439599442587361,306.61752581596375,0.0038316646116956575,1.3625004291534424,0.0007252873907169726,2.621290922164917,0.023761760408395186,20,4.0
0.06116143075146686,0.019588298762293625,0.02786738699718381,307.966246843338,0.005400882924160977,1.7196087837219238,0.0011312752772736135,2.4417552947998047,0.02063888727792091,21,4.0
0.03335351868233134,0.014014564099046141,0.015058201503149994,308.36613941192627,0.0033283476450463667,1.8711299896240234,0.0017334577113926211,2.5599544048309326,0.02003902878223216,22,4.0
0.044166078752787344,0.004290243604883099,0.006228440507707364,314.2169485092163,0.004180865648951668,1.454477310180664,0.001514105774629372,2.192377805709839,0.01115688674479527,23,4.0
0.02129955092028814,0.007256068062096017,0.005146053276119399,297.36496114730835,0.003970686024242793,1.7260210514068604,0.0006827210130481153,2.476287364959717,0.006338163621982613,24,4.0
0.020739419475727747,0.052645604772495885,0.08460295600096229,295.69422125816345,0.01354912501452432,1.477325201034546,0.011608365620307648,2.2414541244506836,0.026354569429411282,25,4.0
0.024547731345778548,0.01530479024695335,0.011338342355207814,297.38457322120667,0.0027404064010733216,2.2829957008361816,0.0009391437986868996,3.1889376640319824,0.0207547031552432,26,4.0
0.004203113764863904,0.005698803030640982,0.004140700519803672,311.0148000717163,0.010405886750035339,1.6373498439788818,0.0010936276624806526,3.3130013942718506,0.030885847819737123,27,4.0
0.0018317404594132682,0.007770471890992356,0.003366906342912112,315.53507900238037,0.0042662102110560445,2.1353795528411865,0.001255192987046162,3.1420092582702637,0.02066149736233467,28,4.0
0.01806433800444145,0.006352919045777789,0.00517828528182878,315.25902819633484,0.004017306256362304,1.8823237419128418,0.0005435720068411149,2.7618465423583984,0.015392465607730214,29,4.0
0.02127776998053271,0.011191578451235371,0.014311744212925226,314.32088351249695,0.0039883995711600985,1.6988303661346436,0.000842121555421962,2.577021360397339,0.0313144905928821,0,8.0
0.01420351580555895,0.007737958007706208,0.014988569097154519,306.4029235839844,0.00439233141089885,1.3712599277496338,0.001390678001697131,2.4217333793640137,0.017753793844250687,1,8.0
0.023579613353154283,0.01087524493430521,0.009480107070632673,309.92544198036194,0.005096839077891241,2.127202033996582,0.001185387951602015,3.5943310260772705,0.00965986748365605,2,8.0
0.015674621515170756,0.006248848729174641,0.006399781940596842,308.64862990379333,0.013780109408194654,1.6116209030151367,0.0017727383573115315,2.519289970397949,0.022887079583373098,3,8.0
0.01168722236559921,0.028381789118807295,0.039208795076024344,310.38623547554016,0.009824722154488952,1.4185101985931396,0.0029354405563568587,2.15484356880188,0.01791489465304038,4,8.0
0.00018710814966066538,0.00335764885806247,0.004922256312825084,302.9332094192505,0.0012932551654653013,2.158402442932129,0.0008183604347265592,3.117704153060913,0.023588448875836394,5,8.0
0.0017557613121305102,0.0031067095956400434,0.006341898420456367,306.4109854698181,0.006166283583417947,1.9040193557739258,0.0005847603620896462,2.594658374786377,0.015284449164602362,6,8.0
0.00016887901818246005,0.013495810887934657,0.014151222888980016,303.7727382183075,0.008038709548185379,1.5152819156646729,0.0009185033223572635,3.010261058807373,0.019416522848323344,7,8.0
0.016129578992876994,0.008304155431441017,0.004148834889784052,304.4171459674835,0.010300132417912026,1.2828397750854492,0.0009524904090337844,2.0784895420074463,0.0536947068621593,8,8.0
0.006821037362374738,0.005240244632216909,0.005219942345664913,295.07356882095337,0.0019520239143532142,1.7319891452789307,0.0007248506150991905,2.432356595993042,0.011329134927965277,9,8.0
0.00041311719042910815,0.0017976040778743534,0.0038974359637371624,301.53799057006836,0.006496515816151354,1.258415699005127,0.0009663776571406169,2.4619531631469727,0.01150861472624284,10,8.0
0.00031832298332201686,0.003838269128255679,0.006881346289887332,303.4203655719757,0.00826515603682759,2.1821513175964355,0.0014089142715736113,3.4230082035064697,0.016276978006917502,11,8.0
0.004664631970923927,0.012263749181009349,0.011542881195749888,302.1403052806854,0.006915567600572381,1.3919181823730469,0.0008075285816377362,2.2938172817230225,0.019699628280890124,12,8.0
0.03144263574871208,0.04928028499414778,0.04592839708601067,298.9144535064697,0.00849551587812137,1.7136814594268799,0.001743042455587488,2.7909433841705322,0.0189300918789091,13,8.0
0.02347047314877264,0.004823621819786251,0.0035488234952237912,299.41131615638733,0.014124949578571107,1.301809549331665,0.002075503224636914,2.2506401538848877,0.03866034313600221,14,8.0
0.014913650321497112,0.005576645728517813,0.006131160980690649,301.61745381355286,0.0024977143913166937,1.7495927810668945,0.0008930175055871902,2.6790103912353516,0.01376333754001192,15,8.0
0.0013536357223562546,0.014025959176496065,0.010131384539096667,300.28514885902405,0.011609497197135702,2.8996429443359375,0.001049845484920168,3.0136208534240723,0.0399707401702936,16,8.0
0.007489696711526317,0.009807420617843418,0.00722572618452247,300.52451848983765,0.008362827643566032,1.4369232654571533,0.0012235258141549664,2.6348488330841064,0.02195540176871224,17,8.0
0.007175465548188037,0.007027863652062057,0.0040780201949091885,309.3506212234497,0.007138568861437373,1.4228286743164062,0.0005667187702131408,2.150386095046997,0.0362196172279232,18,8.0
0.0017379949564111524,0.005041243497129363,0.004803686441240615,312.65468645095825,0.013900572667575432,1.4015922546386719,0.0006532823332385215,2.3089540004730225,0.01050874682083432,19,8.0
0.00015688950721025726,0.006453376641169426,0.004803760933042371,303.5566520690918,0.0038316646116956575,1.3148441314697266,0.0007252873907169726,2.4888057708740234,0.023761760408395186,20,8.0
0.036527051107668546,0.018443984917175263,0.025325245138889417,301.3715252876282,0.005400882924160977,2.043903350830078,0.0011312752772736135,3.025847911834717,0.02063888727792091,21,8.0
0.015714279799654677,0.013123299455468846,0.013761385959386193,302.464781999588,0.0033283476450463667,2.273608684539795,0.0017334577113926211,2.9465954303741455,0.02003902878223216,22,8.0
0.028818772671714923,0.003253021435935861,0.004266094190449576,300.6094443798065,0.004180865648951668,1.2497782707214355,0.001514105774629372,1.9971072673797607,0.01115688674479527,23,8.0
0.005728289611509746,0.005834468202418069,0.0035214643975132864,304.4351954460144,0.003970686024242793,1.5587036609649658,0.0006827210130481153,2.1931562423706055,0.006338163621982613,24,8.0
0.015850924366180866,0.053555676117699916,0.07920076999168137,303.65257930755615,0.01354912501452432,1.491159200668335,0.011608365620307648,2.1872658729553223,0.026354569429411282,25,8.0
0.011829664245279462,0.03257365741091023,0.02473561159838637,303.01229095458984,0.0027404064010733216,1.785109519958496,0.0009391437986868996,2.6776885986328125,0.0207547031552432,26,8.0
0.0005294548389682539,0.00553177022401117,0.004557462717385223,300.9146583080292,0.010405886750035339,1.6065192222595215,0.0010936276624806526,2.701232433319092,0.030885847819737123,27,8.0
0.0005372091649555186,0.007455308476194666,0.005121778824671537,304.4399881362915,0.0042662102110560445,1.9794409275054932,0.001255192987046162,2.7069754600524902,0.02066149736233467,28,8.0
0.003529793471874249,0.005091155081642107,0.0031676448622417054,306.45002818107605,0.004017306256362304,2.417340040206909,0.0005435720068411149,3.8296916484832764,0.015392465607730214,29,8.0
0.014204593392817742,0.020432350456519473,0.02509762619203166,306.32563066482544,0.0039883995711600985,1.669710397720337,0.000842121555421962,2.516720771789551,0.0313144905928821,0,16.0
0.02335647702168348,0.006417502336586277,0.01185176038442725,302.55915331840515,0.00439233141089885,1.1375577449798584,0.001390678001697131,2.2317750453948975,0.017753793844250687,1,16.0
0.0007223847093439004,0.007121055666288613,0.003658825300043959,307.7794873714447,0.005096839077891241,1.627485990524292,0.001185387951602015,2.8004820346832275,0.00965986748365605,2,16.0
0.002860946473566462,0.02374619519643279,0.04527366482702909,318.34458565711975,0.013780109408194654,1.5214855670928955,0.0017727383573115315,2.6554348468780518,0.022887079583373098,3,16.0
0.006447069232732081,0.008437220678954806,0.023535774084790125,301.9711904525757,0.009824722154488952,1.7118699550628662,0.0029354405563568587,2.552328586578369,0.01791489465304038,4,16.0
3.971986451190999e-05,0.003231993582268257,0.005007052919356516,307.2404634952545,0.0012932551654653013,2.272062301635742,0.0008183604347265592,3.1677746772766113,0.023588448875836394,5,16.0
0.00106368420138721,0.014585384549527023,0.04114464284766569,305.9363386631012,0.006166283583417947,1.766181468963623,0.0005847603620896462,2.3239848613739014,0.015284449164602362,6,16.0
0.00011486988467232564,0.01282548908930941,0.011164644807317464,290.7203562259674,0.008038709548185379,1.3925840854644775,0.0009185033223572635,2.3785033226013184,0.019416522848323344,7,16.0
0.0014894975430824768,0.005565847046117442,0.0030679481249650314,296.1617057323456,0.010300132417912026,1.4129621982574463,0.0009524904090337844,2.2848660945892334,0.0536947068621593,8,16.0
0.00610143938036428,0.016741018112124816,0.046929772422314484,294.6323058605194,0.0019520239143532142,1.6528501510620117,0.0007248506150991905,2.310488700866699,0.011329134927965277,9,16.0
6.309768658846841e-05,0.0030234419962594373,0.00961210796642414,296.29463505744934,0.006496515816151354,1.1803672313690186,0.0009663776571406169,2.3068931102752686,0.01150861472624284,10,16.0
0.00987041225266645,0.03790019772136574,0.04781981693235111,277.4842960834503,0.00826515603682759,2.2046399116516113,0.0014089142715736113,3.3885276317596436,0.016276978006917502,11,16.0
0.0009388464011178395,0.006494769824935472,0.004086469323513269,290.40176248550415,0.006915567600572381,1.590135097503662,0.0008075285816377362,2.5187931060791016,0.019699628280890124,12,16.0
0.023658424711086198,0.01489157292617749,0.03572817631132191,294.39354944229126,0.00849551587812137,1.4610795974731445,0.001743042455587488,2.405425548553467,0.0189300918789091,13,16.0
0.02376483022663079,0.00458660747366305,0.002642306207962831,292.52757453918457,0.014124949578571107,1.0661215782165527,0.002075503224636914,1.7843194007873535,0.03866034313600221,14,16.0
0.0006878338766559608,0.00542406142043919,0.008157095984325041,302.7498059272766,0.0024977143913166937,1.5470547676086426,0.0008930175055871902,2.2523882389068604,0.01376333754001192,15,16.0
0.00012143761698491209,0.008535610056446943,0.0033453487593920394,293.02326464653015,0.011609497197135702,1.7092785835266113,0.001049845484920168,2.5594022274017334,0.0399707401702936,16,16.0
0.0020382971308683336,0.018826409816866757,0.0383763804457237,296.3947288990021,0.008362827643566032,1.2957255840301514,0.0012235258141549664,2.4503724575042725,0.02195540176871224,17,16.0
0.0007195169156866626,0.006579120745992364,0.0035411756792437803,296.88977789878845,0.007138568861437373,1.3133087158203125,0.0005667187702131408,2.1133530139923096,0.0362196172279232,18,16.0
0.0001017047061132173,0.004917020101604476,0.0033289550493843818,295.24595069885254,0.013900572667575432,1.7801291942596436,0.0006532823332385215,2.6964266300201416,0.01050874682083432,19,16.0
3.804222742908406e-05,0.005996315142452523,0.005460656644245848,300.0479769706726,0.0038316646116956575,1.3852829933166504,0.0007252873907169726,2.6145005226135254,0.023761760408395186,20,16.0
0.014804369540348737,0.006185549362350281,0.004929449133720286,301.08262515068054,0.005400882924160977,1.7208125591278076,0.0011312752772736135,2.469109058380127,0.02063888727792091,21,16.0
0.0009855775697616505,0.013777784559445384,0.01694013598255094,298.8835904598236,0.0033283476450463667,2.036349058151245,0.0017334577113926211,2.691861152648926,0.02003902878223216,22,16.0
0.04065820130179739,0.02761708020871905,0.021783628573624977,295.8071892261505,0.004180865648951668,1.3337724208831787,0.001514105774629372,1.9833741188049316,0.01115688674479527,23,16.0
0.0011188998792925377,0.005813847607305493,0.00803606700917706,298.69366216659546,0.003970686024242793,1.6098871231079102,0.0006827210130481153,2.4337198734283447,0.006338163621982613,24,16.0
0.00340964447906344,0.030778331840135693,0.043081362581760055,294.2722578048706,0.01354912501452432,1.4273924827575684,0.011608365620307648,2.0469326972961426,0.026354569429411282,25,16.0
0.002374884282084803,0.014998155769659476,0.008854217098889339,297.4829201698303,0.0027404064010733216,1.7203898429870605,0.0009391437986868996,2.45387864112854,0.0207547031552432,26,16.0
6.348957951023909e-05,0.005121396557959142,0.0026043882976108153,291.9731607437134,0.010405886750035339,1.6690492630004883,0.0010936276624806526,3.020932197570801,0.030885847819737123,27,16.0
4.733913516664018e-05,0.007931139379279736,0.002751911955315841,295.52839612960815,0.0042662102110560445,2.458839178085327,0.001255192987046162,3.2977712154388428,0.02066149736233467,28,16.0
0.0016317215775104416,0.02713467153743112,0.01706150708137089,293.19145345687866,0.004017306256362304,1.8746442794799805,0.0005435720068411149,2.79056453704834,0.015392465607730214,29,16.0
0.0005336817530576058,0.006294755255665486,0.008055563528151734,295.6188805103302,0.0039883995711600985,1.6880476474761963,0.000842121555421962,2.4415059089660645,0.0313144905928821,0,32.0
0.008909775543079443,0.039769729112381164,0.03206285028390801,307.37305212020874,0.00439233141089885,1.3458657264709473,0.001390678001697131,2.254847288131714,0.017753793844250687,1,32.0
5.618528174498532e-05,0.0073195845939158545,0.003022433451509553,299.523868560791,0.005096839077891241,1.622028112411499,0.001185387951602015,2.846109628677368,0.00965986748365605,2,32.0
0.001015431818596535,0.023329146114549212,0.04378888891921328,299.2103729248047,0.013780109408194654,1.3388011455535889,0.0017727383573115315,2.14766001701355,0.022887079583373098,3,32.0
0.0056655778527258385,0.02936719708403956,0.036560768589647484,300.20404505729675,0.009824722154488952,1.3732101917266846,0.0029354405563568587,2.145904064178467,0.01791489465304038,4,32.0
3.4689818337109284e-05,0.00359677960011908,0.005299639270150539,318.02754497528076,0.0012932551654653013,2.1674962043762207,0.0008183604347265592,3.142062187194824,0.023588448875836394,5,32.0
5.797390142779542e-05,0.0035171049063140677,0.006605487089245988,302.2206449508667,0.006166283583417947,1.7379684448242188,0.0005847603620896462,2.6022958755493164,0.015284449164602362,6,32.0
8.23918850943301e-05,0.011449245665913831,0.011363793297213112,312.3186583518982,0.008038709548185379,1.4041199684143066,0.0009185033223572635,2.545933246612549,0.019416522848323344,7,32.0
8.091369346316935e-05,0.006558393138623853,0.006470572943232606,307.6478440761566,0.010300132417912026,1.682633876800537,0.0009524904090337844,2.6522676944732666,0.0536947068621593,8,32.0
0.0001085956341796226,0.004492716227306302,0.004123123432939217,298.9845371246338,0.0019520239143532142,2.105062246322632,0.0007248506150991905,2.802894353866577,0.011329134927965277,9,32.0
0.0017541438609064211,0.004618923888115341,0.01311300240659116,314.88684582710266,0.006496515816151354,1.3228614330291748,0.0009663776571406169,2.4212872982025146,0.01150861472624284,10,32.0
4.86796499018036e-05,0.0028641729499635183,0.004923257251704996,317.1634793281555,0.00826515603682759,1.7126739025115967,0.0014089142715736113,2.8222811222076416,0.016276978006917502,11,32.0
6.717772318827197e-05,0.005817377295760847,0.004074545934861567,301.113242149353,0.006915567600572381,1.2432034015655518,0.0008075285816377362,2.216752052307129,0.019699628280890124,12,32.0
0.008593504813763394,0.03706648617760655,0.04087231031401856,302.3595321178436,0.00849551587812137,1.681527853012085,0.001743042455587488,2.7547073364257812,0.0189300918789091,13,32.0
0.02400175833909156,0.004010481166433413,0.004201693756481202,295.80768060684204,0.014124949578571107,1.3305695056915283,0.002075503224636914,2.2939348220825195,0.03866034313600221,14,32.0
8.4817847013843e-05,0.005416801125646605,0.004854216603086173,295.46425008773804,0.0024977143913166937,1.487900733947754,0.0008930175055871902,2.3167338371276855,0.01376333754001192,15,32.0
4.669527483809332e-05,0.008735462292317189,0.0031881886164343187,297.08068466186523,0.011609497197135702,1.6202409267425537,0.001049845484920168,2.436657428741455,0.0399707401702936,16,32.0
0.0011878595395501698,0.016122015537725038,0.03963555324762724,300.39930868148804,0.008362827643566032,1.250978708267212,0.0012235258141549664,2.3345258235931396,0.02195540176871224,17,32.0
0.0010636545260621856,0.015743589210428302,0.046339157608004784,302.542044878006,0.007138568861437373,1.6955556869506836,0.0005667187702131408,2.447394847869873,0.0362196172279232,18,32.0
0.001824546298321418,0.023823818054617252,0.02954585707012762,303.19963932037354,0.013900572667575432,1.6370346546173096,0.0006532823332385215,2.6021037101745605,0.01050874682083432,19,32.0
3.30509553696956e-05,0.006785971894606016,0.005640226319513949,306.0300576686859,0.0038316646116956575,1.5539908409118652,0.0007252873907169726,2.7692627906799316,0.023761760408395186,20,32.0
0.0007407999539149466,0.005067382852669608,0.0037612771883676474,306.32346987724304,0.005400882924160977,1.9287724494934082,0.0011312752772736135,2.585224151611328,0.02063888727792091,21,32.0
6.975034906876578e-05,0.003296585282603469,0.004967163372266845,302.2148277759552,0.0033283476450463667,2.0764663219451904,0.0017334577113926211,3.0821468830108643,0.02003902878223216,22,32.0
0.03715852652957373,0.027244245248126405,0.03181977692723457,303.2815957069397,0.004180865648951668,1.2425284385681152,0.001514105774629372,1.8860411643981934,0.01115688674479527,23,32.0
6.69171602138801e-05,0.005490574064279969,0.005598829304167169,304.453245639801,0.003970686024242793,1.5289077758789062,0.0006827210130481153,2.256788730621338,0.006338163621982613,24,32.0
0.016097656724860156,0.05344363543853929,0.07711507023877864,260.4459936618805,0.01354912501452432,1.847707986831665,0.011608365620307648,2.464404344558716,0.026354569429411282,25,32.0
0.00013676059148565794,0.005741444540177554,0.005175676663825109,299.8162131309509,0.0027404064010733216,2.0689454078674316,0.0009391437986868996,2.970673084259033,0.0207547031552432,26,32.0
3.480865540126141e-05,0.00539032070737037,0.0034259897724902596,298.3080852031708,0.010405886750035339,1.3931777477264404,0.0010936276624806526,2.57578444480896,0.030885847819737123,27,32.0
3.319680126739518e-05,0.00690079879444454,0.00450782623367201,317.56049633026123,0.0042662102110560445,2.4047701358795166,0.001255192987046162,4.024777412414551,0.02066149736233467,28,32.0
0.00010120584176691347,0.004295897736486272,0.002865871891025669,311.6411211490631,0.004017306256362304,1.6903672218322754,0.0005435720068411149,2.850541353225708,0.015392465607730214,29,32.0
0.000126313943890044,0.004984956416621985,0.004559082836955838,304.2595248222351,0.0039883995711600985,2.028097629547119,0.000842121555421962,3.328024387359619,0.0313144905928821,0,64.0
4.534546485327596e-05,0.0024652124851972683,0.003358638708905177,310.0344748497009,0.00439233141089885,1.1962859630584717,0.001390678001697131,2.201420545578003,0.017753793844250687,1,64.0
4.4387119207047994e-05,0.00700170238043122,0.0046001245404948465,301.3788001537323,0.005096839077891241,1.5435895919799805,0.001185387951602015,2.6867780685424805,0.00965986748365605,2,64.0
0.004584572891588266,0.02856659256471845,0.010639441861574495,296.71970558166504,0.013780109408194654,1.4122350215911865,0.0017727383573115315,2.359622001647949,0.022887079583373098,3,64.0
0.005019098802177684,0.03346800042084989,0.03282854419130409,296.4607877731323,0.009824722154488952,1.6968445777893066,0.0029354405563568587,2.5830111503601074,0.01791489465304038,4,64.0
3.569472629352995e-05,0.002373918305277921,0.0049699599736214095,185.857439994812,0.0012932551654653013,2.1402535438537598,0.0008183604347265592,3.2106897830963135,0.023588448875836394,5,64.0
3.667045731480368e-05,0.003051314106624551,0.005585604220109356,294.9201319217682,0.006166283583417947,1.695995569229126,0.0005847603620896462,2.4654343128204346,0.015284449164602362,6,64.0
0.001332348652408114,0.017263402613850412,0.014835482130090333,164.04217219352722,0.008038709548185379,1.396268606185913,0.0009185033223572635,2.4268789291381836,0.019416522848323344,7,64.0
5.396950752792278e-05,0.005505939414128195,0.00318693833056966,295.009215593338,0.010300132417912026,1.543294906616211,0.0009524904090337844,2.6466217041015625,0.0536947068621593,8,64.0
4.0711190922973175e-05,0.004658112648127302,0.004315858246352151,297.469988822937,0.0019520239143532142,1.8200387954711914,0.0007248506150991905,2.639880895614624,0.011329134927965277,9,64.0
0.010614983516037237,0.036292525066736636,0.02234616095147102,294.9860043525696,0.006496515816151354,1.2410809993743896,0.0009663776571406169,2.4474008083343506,0.01150861472624284,10,64.0
5.126537275375536e-05,0.003077467747815405,0.003453436413567474,253.057776927948,0.00826515603682759,1.8310472965240479,0.0014089142715736113,3.133901596069336,0.016276978006917502,11,64.0
5.247199310614508e-05,0.00702377728946774,0.0046929030394944945,311.20965051651,0.006915567600572381,1.5946078300476074,0.0008075285816377362,2.836503267288208,0.019699628280890124,12,64.0
0.0022886751562198513,0.038367109204939416,0.03614112667175497,297.2761650085449,0.00849551587812137,1.9754843711853027,0.001743042455587488,3.462449312210083,0.0189300918789091,13,64.0
0.026046971808491193,0.003744682135928833,0.0038958997392048254,302.29414558410645,0.014124949578571107,1.2422218322753906,0.002075503224636914,1.996699333190918,0.03866034313600221,14,64.0
3.1021034246624274e-05,0.004419389766557281,0.0066754728476733395,317.71890115737915,0.0024977143913166937,1.398784875869751,0.0008930175055871902,2.0967791080474854,0.01376333754001192,15,64.0
3.766107435745101e-05,0.008017245688663374,0.0029898624808226853,319.29029870033264,0.011609497197135702,1.827444076538086,0.001049845484920168,2.7591147422790527,0.0399707401702936,16,64.0
0.003413889308321803,0.007614423920260372,0.041707015610458496,305.09501576423645,0.008362827643566032,1.3252947330474854,0.0012235258141549664,2.429434061050415,0.02195540176871224,17,64.0
0.0014003077022881568,0.025056946415052402,0.027998296720056003,293.5069270133972,0.007138568861437373,1.3681015968322754,0.0005667187702131408,2.0084896087646484,0.0362196172279232,18,64.0
0.0013223071113567266,0.024185210358787883,0.03111345557239183,330.6110141277313,0.013900572667575432,1.344064712524414,0.0006532823332385215,2.3308873176574707,0.01050874682083432,19,64.0
3.36789140403409e-05,0.00511384132588698,0.005491157444553172,320.00588393211365,0.0038316646116956575,1.3804502487182617,0.0007252873907169726,2.5313186645507812,0.023761760408395186,20,64.0
5.7478635821286674e-05,0.005322722429469658,0.004398073980371106,297.20121216773987,0.005400882924160977,1.85866117477417,0.0011312752772736135,2.780043601989746,0.02063888727792091,21,64.0
4.9105123577124985e-05,0.0029083353716609452,0.006865913792767099,296.6220934391022,0.0033283476450463667,1.9157278537750244,0.0017334577113926211,2.534944772720337,0.02003902878223216,22,64.0
0.0310390863559055,0.024416543000242246,0.029820845445936495,291.19404339790344,0.004180865648951668,1.2942421436309814,0.001514105774629372,1.966738224029541,0.01115688674479527,23,64.0
3.6731377462386994e-05,0.005292066180931373,0.006314314372935358,293.406779050827,0.003970686024242793,1.583024263381958,0.0006827210130481153,2.2839314937591553,0.006338163621982613,24,64.0
0.025323752723445635,0.056444076206804666,0.07038620398187534,223.96252059936523,0.01354912501452432,1.8207371234893799,0.011608365620307648,2.4249205589294434,0.026354569429411282,25,64.0
3.3405058205040725e-05,0.004492020106049576,0.004101643071631591,296.59324860572815,0.0027404064010733216,1.8619155883789062,0.0009391437986868996,2.6896395683288574,0.0207547031552432,26,64.0
3.521796229508163e-05,0.005197496803642684,0.002438901452497291,309.7528567314148,0.010405886750035339,1.3914542198181152,0.0010936276624806526,2.766118049621582,0.030885847819737123,27,64.0
3.2341963168712614e-05,0.007896650789309165,0.004222971478280016,313.252379655838,0.0042662102110560445,2.3395347595214844,0.001255192987046162,3.352725028991699,0.02066149736233467,28,64.0
4.893570353138927e-05,0.0049661925765859235,0.004009725627231977,294.69889307022095,0.004017306256362304,1.8516356945037842,0.0005435720068411149,2.8634841442108154,0.015392465607730214,29,64.0
0.00011429534211734688,0.010140862478919042,0.009427954850957267,297.70221304893494,0.0039883995711600985,1.6103179454803467,0.000842121555421962,2.440197229385376,0.0313144905928821,0,128.0
0.005043366618034736,0.005714148128588252,0.027286493657232874,223.27967715263367,0.00439233141089885,1.2384083271026611,0.001390678001697131,2.2414052486419678,0.017753793844250687,1,128.0
3.99994242373827e-05,0.0025251904419175807,0.003311023748068957,315.85659623146057,0.005096839077891241,1.6351618766784668,0.001185387951602015,2.7489094734191895,0.00965986748365605,2,128.0
0.01127694609103681,0.013759638018285279,0.027685548463236544,301.86376428604126,0.013780109408194654,1.3000235557556152,0.0017727383573115315,2.252819061279297,0.022887079583373098,3,128.0
0.005772946555251413,0.029085663537383975,0.03980205937495177,334.9749035835266,0.009824722154488952,1.3534140586853027,0.0029354405563568587,2.106689453125,0.01791489465304038,4,128.0
3.564463407918803e-05,0.0016849568951001538,0.0038938841596627997,184.59990668296814,0.0012932551654653013,2.471992254257202,0.0008183604347265592,3.7385082244873047,0.023588448875836394,5,128.0
3.513083445982397e-05,0.0029060647886110795,0.008369120364399593,308.4049823284149,0.006166283583417947,2.1134729385375977,0.0005847603620896462,2.740361452102661,0.015284449164602362,6,128.0
0.010755192526764585,0.010194739563683254,0.016071549614328624,150.7835087776184,0.008038709548185379,1.470731258392334,0.0009185033223572635,2.4062607288360596,0.019416522848323344,7,128.0
5.24655228119311e-05,0.0028951972482949154,0.0022911254227485243,253.40595316886902,0.010300132417912026,1.3363876342773438,0.0009524904090337844,2.1052043437957764,0.0536947068621593,8,128.0
3.845766305991846e-05,0.003894547839172328,0.003028054312158588,316.7288177013397,0.0019520239143532142,1.8127105236053467,0.0007248506150991905,2.6016368865966797,0.011329134927965277,9,128.0
0.0007714937129306919,0.016479137744165505,0.04735756377515838,216.84077143669128,0.006496515816151354,1.40571928024292,0.0009663776571406169,2.4886271953582764,0.01150861472624284,10,128.0
5.029503359244261e-05,0.002101345283433462,0.0038683459085267174,187.65747356414795,0.00826515603682759,2.0098657608032227,0.0014089142715736113,3.1789755821228027,0.016276978006917502,11,128.0
5.235915607081981e-05,0.0058830110162902,0.002325905455462854,319.2720775604248,0.006915567600572381,1.6040973663330078,0.0008075285816377362,2.815178632736206,0.019699628280890124,12,128.0
0.008636358151766254,0.011343095588368681,0.03146937470805054,296.7430284023285,0.00849551587812137,1.9486141204833984,0.001743042455587488,3.079406976699829,0.0189300918789091,13,128.0
0.03043676149141838,0.003158321187611928,0.0020592221697910197,298.4839127063751,0.014124949578571107,1.0636515617370605,0.002075503224636914,1.868577003479004,0.03866034313600221,14,128.0
3.211306836245548e-05,0.004278673832210898,0.0032088854860847504,325.6765410900116,0.0024977143913166937,1.6280238628387451,0.0008930175055871902,2.285116672515869,0.01376333754001192,15,128.0
3.892157728129231e-05,0.00561409925008934,0.0028654996995167146,276.3823893070221,0.011609497197135702,1.8774735927581787,0.001049845484920168,2.7503185272216797,0.0399707401702936,16,128.0
0.0010471202501245026,0.025842768444095356,0.028122812665140214,339.20365929603577,0.008362827643566032,1.2379889488220215,0.0012235258141549664,2.2866387367248535,0.02195540176871224,17,128.0
0.0010465818192322137,0.012899724845038967,0.04392053284897236,220.20256352424622,0.007138568861437373,1.7490057945251465,0.0005667187702131408,2.4873123168945312,0.0362196172279232,18,128.0
0.001011448699883926,0.026620016864592276,0.030670911342747055,244.5878026485443,0.013900572667575432,1.3843209743499756,0.0006532823332385215,2.650540828704834,0.01050874682083432,19,128.0
3.270423718751599e-05,0.0013125943821075423,0.003424741841512966,161.8530571460724,0.0038316646116956575,1.4083261489868164,0.0007252873907169726,2.527055263519287,0.023761760408395186,20,128.0
3.745411035766594e-05,0.004051829703006336,0.0028024017714439247,322.19545817375183,0.005400882924160977,2.396136999130249,0.0011312752772736135,3.105302572250366,0.02063888727792091,21,128.0
4.90938768727843e-05,0.0026253249647968306,0.00496795898908997,343.8732089996338,0.0033283476450463667,2.2707114219665527,0.0017334577113926211,3.043137788772583,0.02003902878223216,22,128.0
0.002978675576752803,0.002110772624044789,0.0031668561158611657,320.3440742492676,0.004180865648951668,1.2729744911193848,0.001514105774629372,1.9397075176239014,0.01115688674479527,23,128.0
0.007018847210125201,0.009514105803098388,0.039609373683570225,338.68813705444336,0.003970686024242793,1.5996708869934082,0.0006827210130481153,2.1632909774780273,0.006338163621982613,24,128.0
0.015970674117292468,0.0593840917128288,0.06545456802902161,181.38172030448914,0.01354912501452432,1.4670686721801758,0.011608365620307648,2.055929183959961,0.026354569429411282,25,128.0
2.8386640376185407e-05,0.00408614318235306,0.002093479397546806,324.87348556518555,0.0027404064010733216,1.9780125617980957,0.0009391437986868996,2.982714891433716,0.0207547031552432,26,128.0
3.621645952043284e-05,0.0026672266080701845,0.002910283516340827,291.77031993865967,0.010405886750035339,1.4703667163848877,0.0010936276624806526,3.1506874561309814,0.030885847819737123,27,128.0
3.251073478468166e-05,0.00330817329826219,0.003384476455072749,135.4977560043335,0.0042662102110560445,2.163489580154419,0.001255192987046162,3.45430850982666,0.02066149736233467,28,128.0
4.7605116370146804e-05,0.004615726922377108,0.0023484933467737357,272.9348874092102,0.004017306256362304,1.7357020378112793,0.0005435720068411149,2.8976571559906006,0.015392465607730214,29,128.0
5.4899546383728007e-05,0.004056851535534663,0.004156672669024091,320.4489731788635,0.0039883995711600985,1.6753120422363281,0.000842121555421962,2.5296359062194824,0.0313144905928821,0,256.0
0.008508522426657821,0.04222932476554736,0.03210697289947329,214.74297094345093,0.00439233141089885,1.365879774093628,0.001390678001697131,2.3413548469543457,0.017753793844250687,1,256.0
3.983170441725421e-05,0.0019815843744288328,0.0020315497952376896,135.541113615036,0.005096839077891241,1.899562120437622,0.001185387951602015,3.3605990409851074,0.00965986748365605,2,256.0
0.004415542037326493,0.028618502908195717,0.01071199104934678,308.86301732063293,0.013780109408194654,1.3181869983673096,0.0017727383573115315,2.128673553466797,0.022887079583373098,3,256.0
0.005886529662251153,0.030941508398818336,0.035690623217215924,261.7005732059479,0.009824722154488952,1.4053843021392822,0.0029354405563568587,2.2261645793914795,0.01791489465304038,4,256.0
3.664530760872302e-05,0.0024142163577339166,0.004608995372951485,138.99428987503052,0.0012932551654653013,2.688603401184082,0.0008183604347265592,3.722342014312744,0.023588448875836394,5,256.0
3.4903678022539054e-05,0.0028336495538509748,0.0058607292792755205,226.3682587146759,0.006166283583417947,1.648005723953247,0.0005847603620896462,2.4507784843444824,0.015284449164602362,6,256.0
0.010939351187036017,0.00903540428476318,0.015566945131219046,135.37508368492126,0.008038709548185379,1.2994236946105957,0.0009185033223572635,2.2450969219207764,0.019416522848323344,7,256.0
5.304203191276199e-05,0.004846229981391748,0.0030705377519672267,183.70799660682678,0.010300132417912026,1.7644774913787842,0.0009524904090337844,2.5980517864227295,0.0536947068621593,8,256.0
3.913193053405194e-05,0.004157358075826867,0.003928104385370373,344.89880418777466,0.0019520239143532142,1.6948628425598145,0.0007248506150991905,2.2738759517669678,0.011329134927965277,9,256.0
0.0007560439663457579,0.018490510014816053,0.04392301726722132,248.68579840660095,0.006496515816151354,1.3388171195983887,0.0009663776571406169,2.455341339111328,0.01150861472624284,10,256.0
4.938032157134002e-05,0.0031056336504686954,0.004340805794317693,147.9274206161499,0.00826515603682759,1.8462767601013184,0.0014089142715736113,2.857030153274536,0.016276978006917502,11,256.0
5.009223641577866e-05,0.005196751771032708,0.0020920178163425646,353.6330900192261,0.006915567600572381,1.318755865097046,0.0008075285816377362,2.4495620727539062,0.019699628280890124,12,256.0
0.007149385778629614,0.009312039418220565,0.02688549589036276,305.47676825523376,0.00849551587812137,1.6350584030151367,0.001743042455587488,2.5390989780426025,0.0189300918789091,13,256.0
0.0013778314948133493,0.004045118973005865,0.003413343429347883,293.39722871780396,0.014124949578571107,1.2935597896575928,0.002075503224636914,2.1442668437957764,0.03866034313600221,14,256.0
3.071574513879602e-05,0.0037406694009899945,0.00645353150689867,230.6397647857666,0.0024977143913166937,1.5543162822723389,0.0008930175055871902,2.2912557125091553,0.01376333754001192,15,256.0
3.709459748351869e-05,0.004390120527664503,0.00296570282860446,151.87231373786926,0.011609497197135702,1.9076998233795166,0.001049845484920168,2.8165082931518555,0.0399707401702936,16,256.0
0.0009090552825100849,0.02151968678856275,0.033908813983242345,229.7074213027954,0.008362827643566032,1.0973339080810547,0.0012235258141549664,2.0836305618286133,0.02195540176871224,17,256.0
0.003437357532292588,0.01355078112285649,0.01303975980551065,203.45426487922668,0.007138568861437373,2.140923500061035,0.0005667187702131408,2.951124906539917,0.0362196172279232,18,256.0
0.002938104074343051,0.017577481751956617,0.03137503499136502,134.20370984077454,0.013900572667575432,1.4307544231414795,0.0006532823332385215,2.3700408935546875,0.01050874682083432,19,256.0
3.1981480073289205e-05,0.0012313755131655767,0.003631237112232157,133.81887888908386,0.0038316646116956575,1.7349770069122314,0.0007252873907169726,3.1569900512695312,0.023761760408395186,20,256.0
3.773220856824188e-05,0.0012295191223124983,0.001874359572722339,292.14890789985657,0.005400882924160977,2.0367660522460938,0.0011312752772736135,2.7518489360809326,0.02063888727792091,21,256.0
4.8380667642843206e-05,0.00257346788942857,0.00574790409676648,174.94885182380676,0.0033283476450463667,2.143911600112915,0.0017334577113926211,2.8411803245544434,0.02003902878223216,22,256.0
5.1293692354710996e-05,0.0009409469374298713,0.002156626280295388,224.9149980545044,0.004180865648951668,1.5731430053710938,0.001514105774629372,2.228865146636963,0.01115688674479527,23,256.0
3.534811903783315e-05,0.0040031065567532565,0.0050154567238636545,326.2026755809784,0.003970686024242793,1.8916840553283691,0.0006827210130481153,2.518982410430908,0.006338163621982613,24,256.0
0.016030256313993598,0.0619645327520934,0.06286815329083839,146.53865098953247,0.01354912501452432,1.6625699996948242,0.011608365620307648,2.5518975257873535,0.026354569429411282,25,256.0
2.9752631954734388e-05,0.004554458427129927,0.0031806299797210676,206.21757626533508,0.0027404064010733216,1.9953672885894775,0.0009391437986868996,2.82926869392395,0.0207547031552432,26,256.0
3.589800676152431e-05,0.00155436046556259,0.003039635327767767,174.94199466705322,0.010405886750035339,1.2584443092346191,0.0010936276624806526,2.499384641647339,0.030885847819737123,27,256.0
3.190347423413077e-05,0.003491631650255932,0.004475157920369257,186.9075472354889,0.0042662102110560445,2.3861258029937744,0.001255192987046162,2.931626081466675,0.02066149736233467,28,256.0
4.6671771914439135e-05,0.0033084683186596644,0.003819400885889957,185.1724991798401,0.004017306256362304,1.7258203029632568,0.0005435720068411149,2.88262677192688,0.015392465607730214,29,256.0
5.375004685815495e-05,0.004371643070862379,0.004825989915628509,265.4316818714142,0.0039883995711600985,1.7663311958312988,0.000842121555421962,2.8129873275756836,0.0313144905928821,0,512.0
0.006822670398612602,0.00690388514567484,0.007261017981311186,190.01199293136597,0.00439233141089885,1.4908678531646729,0.001390678001697131,2.6361048221588135,0.017753793844250687,1,512.0
4.135143715412583e-05,0.0029195722466498018,0.003970784798724035,216.1379041671753,0.005096839077891241,1.4896011352539062,0.001185387951602015,2.6356027126312256,0.00965986748365605,2,512.0
0.005283857577507251,0.011866758860465825,0.0265208891405861,215.5414478778839,0.013780109408194654,1.2094924449920654,0.0017727383573115315,2.099612236022949,0.022887079583373098,3,512.0
0.0016750906517168898,0.002981475116635056,0.01305051439267774,199.37323546409607,0.009824722154488952,1.4838945865631104,0.0029354405563568587,2.2886273860931396,0.01791489465304038,4,512.0
3.544274149570963e-05,0.002696800962267185,0.00381087833957006,128.92598819732666,0.0012932551654653013,2.334428310394287,0.0008183604347265592,3.3810689449310303,0.023588448875836394,5,512.0
3.65784028324804e-05,0.0016144865265567353,0.004931937986665502,140.0873155593872,0.006166283583417947,1.5321016311645508,0.0005847603620896462,2.207329034805298,0.015284449164602362,6,512.0
0.010730747624442144,0.009723789579874076,0.015946119137702115,158.89572596549988,0.008038709548185379,1.3616530895233154,0.0009185033223572635,2.354641914367676,0.019416522848323344,7,512.0
5.277235625804868e-05,0.0038230660632307314,0.003433656611229352,158.93855667114258,0.010300132417912026,1.5848424434661865,0.0009524904090337844,2.570103645324707,0.0536947068621593,8,512.0
3.81342688626206e-05,0.0035014754030825656,0.00402138208022754,185.91306257247925,0.0019520239143532142,1.6653904914855957,0.0007248506150991905,2.5026540756225586,0.011329134927965277,9,512.0
0.0017649164402913306,0.007384848898842793,0.007519547421972367,188.0325481891632,0.006496515816151354,1.1458752155303955,0.0009663776571406169,2.1615726947784424,0.01150861472624284,10,512.0
6.0679107303281596e-05,0.0052054123306131675,0.0060739033113510746,119.60184741020203,0.00826515603682759,1.870939016342163,0.0014089142715736113,3.076450824737549,0.016276978006917502,11,512.0
5.0899205941138764e-05,0.005253430799897204,0.0025656993985747134,178.69466376304626,0.006915567600572381,1.3049302101135254,0.0008075285816377362,2.2829062938690186,0.019699628280890124,12,512.0
0.007490511596334337,0.008510924991405261,0.02778469740194227,300.6344509124756,0.00849551587812137,1.8728139400482178,0.001743042455587488,2.83359694480896,0.0189300918789091,13,512.0
5.923167472350578e-05,0.0033927902625729483,0.00260203230882837,285.8298554420471,0.014124949578571107,1.154789686203003,0.002075503224636914,1.9972670078277588,0.03866034313600221,14,512.0
3.1460608657228764e-05,0.0025464880205366253,0.0030830046680326182,159.93287706375122,0.0024977143913166937,1.7151269912719727,0.0008930175055871902,2.7789998054504395,0.01376333754001192,15,512.0
3.6220070729579375e-05,0.0037754249060616197,0.0019878443468527613,164.71601843833923,0.011609497197135702,1.691220998764038,0.001049845484920168,2.9101927280426025,0.0399707401702936,16,512.0
0.0015104450582849012,0.021269688930532243,0.028404490833225455,192.45850563049316,0.008362827643566032,1.3985228538513184,0.0012235258141549664,2.370645523071289,0.02195540176871224,17,512.0
0.004046077954017946,0.0077176910444833186,0.003406652550909927,199.45021748542786,0.007138568861437373,1.4749765396118164,0.0005667187702131408,2.3307945728302,0.0362196172279232,18,512.0
0.0030067150952640875,0.016049401814818873,0.03142553066966582,201.14631462097168,0.013900572667575432,1.3238089084625244,0.0006532823332385215,2.281005859375,0.01050874682083432,19,512.0
3.2685031195810335e-05,0.0014100127138260612,0.0034829454215826333,113.99540734291077,0.0038316646116956575,1.8566505908966064,0.0007252873907169726,3.468374252319336,0.023761760408395186,20,512.0
3.6675287858008626e-05,0.004017071979491593,0.0028346756463419054,314.9488093852997,0.005400882924160977,1.9902901649475098,0.0011312752772736135,2.8162431716918945,0.02063888727792091,21,512.0
4.801085833171884e-05,0.0029862298300741643,0.005757243342588627,322.0932993888855,0.0033283476450463667,1.8641884326934814,0.0017334577113926211,2.4232277870178223,0.02003902878223216,22,512.0
0.015067288774846345,0.026156898848233863,0.018651226192532584,302.4379768371582,0.004180865648951668,1.2697079181671143,0.001514105774629372,1.9173293113708496,0.01115688674479527,23,512.0
3.44821844857204e-05,0.0043529202765084105,0.005633099167118553,306.3596420288086,0.003970686024242793,1.5174694061279297,0.0006827210130481153,2.1016714572906494,0.006338163621982613,24,512.0
0.016088436832590234,0.062322884151833506,0.06343605179892396,117.10413980484009,0.01354912501452432,1.3886468410491943,0.011608365620307648,2.0324273109436035,0.026354569429411282,25,512.0
2.8204963912764e-05,0.0025895074831690105,0.004372644757167483,196.6167664527893,0.0027404064010733216,1.9515783786773682,0.0009391437986868996,2.7427010536193848,0.0207547031552432,26,512.0
3.6490843007492336e-05,0.0012353912726264305,0.0030713247717892318,225.98154878616333,0.010405886750035339,1.5950431823730469,0.0010936276624806526,3.075044631958008,0.030885847819737123,27,512.0
3.241116892143372e-05,0.0034943638419658836,0.004043087595891465,132.95403385162354,0.0042662102110560445,2.0171797275543213,0.001255192987046162,3.5063226222991943,0.02066149736233467,28,512.0
4.593671576213302e-05,0.0022482160929726447,0.0026975337315194277,224.19745230674744,0.004017306256362304,1.6118781566619873,0.0005435720068411149,2.6715893745422363,0.015392465607730214,29,512.0
5.519685646416189e-05,0.002815848308909747,0.004762513758632097,215.2539768218994,0.0039883995711600985,1.68733811378479,0.000842121555421962,2.564469337463379,0.0313144905928821,0,1024.0
0.006642364253733037,0.004802633424019772,0.007138049048441622,228.56821966171265,0.00439233141089885,1.1859629154205322,0.001390678001697131,2.2203402519226074,0.017753793844250687,1,1024.0
4.066160275269699e-05,0.0031797250642745744,0.003200728186097061,259.6324520111084,0.005096839077891241,1.6958951950073242,0.001185387951602015,2.9066789150238037,0.00965986748365605,2,1024.0
0.004849221894318245,0.007986518653093692,0.02688042248688987,301.39991211891174,0.013780109408194654,1.183276653289795,0.0017727383573115315,2.0255351066589355,0.022887079583373098,3,1024.0
0.0018718561957681836,0.0027262748448953922,0.010465832873737825,272.9286346435547,0.009824722154488952,1.708958387374878,0.0029354405563568587,2.4533751010894775,0.01791489465304038,4,1024.0
3.5162664787834346e-05,0.0028697825746278067,0.004449033515698,156.57395577430725,0.0012932551654653013,2.1534464359283447,0.0008183604347265592,3.083951711654663,0.023588448875836394,5,1024.0
3.5081299642193536e-05,0.0015960085788792613,0.003965528224091487,161.24502205848694,0.006166283583417947,1.5860059261322021,0.0005847603620896462,2.2778756618499756,0.015284449164602362,6,1024.0
0.010867549297699779,0.009632625522116535,0.016179176131669464,191.9878761768341,0.008038709548185379,1.3157503604888916,0.0009185033223572635,2.2434186935424805,0.019416522848323344,7,1024.0
5.166684926694031e-05,0.0023040494359662686,0.002209709829907552,172.47275948524475,0.010300132417912026,1.293839454650879,0.0009524904090337844,2.2006680965423584,0.0536947068621593,8,1024.0
3.85831431340966e-05,0.003669302596323654,0.004942000675065614,159.183336019516,0.0019520239143532142,1.6830592155456543,0.0007248506150991905,2.3876826763153076,0.011329134927965277,9,1024.0
0.0017884341771843798,0.007877893012978317,0.007597891971669774,246.49376225471497,0.006496515816151354,1.3569049835205078,0.0009663776571406169,2.4768917560577393,0.01150861472624284,10,1024.0
6.43072826491996e-05,0.005870293084940177,0.006863683201553382,113.57633423805237,0.00826515603682759,1.6867246627807617,0.0014089142715736113,2.766620635986328,0.016276978006917502,11,1024.0
5.027496957382077e-05,0.004666046938029704,0.0034694487526402743,121.85110378265381,0.006915567600572381,1.2758822441101074,0.0008075285816377362,2.3190057277679443,0.019699628280890124,12,1024.0
0.007158823176720269,0.006607986353698969,0.023186983154602256,292.9336380958557,0.00849551587812137,1.5447273254394531,0.001743042455587488,2.5694098472595215,0.0189300918789091,13,1024.0
0.00011101428195974756,0.0035702642181577714,0.0028603102244472312,291.7161066532135,0.014124949578571107,1.0144989490509033,0.002075503224636914,1.780339241027832,0.03866034313600221,14,1024.0
3.097285685324833e-05,0.0030652647996955553,0.003385642143668656,175.31868243217468,0.0024977143913166937,1.5590474605560303,0.0008930175055871902,2.4917755126953125,0.01376333754001192,15,1024.0
3.753841776189414e-05,0.003374656962874213,0.0018329523903740698,163.81003212928772,0.011609497197135702,2.1577320098876953,0.001049845484920168,3.101755142211914,0.0399707401702936,16,1024.0
0.006685797872509258,0.005830709941619371,0.005502922845491788,190.4830539226532,0.008362827643566032,1.268293857574463,0.0012235258141549664,2.1137592792510986,0.02195540176871224,17,1024.0
0.0038757080285923913,0.007823670832451866,0.004202273113180775,272.4576802253723,0.007138568861437373,1.370213508605957,0.0005667187702131408,1.9950685501098633,0.0362196172279232,18,1024.0
0.00308535999870454,0.016113409544130756,0.03060744266894693,167.85694980621338,0.013900572667575432,1.5270185470581055,0.0006532823332385215,2.537902593612671,0.01050874682083432,19,1024.0
3.2425592374317623e-05,0.0011836699033764139,0.003244109693705382,100.75010013580322,0.0038316646116956575,1.4317898750305176,0.0007252873907169726,2.89678692817688,0.023761760408395186,20,1024.0
3.711012570952003e-05,0.0037827607221998663,0.0030285875236813536,264.53914308547974,0.005400882924160977,1.9187817573547363,0.0011312752772736135,2.8002493381500244,0.02063888727792091,21,1024.0
4.8013780386351666e-05,0.002929086996239939,0.005600644950137583,210.91313433647156,0.0033283476450463667,2.170847177505493,0.0017334577113926211,2.8793857097625732,0.02003902878223216,22,1024.0
9.220553515519996e-05,0.002501689724427091,0.003255947370450057,296.5198380947113,0.004180865648951668,1.27772855758667,0.001514105774629372,1.8559927940368652,0.01115688674479527,23,1024.0
3.406369432843201e-05,0.0035186670160617163,0.005171487475310578,231.29436421394348,0.003970686024242793,1.730295181274414,0.0006827210130481153,2.2008297443389893,0.006338163621982613,24,1024.0
0.016194179253603648,0.06198597326739882,0.06421117678472352,216.7240149974823,0.01354912501452432,1.6008729934692383,0.011608365620307648,2.415032148361206,0.026354569429411282,25,1024.0
2.8195389697851757e-05,0.0031398137929755086,0.004535239713421655,203.10255765914917,0.0027404064010733216,1.7746899127960205,0.0009391437986868996,2.547534227371216,0.0207547031552432,26,1024.0
3.676195791652138e-05,0.0016390255485117953,0.002877756157623131,153.06707572937012,0.010405886750035339,1.250946283340454,0.0010936276624806526,2.668314218521118,0.030885847819737123,27,1024.0
3.248875068727002e-05,0.0033101256599309082,0.003575835174644472,185.07945823669434,0.0042662102110560445,1.9790563583374023,0.001255192987046162,2.7818398475646973,0.02066149736233467,28,1024.0
4.7607847949043196e-05,0.002772404382784366,0.003307782113502167,153.6048436164856,0.004017306256362304,1.9627909660339355,0.0005435720068411149,3.143306016921997,0.015392465607730214,29,1024.0
5.483193657853905e-05,0.002055641321445388,0.0038042616690169896,307.8862373828888,0.0039883995711600985,1.6597399711608887,0.000842121555421962,2.5871806144714355,0.0313144905928821,0,2048.0
0.006637720479300267,0.0042906023548993704,0.007454016418520113,318.3079698085785,0.00439233141089885,1.3088033199310303,0.001390678001697131,2.364459991455078,0.017753793844250687,1,2048.0
4.199686161934471e-05,0.0035900158910331333,0.004149029501198375,183.46321964263916,0.005096839077891241,1.6552948951721191,0.001185387951602015,2.861466884613037,0.00965986748365605,2,2048.0
0.004809430289613865,0.0072234984882849655,0.0269609536406468,327.027295589447,0.013780109408194654,1.2443828582763672,0.0017727383573115315,2.1156859397888184,0.022887079583373098,3,2048.0
0.0018137212352229602,0.0022261008219419923,0.010953733414732277,310.6676023006439,0.009824722154488952,1.4883770942687988,0.0029354405563568587,2.4260873794555664,0.01791489465304038,4,2048.0
3.4852237543793315e-05,0.0028319131175003264,0.004006459595498847,172.98705077171326,0.0012932551654653013,2.0665948390960693,0.0008183604347265592,2.9501960277557373,0.023588448875836394,5,2048.0
3.505018775043192e-05,0.00167611413596659,0.004365207775595745,155.7030246257782,0.006166283583417947,1.4797697067260742,0.0005847603620896462,2.1192643642425537,0.015284449164602362,6,2048.0
0.010269371580383262,0.008932952780475864,0.014798695753524124,211.104745388031,0.008038709548185379,1.4516587257385254,0.0009185033223572635,2.511643886566162,0.019416522848323344,7,2048.0
5.204615832493529e-05,0.002456190033698914,0.002536186304703555,179.4470338821411,0.010300132417912026,1.3539392948150635,0.0009524904090337844,2.224043607711792,0.0536947068621593,8,2048.0
3.8607734557655816e-05,0.004439238694527603,0.00567324981137588,192.4610698223114,0.0019520239143532142,1.723182201385498,0.0007248506150991905,2.375767230987549,0.011329134927965277,9,2048.0
0.001754769912088008,0.00728839411733392,0.00744907461708821,307.3438129425049,0.006496515816151354,1.387355089187622,0.0009663776571406169,2.4259378910064697,0.01150861472624284,10,2048.0
6.453046483261282e-05,0.005839811100774847,0.007123163396199404,162.44374251365662,0.00826515603682759,1.9432802200317383,0.0014089142715736113,3.1726529598236084,0.016276978006917502,11,2048.0
5.062821161466601e-05,0.004760759152295998,0.00425709790150212,161.2781856060028,0.006915567600572381,1.5832104682922363,0.0008075285816377362,2.7175509929656982,0.019699628280890124,12,2048.0
0.006995212388194152,0.007643562333228961,0.02323852815979725,295.64456963539124,0.00849551587812137,1.5489041805267334,0.001743042455587488,2.6374800205230713,0.0189300918789091,13,2048.0
0.003861866858036529,0.017618349542086728,0.02377489510826129,302.4020552635193,0.014124949578571107,1.2675657272338867,0.002075503224636914,2.1999356746673584,0.03866034313600221,14,2048.0
3.1035194489205235e-05,0.003154740050796454,0.0038966104176738534,189.75405025482178,0.0024977143913166937,1.6043965816497803,0.0008930175055871902,2.354295015335083,0.01376333754001192,15,2048.0
3.7123062351053354e-05,0.0034987658944791475,0.0022768177553953804,186.76045036315918,0.011609497197135702,2.1833105087280273,0.001049845484920168,2.9566996097564697,0.0399707401702936,16,2048.0
0.0066023870365642815,0.006627543681493039,0.007452562238146373,312.7976031303406,0.008362827643566032,1.5053913593292236,0.0012235258141549664,2.630237340927124,0.02195540176871224,17,2048.0
0.006325911833817565,0.007478467089913229,0.0030613768234008204,286.8330726623535,0.007138568861437373,1.749540090560913,0.0005667187702131408,2.3833868503570557,0.0362196172279232,18,2048.0
0.003018141692677312,0.015749806501490334,0.03093381406410054,302.5489184856415,0.013900572667575432,1.5713226795196533,0.0006532823332385215,2.7454867362976074,0.01050874682083432,19,2048.0
3.327904130199233e-05,0.0013159671674446945,0.003059016015166141,154.6490340232849,0.0038316646116956575,1.799703598022461,0.0007252873907169726,3.2622880935668945,0.023761760408395186,20,2048.0
3.700463643769365e-05,0.0033910535316167352,0.002686158002799955,284.71622586250305,0.005400882924160977,1.7836384773254395,0.0011312752772736135,2.47383189201355,0.02063888727792091,21,2048.0
4.7329135489430446e-05,0.003652539220972163,0.00633906968050717,224.09129667282104,0.0033283476450463667,2.489088773727417,0.0017334577113926211,3.0287270545959473,0.02003902878223216,22,2048.0
0.015239365755433953,0.032870724507441204,0.02695632746229061,303.95846486091614,0.004180865648951668,1.2266089916229248,0.001514105774629372,1.9734811782836914,0.01115688674479527,23,2048.0
3.417925463627094e-05,0.003386034643389044,0.005465283023405362,198.80034756660461,0.003970686024242793,1.609299898147583,0.0006827210130481153,2.5326855182647705,0.006338163621982613,24,2048.0
0.01619336635675151,0.0627595605857992,0.06291919869116777,307.57703852653503,0.01354912501452432,1.407883644104004,0.011608365620307648,1.9780995845794678,0.026354569429411282,25,2048.0
2.924572635147647e-05,0.003694086355622112,0.004523007993529157,210.68753838539124,0.0027404064010733216,2.08242130279541,0.0009391437986868996,3.217912197113037,0.0207547031552432,26,2048.0
3.69996308142569e-05,0.0016363747043397936,0.002880282202101964,195.2135260105133,0.010405886750035339,1.439706802368164,0.0010936276624806526,3.0641188621520996,0.030885847819737123,27,2048.0
3.2402640471332036e-05,0.0033685595799271243,0.0032692405245736923,187.8416633605957,0.0042662102110560445,1.8476855754852295,0.001255192987046162,2.730621337890625,0.02066149736233467,28,2048.0
4.7570860126872674e-05,0.002667919878322866,0.003276247867613468,163.1219048500061,0.004017306256362304,1.5700643062591553,0.0005435720068411149,2.577019453048706,0.015392465607730214,29,2048.0
