Amari LBFGSB,Dilations error LBFGSB,Shifts error LBFGSB,Time LBFGSB,Amari MVICAD,Time MVICAD,Amari MVICAD ext,Time MVICAD ext,Amari permica,random_state,dilation_scale_per_source
0.00025635966058142523,0.008328757542326315,0.004836937135209596,29.00716805458069,0.005078089110245291,0.43744874000549316,0.0014656312692618689,0.6040024757385254,0.02875495890696474,0,True
8.716175225571552e-05,0.007099890267062806,0.008479898345148151,23.12709617614746,0.01053439084082437,0.32947659492492676,0.0015909517767345766,0.6081666946411133,0.031155152919686506,1,True
7.462278034498689e-05,0.0064772284322968925,0.002953075704032891,26.716801404953003,0.001413051392740794,0.4848039150238037,0.0011319403051659681,0.6795961856842041,0.01044278704939024,2,True
0.019539488428421438,0.0844172587091123,0.060083182343458205,40.96154856681824,0.010252245558157387,0.4037339687347412,0.0034034168184281953,0.5963125228881836,0.015611016618180176,3,True
5.7668764663480285e-05,0.009263042652559624,0.006711683243778058,25.075449228286743,0.005417572681101339,0.44542956352233887,0.001969120260694046,0.6553003787994385,0.011054880738657206,4,True
0.00010955549636904778,0.0024602258673975066,0.0060806858967265,27.37481951713562,0.0021233381268569293,0.6855118274688721,0.001682119474977073,0.907804012298584,0.023370468568538593,5,True
0.00012837745324768927,0.006967438777531291,0.006513835530129187,23.22572350502014,0.002543692242654716,0.6005592346191406,0.0006415458083068057,0.8606398105621338,0.018098440339749035,6,True
9.163532130050573e-05,0.00828634017170146,0.006626903165020138,19.701005458831787,0.00510286319058236,0.3604605197906494,0.0014300133103449055,0.5939414501190186,0.01848129336893893,7,True
0.00014348556148799187,0.0016272294893814692,0.005870007063857725,24.756486654281616,0.012541678190167316,0.4759962558746338,0.0014933804898419113,0.6548497676849365,0.0992898916159822,8,True
6.108164423203426e-05,0.00810475794086957,0.0036641651547763454,24.556427240371704,0.0041022165397906745,0.3709425926208496,0.0011968574639314555,0.5780448913574219,0.012074586734903293,9,True
9.622349223315692e-05,0.005732408197780655,0.008406790384108095,28.884634017944336,0.0005985359180455804,0.5080687999725342,0.0004651134575382724,0.719651460647583,0.01492909208884507,10,True
0.0001362640467876301,0.0036410106213607446,0.005584229666841062,27.882904529571533,0.002109202433256711,0.5452790260314941,0.001339569125645642,0.8610358238220215,0.01799128341676571,11,True
0.003153799650256291,0.0032393583898193096,0.003543321736617096,46.95116972923279,0.006231436568331398,0.5065946578979492,0.0008756037942836487,0.6939706802368164,0.016153641407870862,12,True
0.00014909589919840372,0.0075472244716069765,0.00538484006219858,39.493425130844116,0.0014478822195332177,0.5362138748168945,0.001879947384246883,0.7184417247772217,0.02791769782380387,13,True
0.0002038328573466789,0.006230595910215205,0.0015624955422344647,20.208343982696533,0.01169116102741816,0.3921186923980713,0.003212060922297637,0.5052361488342285,0.07754453411359094,14,True
0.0001023019118139068,0.006985458674447346,0.005962373940242844,42.2422878742218,0.0016747112877893693,0.46596813201904297,0.0007281347245676085,0.6041092872619629,0.011351806402960785,15,True
0.00015392294513208633,0.001233186107520338,0.004062694075391006,41.25719118118286,0.0011090794575929466,0.5316283702850342,0.0011091594625044054,0.6757707595825195,0.03215231487839416,16,True
0.00012946217568987614,0.005249970849884515,0.006852478838985234,25.420716047286987,0.0009553435946654846,0.45533275604248047,0.0011675553042437502,0.5922708511352539,0.022233358297558174,17,True
0.00011523873034345506,0.004850343847984018,0.007263081554714975,23.336132526397705,0.0011374730077798286,0.45592498779296875,0.0013263557670805857,0.5849916934967041,0.021239037123375618,18,True
6.99921256628322e-05,0.0051087484958533365,0.007324091500276188,20.082577228546143,0.0035370806510036878,0.4105243682861328,0.0015315200646123534,0.549652099609375,0.011906667711406558,19,True
6.832667850796467e-05,0.007557897834295642,0.006197187906462327,23.188720226287842,0.0018954032391176473,0.4760463237762451,0.0010260785984417115,0.6604208946228027,0.011404912481130071,20,True
0.00011974071383900054,0.007443645993773185,0.007197705438526898,45.960588693618774,0.0017952588193334898,0.4566009044647217,0.0008742015799045729,0.8254644870758057,0.012772538728953134,21,True
0.0001544063883144912,0.005120384346687453,0.0034904761893090478,48.52336597442627,0.002492820346341344,0.607219934463501,0.0007185179945220795,0.7757601737976074,0.021001773417676693,22,True
0.01602086688132457,0.04280031553178176,0.04768662382031642,25.673381090164185,0.0013350207007016687,0.737030029296875,0.0013360656226378534,1.0428097248077393,0.015609471323748413,23,True
6.066270997666657e-05,0.007872320185121792,0.0037082596223052128,27.8036527633667,0.005508020038805476,0.49182868003845215,0.0007329935094106881,0.6924235820770264,0.0065412790325757465,24,True
0.0001651275670385847,0.007621267580379036,0.013265393753507129,29.0390682220459,0.015957885544605043,0.40705370903015137,0.0013571971973024215,0.606372594833374,0.0399204518870586,25,True
9.554045913060528e-05,0.007722234322857139,0.00679357457604231,44.9257550239563,0.005643968545036867,0.6486799716949463,0.0011745626663016112,0.9072856903076172,0.021804504806357324,26,True
0.0001326811324546077,0.0037356125502944573,0.002828320131786573,25.6304612159729,0.010398682369305181,0.5366823673248291,0.0013465429393830625,0.7190566062927246,0.0783273947187948,27,True
5.5174919879400866e-05,0.007016687809261916,0.004316135130686719,22.641511917114258,0.001771522661286662,0.6267783641815186,0.0018819336954697175,0.8453669548034668,0.0217556216880931,28,True
6.637536157530672e-05,0.004693121227252265,0.006133560890199559,18.58444309234619,0.0026426614455638724,0.46339845657348633,0.0007863005588118587,0.6163375377655029,0.01885703128265497,29,True
0.0002516770554063778,0.009772239507139435,0.004663776672752065,27.064168691635132,0.005078089110245291,0.45278334617614746,0.0014656312692618689,0.6520495414733887,0.02875495890696474,0,False
8.393148598138852e-05,0.008921410672366825,0.007649491905790697,33.151294231414795,0.01053439084082437,0.31948423385620117,0.0015909517767345766,0.540229320526123,0.031155152919686506,1,False
7.687796284302124e-05,0.0073885650801920255,0.003029337960481776,37.83265995979309,0.001413051392740794,0.4717862606048584,0.0011319403051659681,0.6513302326202393,0.01044278704939024,2,False
0.0045400885359535795,0.06382717246634248,0.08629403388099768,40.86899447441101,0.010252245558157387,0.4175841808319092,0.0034034168184281953,0.595599889755249,0.015611016618180176,3,False
6.221100988711796e-05,0.012301764139990972,0.0074468711131048405,24.481515407562256,0.005417572681101339,0.4745495319366455,0.001969120260694046,0.7471113204956055,0.011054880738657206,4,False
0.00010923461737903187,0.0044807399695277654,0.007187257204363334,27.714784860610962,0.0021233381268569293,0.6508479118347168,0.001682119474977073,0.8231668472290039,0.023370468568538593,5,False
0.00013035094603587686,0.0058110227113404335,0.006134755719426182,26.253366708755493,0.002543692242654716,0.5800724029541016,0.0006415458083068057,0.8726420402526855,0.018098440339749035,6,False
9.0674970842534e-05,0.007537827010236479,0.007793973096249962,28.152953624725342,0.00510286319058236,0.35474348068237305,0.0014300133103449055,0.6353046894073486,0.01848129336893893,7,False
0.0001490146360847507,0.0032676435503209275,0.0055907067372108965,28.835662603378296,0.012541678190167316,0.4858222007751465,0.0014933804898419113,0.656367301940918,0.0992898916159822,8,False
6.48105674070439e-05,0.008998861888306476,0.007672321064966486,33.37696838378906,0.0041022165397906745,0.44149112701416016,0.0011968574639314555,0.6060285568237305,0.012074586734903293,9,False
0.00010006613517628733,0.0031952324376859132,0.007597135987687833,28.6711106300354,0.0005985359180455804,0.49785542488098145,0.0004651134575382724,0.6732141971588135,0.01492909208884507,10,False
0.00013280008710647714,0.004430387802105547,0.00673724741388103,44.64644408226013,0.002109202433256711,0.6792604923248291,0.001339569125645642,0.924813985824585,0.01799128341676571,11,False
0.0007473119537739325,0.003042223524827629,0.0042949086359234,46.813481092453,0.006231436568331398,0.5113339424133301,0.0008756037942836487,0.6817207336425781,0.016153641407870862,12,False
0.00014983337580138183,0.007775365512355048,0.007159640403139737,38.095195055007935,0.0014478822195332177,0.5419561862945557,0.001879947384246883,0.6846835613250732,0.02791769782380387,13,False
0.00020470032539180819,0.005429656667363059,0.0019020436648339264,21.336267948150635,0.01169116102741816,0.3891892433166504,0.003212060922297637,0.5217530727386475,0.07754453411359094,14,False
0.00011166551662470013,0.004983467867817381,0.0054826838299142444,36.16353368759155,0.0016747112877893693,0.47945189476013184,0.0007281347245676085,0.6465637683868408,0.011351806402960785,15,False
0.00015303159496480312,0.0034367003866996684,0.00466188433213728,47.23822212219238,0.0011090794575929466,0.5245413780212402,0.0011091594625044054,0.6971299648284912,0.03215231487839416,16,False
0.0001358065054088309,0.007030388718515349,0.007578382563971457,34.95763444900513,0.0009553435946654846,0.4379544258117676,0.0011675553042437502,0.5838046073913574,0.022233358297558174,17,False
0.00011465226787155114,0.005155914890493119,0.007689193332424318,24.42189908027649,0.0011374730077798286,0.4497241973876953,0.0013263557670805857,0.6103332042694092,0.021239037123375618,18,False
7.01501301806277e-05,0.006614671937348563,0.006560323907022633,22.80558180809021,0.0035370806510036878,0.42242884635925293,0.0015315200646123534,0.5599410533905029,0.011906667711406558,19,False
6.182207671189636e-05,0.007995031495586365,0.0033424316737369294,34.55942893028259,0.0018954032391176473,0.4860076904296875,0.0010260785984417115,0.6455159187316895,0.011404912481130071,20,False
0.00016192302208567117,0.008517600543347678,0.005559722281052345,46.645281076431274,0.0017952588193334898,0.4468672275543213,0.0008742015799045729,0.7964444160461426,0.012772538728953134,21,False
0.00016838584332300825,0.004880024133512132,0.0019621815917393692,47.82462477684021,0.002492820346341344,0.6022238731384277,0.0007185179945220795,0.8023006916046143,0.021001773417676693,22,False
0.014569684392940183,0.004080692207574484,0.012955112598137744,30.145151138305664,0.0013350207007016687,0.7210979461669922,0.0013360656226378534,1.0012974739074707,0.015609471323748413,23,False
6.163025370372241e-05,0.008323693112554853,0.00419808858029258,34.39181184768677,0.005508020038805476,0.5399842262268066,0.0007329935094106881,0.7415065765380859,0.0065412790325757465,24,False
0.00016463714133534423,0.007877296635966206,0.012539352698899463,27.049878358840942,0.015957885544605043,0.4299964904785156,0.0013571971973024215,0.6364235877990723,0.0399204518870586,25,False
0.00010008681718118862,0.008028133303444799,0.006899755747650967,46.1458055973053,0.005643968545036867,0.6736245155334473,0.0011745626663016112,0.8705780506134033,0.021804504806357324,26,False
0.0001364379513912217,0.0041021786933380135,0.0033377353857425205,23.401651620864868,0.010398682369305181,0.5580873489379883,0.0013465429393830625,0.7539570331573486,0.0783273947187948,27,False
5.510829848871523e-05,0.007065357801629476,0.0036991032550010147,21.670400142669678,0.001771522661286662,0.6624906063079834,0.0018819336954697175,0.9091119766235352,0.0217556216880931,28,False
6.669111048220877e-05,0.004366444971359318,0.006656947398466734,18.708364009857178,0.0026426614455638724,0.4666879177093506,0.0007863005588118587,0.6546595096588135,0.01885703128265497,29,False
