Amari LBFGSB,Dilations error LBFGSB,Shifts error LBFGSB,Time LBFGSB,Amari MVICAD,Time MVICAD,Amari MVICAD ext,Time MVICAD ext,Amari permica,random_state,W_scale
0.14725190720843231,0.05636182153201399,0.07007229426247782,117.90727424621582,0.004008888529800968,0.9792740345001221,0.000496595923972339,1.6411302089691162,0.021491247038549013,0,0.25
0.0877871124493024,0.02083777088432715,0.013391019879100302,115.7840723991394,0.0039966835864498305,1.0878753662109375,0.0009928386700320184,1.38547682762146,0.01713681052220111,1,0.25
0.07047074279253027,0.01116001378449094,0.016069068386772307,112.65508842468262,0.009192855161388694,0.9258341789245605,0.0013011934502445755,1.3981609344482422,0.009318788412712305,2,0.25
0.1715520466400052,0.060563878517195434,0.057524578106384165,101.56817889213562,0.019161984101196117,0.9744536876678467,0.0025557742716820764,1.274824857711792,0.020394724705402652,3,0.25
0.12139100350357464,0.05863132907275633,0.06828688161648966,98.38501214981079,0.0037862999648437057,0.852741003036499,0.0019029599171450939,1.3062725067138672,0.01285700588348154,4,0.25
0.09370990302722632,0.04596704562812824,0.04872934586872318,107.7455837726593,0.0025130646821232006,1.0650372505187988,0.0012129783006359029,1.702070951461792,0.02906230203975103,5,0.25
0.11191212886941918,0.014817755838897283,0.011330406024882061,109.52073073387146,0.0030247514692974815,1.1335821151733398,0.0005904420003239356,1.6699962615966797,0.013431723091307144,6,0.25
0.12332729313488784,0.10876659622671192,0.08266366820922881,112.77028727531433,0.003389825817120987,0.8758914470672607,0.001255789515771355,1.326988935470581,0.02172684123963326,7,0.25
0.15175851548773986,0.045894440273631,0.055259214963436804,94.91571307182312,0.002333083064750533,0.9622347354888916,0.0010399565882629803,1.3230538368225098,0.027996460765778948,8,0.25
0.11527041101187507,0.07527258537399238,0.08603502601813441,106.89752888679504,0.004942624319203889,0.8382649421691895,0.0018130042475370384,1.2652533054351807,0.013060992498319976,9,0.25
0.14804737091707768,0.016559023063128345,0.018508862162661278,112.74368619918823,0.0010031053750585402,1.1140336990356445,0.0006645204082258179,1.490990161895752,0.012448164437148053,10,0.25
0.2680948689221227,0.06940241355162453,0.08152885748271567,115.05307960510254,0.011396374206645816,1.028587818145752,0.00206425451225658,1.6137523651123047,0.0656884374745175,11,0.25
0.11147787911321724,0.028400446150296393,0.027930902594072386,93.79017663002014,0.005960457753672458,1.0779132843017578,0.0006186521885605459,1.460083246231079,0.022463452408124734,12,0.25
0.10049895027187641,0.013058260455175174,0.012989558652304643,110.40236496925354,0.012154949681700073,1.0346369743347168,0.0010459732447306433,1.5750341415405273,0.01742026103944099,13,0.25
0.11028533894495991,0.003782455857468037,0.01005765842063302,109.13255763053894,0.008726859153343588,0.6922898292541504,0.0014352936147312627,1.1935501098632812,0.026159764181004762,14,0.25
0.14278680590795415,0.028157552202331803,0.02936355645737577,112.007821559906,0.0034499652295679932,1.1499204635620117,0.0006655639591565343,1.6102759838104248,0.007337308545118992,15,0.25
0.1809130570643873,0.14884432870431222,0.12985994362561737,96.10314846038818,0.0025683443927727477,0.8992304801940918,0.0012941415487654074,1.450434684753418,0.018274443148916537,16,0.25
0.06378276391282126,0.018374267822889135,0.009973816024177573,107.82383179664612,0.008044760560878102,0.8112545013427734,0.0007333037310119731,1.5110771656036377,0.034839235790581534,17,0.25
0.08230759347190474,0.03386150837603261,0.05570307195825657,109.77862453460693,0.019139709357867164,0.7636120319366455,0.0012281477660160817,1.2817978858947754,0.01859060319842592,18,0.25
0.15286225372076093,0.027893506014192094,0.0309629295622501,111.29055571556091,0.0023275619248927515,0.9774050712585449,0.0007404518608717936,1.3963918685913086,0.012760328465684184,19,0.25
0.17423288243648138,0.045974446447404976,0.045869484954068986,96.36816263198853,0.003186567979643873,1.0075099468231201,0.0010128865703451396,1.6957063674926758,0.021210295982981704,20,0.25
0.06934277044560191,0.02157544968219871,0.015052040864714329,108.43277835845947,0.0020765089818450227,1.1943938732147217,0.00097228319334924,1.7483348846435547,0.015480005555054568,21,0.25
0.0773311173598421,0.06154131906470709,0.04603770445114321,112.52804970741272,0.008796028804326696,0.947500467300415,0.003371455135158582,1.4643137454986572,0.015924672308720727,22,0.25
0.06214761280432287,0.05465977090539636,0.06732029974751781,111.70541214942932,0.003862910239684303,1.3030624389648438,0.0008773349327879468,1.3835811614990234,0.013598558811705722,23,0.25
0.12705362089379527,0.030939678138646856,0.04098861079356939,93.74737405776978,0.001283806242316369,1.163820505142212,0.000754814189606512,1.5066466331481934,0.007693168820204259,24,0.25
0.12092232052741317,0.0481641383774154,0.05503756145790275,109.18936061859131,0.016609543105379626,1.027770757675171,0.0011723331711770164,1.540135145187378,0.02954286987372349,25,0.25
0.07581594419509202,0.02183194328562711,0.018752475809448336,109.84707140922546,0.002478170757790747,1.1786386966705322,0.0009520036651592994,1.680934190750122,0.022323335500855572,26,0.25
0.09025340787124644,0.028348875134018434,0.07058046022101448,94.4242308139801,0.017342210095854273,0.6789932250976562,0.001187342234607025,1.2506675720214844,0.028578799619912887,27,0.25
0.1290619538327576,0.01172930304462061,0.012241389242582423,111.25546455383301,0.006948699930511626,0.9574973583221436,0.0010868293798479125,1.535857915878296,0.023773936614895887,28,0.25
0.04612151895748924,0.02028119836224184,0.022857766110708864,104.85406851768494,0.008450645161932217,0.9968476295471191,0.0012427436193403476,1.2077317237854004,0.022036765846511368,29,0.25
0.16995613184402675,0.05367478219270277,0.09345948462170489,99.4243016242981,0.004008888529800968,0.9851961135864258,0.000496595923972339,1.624497413635254,0.021491247038549013,0,0.5
0.08768906230706928,0.013146713002604024,0.009860932080106586,110.85207557678223,0.0039966835864498305,1.1372387409210205,0.0009928386700320184,1.4290423393249512,0.01713681052220111,1,0.5
0.035000818957286225,0.005246216160472331,0.010963965857281571,108.43219375610352,0.009192855161388694,0.9084939956665039,0.0013011934502445755,1.463827133178711,0.009318788412712305,2,0.5
0.13706201771061527,0.026053350952326342,0.0212444055192609,103.84504866600037,0.019161984101196117,0.997607946395874,0.0025557742716820764,1.3074300289154053,0.020394724705402652,3,0.5
0.06108699965671479,0.019573250988981602,0.023656755474122944,96.32615280151367,0.0037862999648437057,0.9104430675506592,0.0019029599171450939,1.3302030563354492,0.01285700588348154,4,0.5
0.07729767357750242,0.01691406541935828,0.022592927176130314,111.91573572158813,0.0025130646821232006,1.0588390827178955,0.0012129783006359029,1.7371776103973389,0.02906230203975103,5,0.5
0.09364543407593429,0.01097141924560221,0.0074338464260722235,113.11388635635376,0.0030247514692974815,1.1630284786224365,0.0005904420003239356,1.6909523010253906,0.013431723091307144,6,0.5
0.0992717221590725,0.02500818994036269,0.03417375225004053,96.01267075538635,0.003389825817120987,0.8249149322509766,0.001255789515771355,1.2852466106414795,0.02172684123963326,7,0.5
0.09802054213282015,0.023758323868819205,0.03648371083346301,106.4090371131897,0.002333083064750533,1.0357811450958252,0.0010399565882629803,1.4084887504577637,0.027996460765778948,8,0.5
0.08711058312269733,0.010858146488237368,0.008772855313304507,109.51479291915894,0.004942624319203889,0.8345959186553955,0.0018130042475370384,1.2585818767547607,0.013060992498319976,9,0.5
0.09359270599320751,0.01512415114537129,0.01646431445851159,112.29372262954712,0.0010031053750585402,1.1082909107208252,0.0006645204082258179,1.4657397270202637,0.012448164437148053,10,0.5
0.11484794063705125,0.04878813444786803,0.0499395094689675,93.46213603019714,0.011396374206645816,1.0432703495025635,0.00206425451225658,1.6598424911499023,0.0656884374745175,11,0.5
0.06712231255265254,0.02338234737528886,0.02311935555374828,103.98116421699524,0.005960457753672458,1.0207631587982178,0.0006186521885605459,1.375924825668335,0.022463452408124734,12,0.5
0.07864459718283609,0.014460281854537183,0.016660419710903523,108.38841819763184,0.012154949681700073,0.9755768775939941,0.0010459732447306433,1.5725078582763672,0.01742026103944099,13,0.5
0.07140099949897731,0.004973372248880148,0.007080979906904946,108.17307662963867,0.008726859153343588,0.6713354587554932,0.0014352936147312627,1.1459770202636719,0.026159764181004762,14,0.5
0.05686067962324938,0.008001958397946884,0.005000775801422232,97.4049346446991,0.0034499652295679932,1.183941125869751,0.0006655639591565343,1.5071649551391602,0.007337308545118992,15,0.5
0.1467365702594142,0.07277391105437449,0.07947546733371574,108.4736225605011,0.0025683443927727477,0.996436357498169,0.0012941415487654074,1.5916876792907715,0.018274443148916537,16,0.5
0.06571779789648766,0.01814908585727511,0.013124985749542416,108.59900331497192,0.008044760560878102,0.8366940021514893,0.0007333037310119731,1.5481841564178467,0.034839235790581534,17,0.5
0.03784001666949665,0.006098818951591545,0.009467063785382972,107.91913533210754,0.019139709357867164,0.7664268016815186,0.0012281477660160817,1.2910926342010498,0.01859060319842592,18,0.5
0.12936733013384258,0.02344200380230578,0.025301972101722307,98.33173656463623,0.0023275619248927515,0.977895975112915,0.0007404518608717936,1.3005361557006836,0.012760328465684184,19,0.5
0.1493384603543887,0.046602998748959894,0.036555542464048726,104.94795441627502,0.003186567979643873,1.0937349796295166,0.0010128865703451396,1.8505172729492188,0.021210295982981704,20,0.5
0.04129714292710125,0.021905440894516945,0.010613264229259903,106.98634576797485,0.0020765089818450227,1.1945955753326416,0.00097228319334924,1.7229080200195312,0.015480005555054568,21,0.5
0.02407473863565746,0.005388111322779639,0.01048038984544164,111.49081134796143,0.008796028804326696,0.9247639179229736,0.003371455135158582,1.442986249923706,0.015924672308720727,22,0.5
0.03538509081553525,0.010930834569521953,0.020294300008302464,96.66676902770996,0.003862910239684303,1.291611671447754,0.0008773349327879468,1.3504173755645752,0.013598558811705722,23,0.5
0.08879272275949579,0.016308402560925042,0.02944763038271406,104.45671129226685,0.001283806242316369,1.2420120239257812,0.000754814189606512,1.6803743839263916,0.007693168820204259,24,0.5
0.07783736383340364,0.016951225351104455,0.02216456653266876,112.84359240531921,0.016609543105379626,1.0692286491394043,0.0011723331711770164,1.5373919010162354,0.02954286987372349,25,0.5
0.05746820164450428,0.019462011133785304,0.01694349883011143,96.11230826377869,0.002478170757790747,1.1299233436584473,0.0009520036651592994,1.5685288906097412,0.022323335500855572,26,0.5
0.09040836378918941,0.019384501802465294,0.06713317259394672,104.6752519607544,0.017342210095854273,0.6772029399871826,0.001187342234607025,1.3260624408721924,0.028578799619912887,27,0.5
0.11723799475519574,0.011467861652235352,0.012734288983178585,103.74812150001526,0.006948699930511626,0.9730291366577148,0.0010868293798479125,1.6030476093292236,0.023773936614895887,28,0.5
0.017276259014955102,0.028198058466176453,0.024917928283984366,95.09669280052185,0.008450645161932217,0.9303693771362305,0.0012427436193403476,1.2274401187896729,0.022036765846511368,29,0.5
0.14000199482178516,0.11510242795738099,0.16863590559378655,104.56520318984985,0.004008888529800968,0.9655032157897949,0.000496595923972339,1.6573359966278076,0.021491247038549013,0,1.0
0.062010824878695095,0.02359368589478463,0.01672819437684697,109.50147199630737,0.0039966835864498305,1.0624144077301025,0.0009928386700320184,1.4177000522613525,0.01713681052220111,1,1.0
0.028518854357692906,0.008551709370759575,0.011106468848327609,104.80090761184692,0.009192855161388694,0.934485912322998,0.0013011934502445755,1.4574484825134277,0.009318788412712305,2,1.0
0.103049301342568,0.024418672714200663,0.021280478717322308,91.77635669708252,0.019161984101196117,0.9395275115966797,0.0025557742716820764,1.2140822410583496,0.020394724705402652,3,1.0
0.03310104361322915,0.01827441238763785,0.021106542120564443,106.02444243431091,0.0037862999648437057,0.9518437385559082,0.0019029599171450939,1.360694169998169,0.01285700588348154,4,1.0
0.0709131760544607,0.05230482933122341,0.051032340640554605,107.6215934753418,0.0025130646821232006,1.0288166999816895,0.0012129783006359029,1.6796443462371826,0.02906230203975103,5,1.0
0.05672599242621819,0.011616827169306647,0.007266285894883372,105.12201046943665,0.0030247514692974815,1.1171112060546875,0.0005904420003239356,1.6322977542877197,0.013431723091307144,6,1.0
0.07284353239609515,0.022639464451156024,0.031663337143873475,94.51814389228821,0.003389825817120987,0.8488049507141113,0.001255789515771355,1.292701005935669,0.02172684123963326,7,1.0
0.06640031005458984,0.01958839908170636,0.03990128873518719,109.33129739761353,0.002333083064750533,1.0611116886138916,0.0010399565882629803,1.4808270931243896,0.027996460765778948,8,1.0
0.0398996108107937,0.007998826430919086,0.007372851186062375,109.59332013130188,0.004942624319203889,0.7886121273040771,0.0018130042475370384,1.2222938537597656,0.013060992498319976,9,1.0
0.061826210158707186,0.01301215308264747,0.010254507903361694,106.36702728271484,0.0010031053750585402,1.145287036895752,0.0006645204082258179,1.4749064445495605,0.012448164437148053,10,1.0
0.06435856336961743,0.01954646577686347,0.017874012351716914,93.42840576171875,0.011396374206645816,1.0307166576385498,0.00206425451225658,1.5554170608520508,0.0656884374745175,11,1.0
0.04510978775195991,0.017127510742942144,0.017474674249052368,108.80258321762085,0.005960457753672458,1.0868215560913086,0.0006186521885605459,1.4034991264343262,0.022463452408124734,12,1.0
0.06503633632122427,0.008967965730854106,0.008712950829402193,111.59616422653198,0.012154949681700073,0.9375400543212891,0.0010459732447306433,1.518902063369751,0.01742026103944099,13,1.0
0.017810254220859103,0.00374233293173926,0.004500473658970764,92.97079730033875,0.008726859153343588,0.6410684585571289,0.0014352936147312627,1.1361620426177979,0.026159764181004762,14,1.0
0.05474818165869635,0.026607573438168906,0.031005271359999746,106.59240627288818,0.0034499652295679932,1.1360924243927002,0.0006655639591565343,1.5255839824676514,0.007337308545118992,15,1.0
0.12377443099254562,0.03584019325682308,0.019787214388004872,108.92116355895996,0.0025683443927727477,1.0092267990112305,0.0012941415487654074,1.605032205581665,0.018274443148916537,16,1.0
0.04165533927569258,0.01654141436995936,0.009287590448521822,109.16115236282349,0.008044760560878102,0.7989249229431152,0.0007333037310119731,1.468635082244873,0.034839235790581534,17,1.0
0.0254226945268295,0.018219385326609924,0.03111673419516596,94.75106573104858,0.019139709357867164,0.7144806385040283,0.0012281477660160817,1.2211155891418457,0.01859060319842592,18,1.0
0.1043714666413027,0.017388708831845904,0.0142336154752869,104.86815452575684,0.0023275619248927515,1.0157067775726318,0.0007404518608717936,1.3356852531433105,0.012760328465684184,19,1.0
0.16322725931331666,0.015803463206469266,0.01732311559045286,109.62185192108154,0.003186567979643873,1.1349875926971436,0.0010128865703451396,1.9004085063934326,0.021210295982981704,20,1.0
0.02434495524073441,0.01984715230194435,0.016158706799650025,109.3829288482666,0.0020765089818450227,1.169201374053955,0.00097228319334924,1.6917552947998047,0.015480005555054568,21,1.0
0.0032509250519953794,0.005028326816696819,0.010627167259602971,96.99277138710022,0.008796028804326696,0.9017972946166992,0.003371455135158582,1.3932266235351562,0.015924672308720727,22,1.0
0.029438950279163274,0.008201019787963067,0.0073673629645319766,102.62579274177551,0.003862910239684303,1.3237922191619873,0.0008773349327879468,1.348444938659668,0.013598558811705722,23,1.0
0.07791254597483743,0.008655514493207731,0.012930476559520142,99.61959314346313,0.001283806242316369,1.2364070415496826,0.000754814189606512,1.648653507232666,0.007693168820204259,24,1.0
0.06428716015960381,0.03206699003266194,0.032608528351243775,95.48519706726074,0.016609543105379626,0.9356486797332764,0.0011723331711770164,1.459430456161499,0.02954286987372349,25,1.0
0.052881516116342654,0.03167565860842731,0.026233486113703294,107.72286105155945,0.002478170757790747,1.128708839416504,0.0009520036651592994,1.6730296611785889,0.022323335500855572,26,1.0
0.07377569278276766,0.02866461831855854,0.07237477092920762,103.29248237609863,0.017342210095854273,0.6821258068084717,0.001187342234607025,1.3478872776031494,0.028578799619912887,27,1.0
0.09506066630314923,0.007905775119134794,0.006988977507251263,104.29464316368103,0.006948699930511626,1.0019047260284424,0.0010868293798479125,1.6046631336212158,0.023773936614895887,28,1.0
0.01034826693175382,0.020781562547777663,0.023767323419008293,94.31764531135559,0.008450645161932217,0.9403691291809082,0.0012427436193403476,1.1590545177459717,0.022036765846511368,29,1.0
0.07800590844720526,0.03595181746195551,0.03072553730822947,115.4613585472107,0.004008888529800968,0.9916818141937256,0.000496595923972339,1.6776793003082275,0.021491247038549013,0,2.0
0.05331567163582586,0.013505595920119158,0.01181152428129183,105.130380153656,0.0039966835864498305,1.1034965515136719,0.0009928386700320184,1.4161226749420166,0.01713681052220111,1,2.0
0.01450601432176508,0.00826791896294258,0.00839495557379939,95.78501796722412,0.009192855161388694,0.91658616065979,0.0013011934502445755,1.401871681213379,0.009318788412712305,2,2.0
0.06492877266927415,0.009235400409203395,0.010020556232473773,99.42987251281738,0.019161984101196117,1.0066015720367432,0.0025557742716820764,1.343228816986084,0.020394724705402652,3,2.0
0.00998254642864271,0.016381640398380956,0.022038580894283455,101.15859317779541,0.0037862999648437057,0.9237198829650879,0.0019029599171450939,1.3524425029754639,0.01285700588348154,4,2.0
0.04309560158652949,0.04462184542865934,0.039818762567278405,98.00115036964417,0.0025130646821232006,1.041686773300171,0.0012129783006359029,1.7419042587280273,0.02906230203975103,5,2.0
0.03969572878367814,0.011028168514615943,0.005904729547365051,101.01334428787231,0.0030247514692974815,1.1409766674041748,0.0005904420003239356,1.648191213607788,0.013431723091307144,6,2.0
0.05484237235892803,0.014717002988383292,0.02006977975156005,99.16192054748535,0.003389825817120987,0.8680875301361084,0.001255789515771355,1.3302505016326904,0.02172684123963326,7,2.0
0.025757777444940642,0.01179523798617336,0.01617129263448873,99.62069082260132,0.002333083064750533,0.9877321720123291,0.0010399565882629803,1.3412420749664307,0.027996460765778948,8,2.0
0.04172190428873528,0.007834257629170486,0.005339475959317966,97.92650699615479,0.004942624319203889,0.7961816787719727,0.0018130042475370384,1.231619119644165,0.013060992498319976,9,2.0
0.019281242517920384,0.014046312848216594,0.013326636077294915,100.35597276687622,0.0010031053750585402,1.1476714611053467,0.0006645204082258179,1.456052303314209,0.012448164437148053,10,2.0
0.029285350837171348,0.013377659144810336,0.01987147896109369,99.17171096801758,0.011396374206645816,1.1014084815979004,0.00206425451225658,1.6913111209869385,0.0656884374745175,11,2.0
0.01417871929237538,0.01699818403541755,0.017054372870477355,103.36583518981934,0.005960457753672458,1.0170588493347168,0.0006186521885605459,1.4274559020996094,0.022463452408124734,12,2.0
0.05240246570041052,0.010425920825586814,0.008626653617906025,98.25796294212341,0.012154949681700073,0.9305596351623535,0.0010459732447306433,1.503465175628662,0.01742026103944099,13,2.0
0.01415298505464419,0.026073770456664022,0.03184663949535367,101.4338755607605,0.008726859153343588,0.6937968730926514,0.0014352936147312627,1.2178149223327637,0.026159764181004762,14,2.0
0.00986819778672957,0.007724586051760592,0.006957276383388358,98.50879120826721,0.0034499652295679932,1.2210354804992676,0.0006655639591565343,1.6476616859436035,0.007337308545118992,15,2.0
0.087575199533773,0.04165497134003173,0.026516353100251768,99.58440232276917,0.0025683443927727477,1.005950689315796,0.0012941415487654074,1.5650334358215332,0.018274443148916537,16,2.0
0.046151977585813866,0.018951787819779,0.013122787348477983,105.31154203414917,0.008044760560878102,0.8183953762054443,0.0007333037310119731,1.5190446376800537,0.034839235790581534,17,2.0
0.020400903872229804,0.006899782761520582,0.008954374691034347,102.2198441028595,0.019139709357867164,0.8443241119384766,0.0012281477660160817,1.4337646961212158,0.01859060319842592,18,2.0
0.09836110762912988,0.010344743421802739,0.004968426862369089,98.61261749267578,0.0023275619248927515,1.0208802223205566,0.0007404518608717936,1.364192247390747,0.012760328465684184,19,2.0
0.13143495339832695,0.01259316060767411,0.012761311397457169,98.76279354095459,0.003186567979643873,1.112656831741333,0.0010128865703451396,1.9163572788238525,0.021210295982981704,20,2.0
0.013435204807386006,0.019677518937429906,0.010888274785262048,101.9666678905487,0.0020765089818450227,1.1145789623260498,0.00097228319334924,1.5989398956298828,0.015480005555054568,21,2.0
0.0019489039173968415,0.0021148691943620643,0.0067020807034315795,100.3340380191803,0.008796028804326696,0.9541187286376953,0.003371455135158582,1.4670605659484863,0.015924672308720727,22,2.0
0.030717070517502332,0.005975826075020156,0.004309015368166191,99.85329341888428,0.003862910239684303,1.3396780490875244,0.0008773349327879468,1.4114923477172852,0.013598558811705722,23,2.0
0.06007153049014395,0.013072211709653662,0.019184071109994493,93.33404517173767,0.001283806242316369,1.184584379196167,0.000754814189606512,1.590118408203125,0.007693168820204259,24,2.0
0.03981902713733361,0.026713673818822104,0.0280844486973453,99.33245301246643,0.016609543105379626,0.9785811901092529,0.0011723331711770164,1.416170358657837,0.02954286987372349,25,2.0
0.05391149937977972,0.008800488470453413,0.00613070787040988,98.54147601127625,0.002478170757790747,1.181166172027588,0.0009520036651592994,1.7056951522827148,0.022323335500855572,26,2.0
0.05018114142717277,0.019920745207991683,0.06881972932488295,97.44806265830994,0.017342210095854273,0.6763553619384766,0.001187342234607025,1.317634105682373,0.028578799619912887,27,2.0
0.049633940709691626,0.007831066812785833,0.0091431138704998,96.59688425064087,0.006948699930511626,0.9844932556152344,0.0010868293798479125,1.5793766975402832,0.023773936614895887,28,2.0
0.0010144097175201112,0.018468260861905783,0.01876354067378048,95.42717695236206,0.008450645161932217,1.0174994468688965,0.0012427436193403476,1.2620460987091064,0.022036765846511368,29,2.0
0.022358755140268277,0.03125766296039902,0.027103213896344635,96.81718039512634,0.004008888529800968,0.9476244449615479,0.000496595923972339,1.614079236984253,0.021491247038549013,0,4.0
0.05395797069644846,0.015089390723794678,0.010543256887668839,98.13798546791077,0.0039966835864498305,1.1402041912078857,0.0009928386700320184,1.4817562103271484,0.01713681052220111,1,4.0
0.004180466903929569,0.007976562380337853,0.009598444580812795,95.9593300819397,0.009192855161388694,0.8992109298706055,0.0013011934502445755,1.4051086902618408,0.009318788412712305,2,4.0
0.0277473671226606,0.01136540158787409,0.008711102600203214,95.33022856712341,0.019161984101196117,1.0004279613494873,0.0025557742716820764,1.3276057243347168,0.020394724705402652,3,4.0
0.0010985235047285139,0.0051859331524031806,0.012457041829183656,96.52608609199524,0.0037862999648437057,0.9099245071411133,0.0019029599171450939,1.3320677280426025,0.01285700588348154,4,4.0
0.006534125196832061,0.005783950856200581,0.007776083755774816,96.42206382751465,0.0025130646821232006,1.0526313781738281,0.0012129783006359029,1.7352938652038574,0.02906230203975103,5,4.0
0.01412904502517251,0.00961401748404122,0.004590778001427425,96.94813895225525,0.0030247514692974815,1.1077699661254883,0.0005904420003239356,1.6651287078857422,0.013431723091307144,6,4.0
0.04048834039515263,0.011921676746251315,0.014791325654037088,96.71023797988892,0.003389825817120987,0.8598864078521729,0.001255789515771355,1.3262345790863037,0.02172684123963326,7,4.0
0.014333078467971818,0.0040276064048722,0.009074693870207486,92.45877480506897,0.002333083064750533,0.9869587421417236,0.0010399565882629803,1.3250391483306885,0.027996460765778948,8,4.0
0.007922356362200995,0.006244522056942791,0.006652630237396554,95.05424070358276,0.004942624319203889,0.7934386730194092,0.0018130042475370384,1.2483737468719482,0.013060992498319976,9,4.0
0.00415529485313955,0.008793088046159999,0.00662815644836659,96.0148057937622,0.0010031053750585402,1.1086161136627197,0.0006645204082258179,1.4486620426177979,0.012448164437148053,10,4.0
0.023326930660523798,0.008450554573125164,0.009770674119823993,96.8372254371643,0.011396374206645816,1.1434800624847412,0.00206425451225658,1.7326223850250244,0.0656884374745175,11,4.0
0.007147660218773293,0.015683822139922594,0.0150120540738325,95.43480634689331,0.005960457753672458,1.004967212677002,0.0006186521885605459,1.3408772945404053,0.022463452408124734,12,4.0
0.03570307618687728,0.008873614630649396,0.010662634377597513,95.04740834236145,0.012154949681700073,0.9538547992706299,0.0010459732447306433,1.5211246013641357,0.01742026103944099,13,4.0
0.004608499825297659,0.02490979080594101,0.030777849154549577,96.12650084495544,0.008726859153343588,0.685814619064331,0.0014352936147312627,1.1574103832244873,0.026159764181004762,14,4.0
0.000732617276266804,0.006860673068958597,0.003300858694905715,97.73151636123657,0.0034499652295679932,1.1779611110687256,0.0006655639591565343,1.5641980171203613,0.007337308545118992,15,4.0
0.06600882911583301,0.019623904773834838,0.029246422997029464,93.66090273857117,0.0025683443927727477,0.9682087898254395,0.0012941415487654074,1.4941966533660889,0.018274443148916537,16,4.0
0.03857878465156335,0.018114111271415823,0.011375819890462397,97.61382389068604,0.008044760560878102,0.8130209445953369,0.0007333037310119731,1.5141775608062744,0.034839235790581534,17,4.0
0.022382774009944005,0.004770932964477614,0.0045742173778970585,95.86067867279053,0.019139709357867164,0.7731068134307861,0.0012281477660160817,1.3245301246643066,0.01859060319842592,18,4.0
0.0500083226946049,0.010313764970374647,0.005690625382655296,96.15689134597778,0.0023275619248927515,0.9989917278289795,0.0007404518608717936,1.2841801643371582,0.012760328465684184,19,4.0
0.0654010521115131,0.010914239124542346,0.009929348371363422,94.83918261528015,0.003186567979643873,1.115924596786499,0.0010128865703451396,1.8676090240478516,0.021210295982981704,20,4.0
0.0032196757057596686,0.013164294962853769,0.007593112491693001,96.59089708328247,0.0020765089818450227,1.198822021484375,0.00097228319334924,1.7583777904510498,0.015480005555054568,21,4.0
0.00021327323189773706,0.004202275793962773,0.005352581495708275,97.00521111488342,0.008796028804326696,0.9499778747558594,0.003371455135158582,1.5013337135314941,0.015924672308720727,22,4.0
0.025048858740179515,0.005889075289093437,0.004066500058517031,94.86839532852173,0.003862910239684303,1.3409740924835205,0.0008773349327879468,1.400012493133545,0.013598558811705722,23,4.0
0.03020515346212759,0.015885277927861305,0.028997392420744426,95.26247191429138,0.001283806242316369,1.202927589416504,0.000754814189606512,1.5977120399475098,0.007693168820204259,24,4.0
0.05111677333380773,0.053342755879423026,0.06694841872503327,96.89238405227661,0.016609543105379626,1.0307419300079346,0.0011723331711770164,1.5168311595916748,0.02954286987372349,25,4.0
0.06565989037112302,0.030894177238856752,0.07989213592632617,96.35554814338684,0.002478170757790747,1.1724700927734375,0.0009520036651592994,1.658996343612671,0.022323335500855572,26,4.0
0.038715720498707695,0.020158737916936415,0.06713179738554159,96.65520811080933,0.017342210095854273,0.6821715831756592,0.001187342234607025,1.3517951965332031,0.028578799619912887,27,4.0
0.03681873540327123,0.006943981539830624,0.004921629981011013,94.50052428245544,0.006948699930511626,0.9670305252075195,0.0010868293798479125,1.5624172687530518,0.023773936614895887,28,4.0
9.495669920791538e-05,0.003266605664917351,0.005500639401809105,95.37599635124207,0.008450645161932217,0.974994421005249,0.0012427436193403476,1.2297439575195312,0.022036765846511368,29,4.0
0.005226054301887225,0.015667413211169216,0.011671472937154533,94.52389883995056,0.004008888529800968,0.948131799697876,0.000496595923972339,1.678950548171997,0.021491247038549013,0,8.0
0.031193480261762257,0.010662005114048068,0.005610319156220533,95.43283557891846,0.0039966835864498305,1.0740900039672852,0.0009928386700320184,1.395080327987671,0.01713681052220111,1,8.0
0.00017914099562664764,0.008042283556310655,0.011468618580742192,96.35930752754211,0.009192855161388694,0.9002463817596436,0.0013011934502445755,1.393841028213501,0.009318788412712305,2,8.0
0.01518056543445207,0.010132280303742617,0.006055780031358688,98.40553879737854,0.019161984101196117,1.0057110786437988,0.0025557742716820764,1.2963147163391113,0.020394724705402652,3,8.0
0.00022210863896776617,0.005096857664742905,0.011361751642456057,95.05267190933228,0.0037862999648437057,0.9028110504150391,0.0019029599171450939,1.3406665325164795,0.01285700588348154,4,8.0
0.0008768477219145051,0.005047282205092518,0.006614150081385632,97.16763234138489,0.0025130646821232006,1.0160222053527832,0.0012129783006359029,1.6844303607940674,0.02906230203975103,5,8.0
0.024016088374677204,0.051877549642406026,0.055148015549521825,94.30469799041748,0.0030247514692974815,1.1079480648040771,0.0005904420003239356,1.592897653579712,0.013431723091307144,6,8.0
0.014714240187712207,0.009283085557164113,0.012129349058288634,95.41918659210205,0.003389825817120987,0.9046823978424072,0.001255789515771355,1.3973639011383057,0.02172684123963326,7,8.0
0.0014710480258183591,0.005691019804981679,0.011412998882712343,94.88407158851624,0.002333083064750533,0.9441342353820801,0.0010399565882629803,1.292633295059204,0.027996460765778948,8,8.0
0.001734206325017773,0.007022714046786612,0.012342361379373645,94.50734877586365,0.004942624319203889,0.7865567207336426,0.0018130042475370384,1.2145183086395264,0.013060992498319976,9,8.0
0.0005215267981184954,0.009352017923544469,0.006719170948568247,96.38840556144714,0.0010031053750585402,1.0761799812316895,0.0006645204082258179,1.376986026763916,0.012448164437148053,10,8.0
0.009343258146166255,0.0076923972417318074,0.010488991551810075,98.32438564300537,0.011396374206645816,1.1088533401489258,0.00206425451225658,1.6913437843322754,0.0656884374745175,11,8.0
0.0007493650121738526,0.007908064453295127,0.006534830783709367,97.00706434249878,0.005960457753672458,0.9812984466552734,0.0006186521885605459,1.288377285003662,0.022463452408124734,12,8.0
0.004926322389729221,0.008165298827360687,0.007415269022764259,94.18113255500793,0.012154949681700073,0.9552013874053955,0.0010459732447306433,1.4682910442352295,0.01742026103944099,13,8.0
0.00013468768083680545,0.0018784562520505717,0.0010099968332642655,95.97442674636841,0.008726859153343588,0.6783478260040283,0.0014352936147312627,1.154935598373413,0.026159764181004762,14,8.0
0.00034475997641810754,0.0069677880266598565,0.0032280941460955436,99.12955498695374,0.0034499652295679932,1.1943867206573486,0.0006655639591565343,1.6487445831298828,0.007337308545118992,15,8.0
0.041982281183944994,0.02938847986531258,0.03916668812049293,96.88906288146973,0.0025683443927727477,0.8985152244567871,0.0012941415487654074,1.4770164489746094,0.018274443148916537,16,8.0
0.020270414174879074,0.01800068941027934,0.013369728848191844,97.00561213493347,0.008044760560878102,0.86171555519104,0.0007333037310119731,1.6126115322113037,0.034839235790581534,17,8.0
0.03490128914867657,0.004929329772834986,0.006297687121986792,95.55475187301636,0.019139709357867164,0.7755429744720459,0.0012281477660160817,1.2948904037475586,0.01859060319842592,18,8.0
0.007403312170870591,0.00846585360556104,0.004726385977224943,97.56653022766113,0.0023275619248927515,1.035956621170044,0.0007404518608717936,1.4123046398162842,0.012760328465684184,19,8.0
0.01869625139516991,0.008994158978570359,0.00896463114725294,98.48526859283447,0.003186567979643873,1.0692284107208252,0.0010128865703451396,1.8505518436431885,0.021210295982981704,20,8.0
0.0003450850881818845,0.015033063954941077,0.011624135984866214,98.13650274276733,0.0020765089818450227,1.1234087944030762,0.00097228319334924,1.661238193511963,0.015480005555054568,21,8.0
7.638836908819096e-05,0.002747174636378391,0.0042782421226385476,96.32128858566284,0.008796028804326696,0.9436261653900146,0.003371455135158582,1.4783275127410889,0.015924672308720727,22,8.0
0.004748626043461827,0.006201406320352495,0.004325750162286935,98.99088311195374,0.003862910239684303,1.3403337001800537,0.0008773349327879468,1.3536429405212402,0.013598558811705722,23,8.0
0.0024355704991875005,0.013357716443315256,0.02402373654900828,97.14124822616577,0.001283806242316369,1.2072303295135498,0.000754814189606512,1.5499861240386963,0.007693168820204259,24,8.0
0.02661125706805516,0.032090361820447555,0.035690238301270674,97.86689376831055,0.016609543105379626,1.0721852779388428,0.0011723331711770164,1.5491526126861572,0.02954286987372349,25,8.0
0.015119123239207244,0.007746248071853149,0.006177745283150398,95.01643466949463,0.002478170757790747,1.1256132125854492,0.0009520036651592994,1.5893640518188477,0.022323335500855572,26,8.0
0.014593950086703698,0.020260820042559195,0.06779345102640155,95.92192721366882,0.017342210095854273,0.7065784931182861,0.001187342234607025,1.376842975616455,0.028578799619912887,27,8.0
0.008297225894782575,0.008409197646220168,0.00796119427911931,95.509197473526,0.006948699930511626,0.929443359375,0.0010868293798479125,1.4532771110534668,0.023773936614895887,28,8.0
4.6917812505694234e-05,0.0037688138340625046,0.008708308666220375,96.84474492073059,0.008450645161932217,0.9625673294067383,0.0012427436193403476,1.2212145328521729,0.022036765846511368,29,8.0
0.0003937136600302593,0.0078115080331209764,0.004750721103042795,94.43102860450745,0.004008888529800968,0.9273483753204346,0.000496595923972339,1.541363000869751,0.021491247038549013,0,16.0
0.013189844330201494,0.009398682421032605,0.006085553972890959,96.03026461601257,0.0039966835864498305,1.0914733409881592,0.0009928386700320184,1.4322912693023682,0.01713681052220111,1,16.0
5.7139878496892395e-05,0.008077945114141815,0.009124344133750207,96.42785406112671,0.009192855161388694,0.883397102355957,0.0013011934502445755,1.3575465679168701,0.009318788412712305,2,16.0
0.0021180266318725346,0.010839681804565309,0.006470251721066738,96.83266615867615,0.019161984101196117,0.9934234619140625,0.0025557742716820764,1.3352370262145996,0.020394724705402652,3,16.0
4.9632607295839005e-05,0.0027922127182291884,0.013232972843796731,93.73141074180603,0.0037862999648437057,0.8659415245056152,0.0019029599171450939,1.265662431716919,0.01285700588348154,4,16.0
0.0021934660178308586,0.041324294016640964,0.03213106770429893,94.67811942100525,0.0025130646821232006,1.0550060272216797,0.0012129783006359029,1.7813279628753662,0.02906230203975103,5,16.0
0.0004836222287119071,0.009600260703049349,0.0037189352681573033,96.82653975486755,0.0030247514692974815,1.0680773258209229,0.0005904420003239356,1.5820362567901611,0.013431723091307144,6,16.0
0.0007088079063778212,0.004442971200954279,0.006827559225776326,93.92802596092224,0.003389825817120987,0.8516464233398438,0.001255789515771355,1.324359655380249,0.02172684123963326,7,16.0
0.00028445406539875744,0.005936708208643685,0.008296519725499083,94.49140405654907,0.002333083064750533,0.9827580451965332,0.0010399565882629803,1.3591887950897217,0.027996460765778948,8,16.0
0.00241006342271954,0.04160729023270462,0.02574594951289041,95.18575954437256,0.004942624319203889,0.8038558959960938,0.0018130042475370384,1.2697556018829346,0.013060992498319976,9,16.0
0.00011777063151936495,0.009243056871078492,0.005752150608776856,95.91439700126648,0.0010031053750585402,1.0584890842437744,0.0006645204082258179,1.3624200820922852,0.012448164437148053,10,16.0
0.0014826567919455356,0.0058154803689227505,0.010209828249320273,95.12395095825195,0.011396374206645816,1.0855627059936523,0.00206425451225658,1.6783146858215332,0.0656884374745175,11,16.0
8.423892446064081e-05,0.01441407421481123,0.012456151181921152,97.13160490989685,0.005960457753672458,0.9962747097015381,0.0006186521885605459,1.3308627605438232,0.022463452408124734,12,16.0
0.001303725181887938,0.008761020909493577,0.004208873334177795,97.57226061820984,0.012154949681700073,0.9470620155334473,0.0010459732447306433,1.514829397201538,0.01742026103944099,13,16.0
4.856342198183613e-05,0.002024119940495931,0.007291393981448662,95.34880924224854,0.008726859153343588,0.6550288200378418,0.0014352936147312627,1.107609510421753,0.026159764181004762,14,16.0
5.984706204062254e-05,0.0052834679327738625,0.0065808732199393125,95.25882244110107,0.0034499652295679932,1.1521766185760498,0.0006655639591565343,1.560659408569336,0.007337308545118992,15,16.0
0.06652560579701311,0.05468465452219832,0.06007339231160811,96.32474184036255,0.0025683443927727477,0.939974308013916,0.0012941415487654074,1.511672019958496,0.018274443148916537,16,16.0
0.00035425486325022513,0.008325270109219277,0.003958844270287882,95.91711354255676,0.008044760560878102,0.8090498447418213,0.0007333037310119731,1.4963021278381348,0.034839235790581534,17,16.0
0.03535176029555648,0.005337512418266854,0.00691138776516833,97.97293877601624,0.019139709357867164,0.720844030380249,0.0012281477660160817,1.2238616943359375,0.01859060319842592,18,16.0
0.0018896572602975388,0.008644841235028755,0.003728168106639321,97.4084095954895,0.0023275619248927515,0.9923696517944336,0.0007404518608717936,1.2901296615600586,0.012760328465684184,19,16.0
0.001145739298011143,0.00735463933485514,0.009067890100637773,95.51590991020203,0.003186567979643873,1.0476970672607422,0.0010128865703451396,1.9000985622406006,0.021210295982981704,20,16.0
6.540487480145203e-05,0.012858850543087967,0.009566205056655707,95.96582674980164,0.0020765089818450227,1.1566669940948486,0.00097228319334924,1.6990549564361572,0.015480005555054568,21,16.0
6.370241043566944e-05,0.002224619560397034,0.002784368807469229,98.02103447914124,0.008796028804326696,0.958378791809082,0.003371455135158582,1.496288537979126,0.015924672308720727,22,16.0
0.00027781669635678816,0.005365775960581202,0.00267365934508389,94.85674548149109,0.003862910239684303,1.313227891921997,0.0008773349327879468,1.3510613441467285,0.013598558811705722,23,16.0
0.00033895494660569995,0.014480311472444388,0.02740083844583138,94.73892140388489,0.001283806242316369,1.1724989414215088,0.000754814189606512,1.5862643718719482,0.007693168820204259,24,16.0
0.01280040669218974,0.02729554874757061,0.04925369952622433,98.7794280052185,0.016609543105379626,1.0344102382659912,0.0011723331711770164,1.5342121124267578,0.02954286987372349,25,16.0
7.7941573832437e-05,0.007123182078463719,0.006120898557790952,95.39146375656128,0.002478170757790747,1.1505944728851318,0.0009520036651592994,1.6293787956237793,0.022323335500855572,26,16.0
0.007857595338634485,0.03303053963379792,0.04839155841805552,94.17079710960388,0.017342210095854273,0.6825008392333984,0.001187342234607025,1.3600709438323975,0.028578799619912887,27,16.0
0.0028896187120541726,0.006892426168930591,0.005819355885686459,95.12935137748718,0.006948699930511626,0.931257963180542,0.0010868293798479125,1.5916352272033691,0.023773936614895887,28,16.0
0.0017043239428363981,0.06510236344457213,0.004600055493554802,104.89614391326904,0.008450645161932217,0.9824380874633789,0.0012427436193403476,1.215221881866455,0.022036765846511368,29,16.0
9.22334699472338e-05,0.007903486181908918,0.005435976824978076,97.96511268615723,0.004008888529800968,0.9433796405792236,0.000496595923972339,1.6358082294464111,0.021491247038549013,0,32.0
0.00043231097857012363,0.008410498341595189,0.007493746995116749,95.74957942962646,0.0039966835864498305,1.0640695095062256,0.0009928386700320184,1.3626081943511963,0.01713681052220111,1,32.0
4.530184677157267e-05,0.006958707558142689,0.005653699386259847,100.58343505859375,0.009192855161388694,0.9631490707397461,0.0013011934502445755,1.460620641708374,0.009318788412712305,2,32.0
0.0007737855659374719,0.011976884569048277,0.008208312371487956,97.74626302719116,0.019161984101196117,1.0254218578338623,0.0025557742716820764,1.3364803791046143,0.020394724705402652,3,32.0
4.1359965626726794e-05,0.0017591747858142733,0.007246974629437682,96.46378827095032,0.0037862999648437057,0.8786187171936035,0.0019029599171450939,1.3173644542694092,0.01285700588348154,4,32.0
0.008776539264590093,0.038281601575573,0.01669214365222773,98.82853198051453,0.0025130646821232006,1.0512065887451172,0.0012129783006359029,1.6818575859069824,0.02906230203975103,5,32.0
5.642540387366113e-05,0.009711004047968371,0.0057667190714003865,94.50565910339355,0.0030247514692974815,1.0880475044250488,0.0005904420003239356,1.6916401386260986,0.013431723091307144,6,32.0
3.746192668653281e-05,0.0061778393567728665,0.00868876715166086,98.361172914505,0.003389825817120987,0.8699862957000732,0.001255789515771355,1.3704862594604492,0.02172684123963326,7,32.0
4.3934186272098775e-05,0.002670662610139729,0.008571502363395822,97.14770936965942,0.002333083064750533,0.9827444553375244,0.0010399565882629803,1.336106300354004,0.027996460765778948,8,32.0
0.001961363379667051,0.04211647794115037,0.02735110175963662,96.92241740226746,0.004942624319203889,0.7886776924133301,0.0018130042475370384,1.2425720691680908,0.013060992498319976,9,32.0
6.908332267544873e-05,0.009581428763884103,0.006093075646113413,95.48750734329224,0.0010031053750585402,1.0421624183654785,0.0006645204082258179,1.3777697086334229,0.012448164437148053,10,32.0
8.757773394190148e-05,0.005229713281168502,0.006542347773916835,100.23557209968567,0.011396374206645816,1.10129714012146,0.00206425451225658,1.706296443939209,0.0656884374745175,11,32.0
6.207404042310646e-05,0.008497441098767222,0.004366162265055171,98.45419836044312,0.005960457753672458,0.9995651245117188,0.0006186521885605459,1.3530323505401611,0.022463452408124734,12,32.0
5.8323052072221484e-05,0.008085149628034896,0.007326439938781221,97.05563402175903,0.012154949681700073,0.9260163307189941,0.0010459732447306433,1.529679298400879,0.01742026103944099,13,32.0
4.773457111505082e-05,0.001802276987872616,0.0022667595042246084,97.41173505783081,0.008726859153343588,0.6429481506347656,0.0014352936147312627,1.1443700790405273,0.026159764181004762,14,32.0
4.5512036331737024e-05,0.006319586042031385,0.003488824729845695,100.24600434303284,0.0034499652295679932,1.1792805194854736,0.0006655639591565343,1.6136376857757568,0.007337308545118992,15,32.0
0.06542242357016362,0.04042262962311542,0.07306233523797823,96.37739515304565,0.0025683443927727477,0.9965741634368896,0.0012941415487654074,1.6755328178405762,0.018274443148916537,16,32.0
0.01464365305104622,0.01499193251602846,0.019252847729299635,95.93131756782532,0.008044760560878102,0.7877912521362305,0.0007333037310119731,1.475966453552246,0.034839235790581534,17,32.0
0.0010345992223990538,0.0029485893806149447,0.0028047562325870866,94.5462703704834,0.019139709357867164,0.7041146755218506,0.0012281477660160817,1.2213938236236572,0.01859060319842592,18,32.0
0.0031368794882878394,0.03543647704960716,0.0471803504380455,97.75337505340576,0.0023275619248927515,1.019324541091919,0.0007404518608717936,1.3499102592468262,0.012760328465684184,19,32.0
0.0004111288561223669,0.007240277980899368,0.00887527977128357,96.85982036590576,0.003186567979643873,1.061178207397461,0.0010128865703451396,1.7703149318695068,0.021210295982981704,20,32.0
4.96041019570866e-05,0.012753107775197121,0.00793079508240205,100.92386674880981,0.0020765089818450227,1.2250771522521973,0.00097228319334924,1.767171859741211,0.015480005555054568,21,32.0
6.173750129122208e-05,0.0038989054255985423,0.007243333119818782,84.63469123840332,0.008796028804326696,0.8618359565734863,0.003371455135158582,1.3216936588287354,0.015924672308720727,22,32.0
8.001983231384161e-05,0.0028903148008411574,0.0025078447489303595,96.06677746772766,0.003862910239684303,1.3745083808898926,0.0008773349327879468,1.4257829189300537,0.013598558811705722,23,32.0
4.2781205604055146e-05,0.002747934680968885,0.00347693803952332,97.00086402893066,0.001283806242316369,1.1481120586395264,0.000754814189606512,1.5294280052185059,0.007693168820204259,24,32.0
0.0044117623939439075,0.03022806323602539,0.021045757752487175,96.20695543289185,0.016609543105379626,1.0030100345611572,0.0011723331711770164,1.4563307762145996,0.02954286987372349,25,32.0
3.7603423587436366e-05,0.006210513232454969,0.0034281293610920493,101.33863663673401,0.002478170757790747,1.1198623180389404,0.0009520036651592994,1.6395831108093262,0.022323335500855572,26,32.0
0.0005053183595266704,0.006492658430579408,0.011237324616381859,96.2287368774414,0.017342210095854273,0.6859362125396729,0.001187342234607025,1.3177568912506104,0.028578799619912887,27,32.0
0.00022376965155869178,0.005079735210569236,0.00542475718486823,98.14225959777832,0.006948699930511626,0.8989768028259277,0.0010868293798479125,1.4219441413879395,0.023773936614895887,28,32.0
0.008809811113626755,0.0052829419554719275,0.07030642261532428,58.2265989780426,0.008450645161932217,0.9065701961517334,0.0012427436193403476,1.1614596843719482,0.022036765846511368,29,32.0
