Amari LBFGSB,Dilations error LBFGSB,Shifts error LBFGSB,Time LBFGSB,Amari MVICAD,Time MVICAD,Amari MVICAD ext,Time MVICAD ext,Amari permica,random_state,max_dilation,max_shift
0.0063032134436455,2.9371380415218105e-05,5.595274146827182e-05,18.081360340118408,0.0087000758767368,1.3294029235839844,0.0087000758767368,1.3588900566101074,0.0352564484401253,0,1.00001,1e-05
0.0027706846940978,3.780080952443162e-05,9.070611165330107e-05,21.95674753189087,0.0040263296800493,1.2647716999053955,0.0040263296800493,1.2638492584228516,0.0188916483099062,1,1.00001,1e-05
0.0016720101385597,3.13140757118191e-05,8.21817591758404e-05,20.18272352218628,0.0023424199475039,1.2768442630767822,0.0023424199475039,1.2181298732757568,0.0159842417042245,2,1.00001,1e-05
0.0028608937351109,3.173155499898902e-05,7.486956244481257e-05,36.0952537059784,0.003438635138208,1.7883625030517578,0.003438635138208,1.5336756706237793,0.0273572248301837,3,1.00001,1e-05
0.0025400393431155,2.6663974784775964e-05,0.000104879983998,26.36786127090454,0.0025026086212143,1.007193088531494,0.0025026086212143,1.1142513751983645,0.0157372591482681,4,1.00001,1e-05
0.0041635577479713,3.10299225659764e-05,8.580293700958623e-05,21.825345516204838,0.0046060020482402,1.6102049350738523,0.0046060020482402,1.58624267578125,0.0360566647823401,5,1.00001,1e-05
0.1736702486418588,2.782425716384059e-05,8.442849174130628e-05,25.03930950164795,0.0060293089607736,1.2980976104736328,0.0060293089607736,1.1900107860565186,0.0249932416455316,6,1.00001,1e-05
0.0038534972137665,2.489457042453106e-05,6.068899342610197e-05,23.15092635154724,0.0062887217806831,1.4292795658111572,0.0062887217806831,1.8032243251800537,0.0305949870511381,7,1.00001,1e-05
0.0027179675028233,2.8535646440926617e-05,6.412150681996224e-05,19.62822914123535,0.0065331684130814,1.833868265151977,0.0065331684130814,1.8833494186401367,0.0482349183859816,8,1.00001,1e-05
0.0038806902216119,2.2468703547377324e-05,8.961320078908116e-05,22.59793901443481,0.0036159222450628,1.207883596420288,0.0036159222450628,1.1692490577697754,0.0209262566528563,9,1.00001,1e-05
0.0021752525531856,2.770432331109518e-05,9.549657752426776e-05,19.20175051689148,0.0032179364722091,1.5936884880065918,0.0032179364722091,1.3528101444244385,0.0188344723661581,10,1.00001,1e-05
0.0023697060538849,2.8836496864078265e-05,9.017431226175932e-05,24.623627185821533,0.0033122626716378,1.5515716075897217,0.0033122626716378,1.4506371021270752,0.0232071161109434,11,1.00001,1e-05
0.0113806582092448,3.2717820532172466e-05,9.540097957049244e-05,50.0409038066864,0.0058323106842068,1.0118820667266846,0.0058323106842068,0.9954190254211426,0.0215049086570345,12,1.00001,1e-05
0.0025943159923082,3.370585355832271e-05,9.469199095154534e-05,27.031245946884155,0.0057281392351606,1.8537929058074951,0.0057281392351606,1.9948797225952148,0.0289105902343518,13,1.00001,1e-05
0.0039995044409608,3.313831506724559e-05,9.792689560769174e-05,19.56674194335937,0.0047825534725745,1.744788408279419,0.0047825534725745,1.5945942401885986,0.0324259286994568,14,1.00001,1e-05
0.0030320697982062,3.104089223002759e-05,7.251407033780725e-05,26.36349368095398,0.003334667756348,1.2596502304077148,0.003334667756348,1.2536773681640625,0.0183178102753611,15,1.00001,1e-05
0.0060021648134331,3.4935510643130384e-05,9.465024446304224e-05,26.41455841064453,0.0077588415287774,1.214367389678955,0.0077588415287774,1.3068654537200928,0.0412840992631244,16,1.00001,1e-05
0.0033740007099392,2.990099488269967e-05,9.182162182742592e-05,23.073145389556885,0.003797766794966,1.4261808395385742,0.003797766794966,1.376903057098389,0.0232151575941018,17,1.00001,1e-05
0.00247407765753,2.7319216649453657e-05,7.436444693849446e-05,18.66306233406067,0.0027579582497737,1.3679382801055908,0.0027579582497737,1.3625242710113523,0.0225842625569671,18,1.00001,1e-05
0.0037481318987326,2.5099578532354152e-05,7.928274179190102e-05,17.62495470046997,0.0034536177236241,1.3069393634796145,0.0034536177236241,1.159600019454956,0.0165148455228665,19,1.00001,1e-05
0.0019831162444189,3.76848801932006e-05,9.35771976807646e-05,24.91378402709961,0.0025935766032448,1.452399492263794,0.0025935766032448,1.2411906719207764,0.0144776829224961,20,1.00001,1e-05
0.0036164592741934,3.137837718147907e-05,7.994276553597486e-05,26.080973863601685,0.0052381587438263,1.9072802066802976,0.0052381587438263,2.181446313858032,0.0303646151370449,21,1.00001,1e-05
0.0024814719761433,3.185481496374246e-05,0.0001013009521876,36.332599401474,0.0026357009681483,1.1835761070251465,0.0026357009681483,1.248342514038086,0.0323615810733526,22,1.00001,1e-05
0.2321038746728209,3.279222555937859e-05,6.278012371868276e-05,26.224244832992557,0.0020838423183382,1.27278470993042,0.0020838423183382,1.265880823135376,0.015814242050032,23,1.00001,1e-05
0.0010453703435182,3.088239422845973e-05,6.768918174336891e-05,18.52919912338257,0.001569885773068,1.083763599395752,0.001569885773068,1.1402599811553955,0.009532898798822,24,1.00001,1e-05
0.0052464519983225,2.9301302783579787e-05,6.429126180207412e-05,17.447953701019287,0.0064631413659213,1.0858917236328125,0.0064631413659213,0.993450164794922,0.0251098449936862,25,1.00001,1e-05
0.0032632449764886,2.9533278166571364e-05,7.381717342875478e-05,24.44923973083496,0.0049330251643732,1.71958589553833,0.0049330251643732,1.668046951293945,0.0259531454033699,26,1.00001,1e-05
0.0102791196443144,3.210601052655212e-05,8.991216051917143e-05,21.73636364936829,0.0126837515964509,1.6508009433746338,0.0126837515964509,1.75235915184021,0.049559756682677,27,1.00001,1e-05
0.0026213892562964,3.007958856488339e-05,6.077901896147283e-05,18.325300455093384,0.0044923949030849,2.186844825744629,0.0044923949030849,2.2371129989624023,0.0295839800914582,28,1.00001,1e-05
0.0028089430848617,2.387147208408417e-05,8.099643411944765e-05,19.411628246307373,0.0031967899501386,1.3802142143249512,0.0031967899501386,1.4705162048339844,0.0236122659065152,29,1.00001,1e-05
0.0014890616464901,0.001923246781212,0.003272190017836,38.317811489105225,0.0033662040271273,0.875924825668335,0.0028812881702344,0.8150839805603027,0.0360853629124636,0,1.03,0.01
0.0002604085998543,0.0019412145534108,0.0024595589231457,42.6163489818573,0.0006926436223151,0.6159656047821045,0.0005356059959871,0.6614911556243896,0.0180791941034457,1,1.03,0.01
0.0003621385453917,0.0040659769809868,0.0052916033237423,46.82160186767578,0.0006108052557789,0.7968623638153076,0.0005922728505979,0.8094797134399414,0.0147581619030989,2,1.03,0.01
0.0003498762234837,0.0025869387049659,0.0035782074042014,49.992640256881714,0.0008988578912094,0.7232382297515869,0.0007421062838028,0.8344767093658447,0.0266016005311351,3,1.03,0.01
0.0003171770443423,0.0015254907114472,0.0016791368519899,32.807778120040894,0.0008577371978852,0.7411022186279297,0.0010665760258709,0.8764660358428955,0.0152820919329895,4,1.03,0.01
0.0005268857957155,0.00111918036423,0.0014555112868835,36.10062098503113,0.000999505744672,1.0661940574645996,0.0010284172239491,1.100830316543579,0.0365937515343798,5,1.03,0.01
0.0145579603804878,0.0036954875120468,0.0130636986982174,35.05168437957764,0.0018344251959026,0.9281580448150636,0.0014978991750785,0.9113650321960448,0.0242902792761474,6,1.03,0.01
0.00051776644888,0.0019899033201433,0.002098075902963,36.4651837348938,0.0011330623034044,0.7045247554779053,0.0009823304060757,0.7106409072875977,0.028683572692022,7,1.03,0.01
0.0002304182367094,0.0017512497529728,0.0023471267341932,29.436201810836792,0.0005669602245997,0.8703224658966064,0.0006245902894932,0.8409018516540527,0.0440368187851409,8,1.03,0.01
0.0002551788927514,0.0018159283005085,0.0026902000582866,25.258126735687256,0.0006117136404125,1.073537826538086,0.0009632251884676,0.9869577884674072,0.0214971191788809,9,1.03,0.01
0.0004075509222211,0.0014966526107778,0.0025160395627657,34.3310067653656,0.0009839283109862,1.005568265914917,0.0008347085613044,0.9463860988616944,0.0168003744075944,10,1.03,0.01
0.0005675641194478,0.0021177754378283,0.0036397285886094,42.65603303909302,0.0013420814810037,0.9963085651397704,0.0013355016370468,1.0022552013397217,0.0234263212735405,11,1.03,0.01
0.0335212878411605,0.0020800397412357,0.0030713732855708,51.40561556816101,0.0021666269252998,0.9053828716278076,0.001779141339356,0.892359733581543,0.0212979748928872,12,1.03,0.01
0.0004862765705755,0.0025559784947506,0.0035974356970356,47.458449363708496,0.0015482406804279,1.0400662422180176,0.0013500723750956,0.9399087429046632,0.0276057866810667,13,1.03,0.01
0.0004568495987339,0.001730442030343,0.0026132107705781,25.88900303840637,0.0014814492054822,0.6914710998535156,0.0012519274975945,0.6451499462127686,0.0301631329032021,14,1.03,0.01
0.000640743372077,0.0015056083169736,0.0022595481137903,46.859858751297,0.0014063299162663,0.8093624114990234,0.0013272613040004,0.8476657867431641,0.0171184138584172,15,1.03,0.01
0.001026923459653,0.0011827722489458,0.0017342531390522,49.234580755233765,0.0031357227606616,0.9446885585784912,0.0026052541930582,0.991363286972046,0.0423052954940637,16,1.03,0.01
0.000825371435794,0.0013573413239086,0.0020757217479207,28.633513689041138,0.0016831847363025,0.7985470294952393,0.0015734432016594,0.7510390281677246,0.0232392903572115,17,1.03,0.01
0.0006037745559814,0.0016104919198647,0.0021113416418981,26.28299307823181,0.0011872566959443,0.7687928676605225,0.00115669086486,0.7189590930938721,0.0239960028843659,18,1.03,0.01
0.0003786908176082,0.0018251191935105,0.0025673198639419,30.31856942176819,0.0011870113787124,0.7579116821289062,0.0011472520149472,0.7624826431274414,0.0160698337535861,19,1.03,0.01
0.0003357251111907,0.0016795136290715,0.0023474148240478,34.34289216995239,0.0009959586144134,0.7886683940887451,0.0007356644055442,0.7781918048858643,0.0150362173869853,20,1.03,0.01
0.00085758415568,0.0015599175135976,0.0024756968984412,48.72324919700623,0.0017869560357159,0.7487878799438477,0.0021440848108122,0.8952445983886719,0.0295211437916646,21,1.03,0.01
0.0004235015929984,0.0013190407421724,0.0019415900461765,44.95948123931885,0.0009247672693425,0.9991450309753418,0.0008928249215387,1.0598914623260498,0.0329697656471856,22,1.03,0.01
0.048740640226875,0.0142012300110564,0.0250766436434535,23.98888921737671,0.0014145264812723,1.1705622673034668,0.0013940983372344,1.0449717044830322,0.0165038457297085,23,1.03,0.01
0.0003553055679941,0.000514225728147,0.0008987076954202,31.08622717857361,0.0008452587520196,0.9321768283843994,0.0007363636504223,1.088068962097168,0.0093367621105137,24,1.03,0.01
0.0005926353553672,0.0027964826285224,0.0043982643357353,27.419920444488525,0.0016624462449414,0.9759376049041748,0.0016682987117306,0.978208303451538,0.0280867382042082,25,1.03,0.01
0.0004988635929869,0.0013444594291015,0.0018977593338513,33.66727304458618,0.0013464091535087,0.9914226531982422,0.0016280353661367,0.986710786819458,0.0232527248811065,26,1.03,0.01
0.000298198809007,0.0013619588996777,0.0022233941977473,27.49391794204712,0.0014559743707398,0.9105470180511476,0.0010734480995116,0.951857328414917,0.0437943634173103,27,1.03,0.01
0.0003035926802784,0.0019429006147944,0.0026645024243099,19.63997793197632,0.0009544199834361,1.2734792232513428,0.0009917027166029,1.0687639713287354,0.0237175470584213,28,1.03,0.01
0.0006455600697016,0.0022706016802714,0.0028972300225305,20.2134063243866,0.0015831561979267,0.765678882598877,0.0015454944383383,0.826683759689331,0.0247553345496484,29,1.03,0.01
0.000651980442793,0.0023593561161181,0.0026906194192673,54.84087204933167,0.0017508003915634,0.6566376686096191,0.0013885708619979,0.7556555271148682,0.034074315774112,0,1.06,0.02
0.0001366803305058,0.0012308481450687,0.0019658514309407,36.21916222572327,0.0007554249819547,0.6284389495849609,0.0004210165329033,0.7333877086639404,0.0146791589300658,1,1.06,0.02
0.0002139227072036,0.0019625254731781,0.0023385824867782,38.38976430892944,0.0004816574388063,0.6696851253509521,0.0004553836782638,0.7649884223937988,0.0139156216514915,2,1.06,0.02
0.0001156214995193,0.002021938257638,0.0024151907406929,49.86565065383911,0.0013968153834502,0.8478982448577881,0.000342599180146,0.7736411094665527,0.0235662564869195,3,1.06,0.02
0.0001355113600216,0.0036228100343329,0.0033609069414856,33.78837323188782,0.0009570000457089,0.6135809421539307,0.000615702189906,0.8009066581726074,0.014327860224695,4,1.06,0.02
0.0002632570508083,0.0018636591611974,0.0031048215039933,56.164196729660034,0.0006493086805385,1.0145187377929688,0.0006973307661244,1.0334012508392334,0.0350813986662607,5,1.06,0.02
0.00837305769379,0.026694149399936,0.0441973167278697,25.557552337646484,0.0012081653047324,0.7597215175628662,0.0009975415941102,0.865445613861084,0.0219360644250437,6,1.06,0.02
0.0002567772582481,0.0020904059987086,0.0021935125653233,42.142226219177246,0.0012599333255914,0.6761252880096436,0.0006175177643728,0.8949100971221924,0.0244628369030692,7,1.06,0.02
0.0001364028573024,0.0018479805795688,0.0024556929423611,54.24238872528076,0.0013165216602891,0.7307066917419434,0.0003297195634277,0.7550008296966553,0.0399198542074188,8,1.06,0.02
9.200821489225112e-05,0.0019817734549457,0.0033806751767724,42.440200090408325,0.000288251780793,0.6844534873962402,0.0008076342095324,0.7952101230621338,0.016188941294146,9,1.06,0.02
0.0003173012372176,0.0015923216330714,0.0025708239820935,38.77563762664795,0.0007493037970454,0.7736258506774902,0.0006392847982294,0.7620851993560791,0.0163505847622075,10,1.06,0.02
0.0003654766430523,0.0016428241762113,0.0033925191176042,53.46523141860962,0.0014185217692906,0.7956242561340332,0.0011695297717109,0.9480917453765868,0.0232635906820171,11,1.06,0.02
0.0092996957415161,0.0016773106085236,0.0026331295206373,50.400747299194336,0.0018135334801985,0.5909652709960938,0.0010435299709525,0.7714509963989258,0.0205662905179051,12,1.06,0.02
0.0002226532739338,0.0024708403560088,0.0033388249338641,48.99401664733887,0.0008464509920442,0.7771551609039307,0.0014550954237043,0.7875983715057373,0.0251911529968229,13,1.06,0.02
0.0001442035456358,0.0016461778331132,0.0016771074408516,30.316407442092896,0.0017094888966006,0.5170774459838867,0.0009739339294116,0.5130844116210938,0.0276742986214111,14,1.06,0.02
0.0003676093136618,0.0013648511231508,0.0020932525617895,51.3259584903717,0.0012034281804589,0.7966446876525879,0.001106361962044,0.860384464263916,0.0163063240431026,15,1.06,0.02
0.0007373400375766,0.0024727552270039,0.0034862454856886,50.64509296417236,0.0011337854692556,0.7838661670684814,0.0011432822906216,0.7981061935424805,0.0399341944104344,16,1.06,0.02
0.0005141809560629,0.0020647975291042,0.0033027509490392,44.39471077919006,0.0015263669852093,0.6692335605621338,0.0014811850887095,0.6821279525756836,0.023839276832016,17,1.06,0.02
0.0003607452390127,0.001205051407977,0.0015164990375388,38.77763724327088,0.001002940992123,0.6233170032501221,0.0010159581864034,0.6324737071990967,0.0246127292454,18,1.06,0.02
0.0001700300686655,0.0016597299201597,0.0018695729278852,32.44095706939697,0.0010641441628014,0.6782822608947754,0.0007912102063391,0.6902060508728027,0.013767186404297,19,1.06,0.02
0.0001958574033068,0.001268842434535,0.0009582143129288,34.93509101867676,0.0005346827098224,0.7348618507385254,0.0005479154494793,0.7427456378936768,0.0152452986952851,20,1.06,0.02
0.0003625732846206,0.0012237886122502,0.0017247506839839,49.36457371711731,0.0011090682803898,0.551767110824585,0.0010892613371731,0.8125135898590088,0.0243928770482829,21,1.06,0.02
0.0011931928421273,0.0015923766315684,0.0020338481327129,50.405102252960205,0.0007435555436932,1.0525827407836914,0.0005743772858946,1.0775299072265625,0.0291117356196483,22,1.06,0.02
0.0364939738657655,0.0281988684326839,0.049674866326611,49.7525954246521,0.0016357969294229,1.2695527076721191,0.0016535691402197,1.0493223667144775,0.016683435634667,23,1.06,0.02
0.0001714290731309,0.00180191355978,0.002489925665019,42.39408755302429,0.0010042575496398,0.7572143077850342,0.0004826430388529,0.7789285182952881,0.0082507243384973,24,1.06,0.02
0.0002419253235941,0.0028234993495683,0.0042557259858178,47.92605996131897,0.0008894377077734,0.6810173988342285,0.0010056954945404,0.7795882225036621,0.0257699047321486,25,1.06,0.02
0.0004602780687105,0.0012793120811097,0.0022162245322159,49.37773060798645,0.001237978857213,0.8551371097564697,0.0011300196958843,1.028696060180664,0.0212130060148536,26,1.06,0.02
0.0001654739942718,0.0012241780882838,0.0018862265560122,35.727755069732666,0.0012396047447211,0.726445198059082,0.0005368615372294,0.8277435302734375,0.0399808629923863,27,1.06,0.02
0.0001441395362532,0.0016139207703138,0.0018681840278713,30.654489994049072,0.0008084312456101,0.89284348487854,0.0009040054656919,0.9052271842956544,0.0196326505802721,28,1.06,0.02
0.0002281119500033,0.0012335657266402,0.0013887469968283,23.580365419387817,0.0009045358133305,0.8276731967926025,0.0007406001120999,0.917793035507202,0.0223216593180975,29,1.06,0.02
0.0003829476477719,0.0030767878784421,0.0024816833683968,53.44328403472901,0.0021040427772276,0.523139238357544,0.0014019457734829,0.6948823928833008,0.0317397481000119,0,1.09,0.03
9.28564593698796e-05,0.0044697800825421,0.0032487563299801,50.44198036193848,0.002491221847519,0.5293025970458984,0.0011769823671051,0.7026805877685547,0.0115853843640062,1,1.09,0.03
0.0001788691199223,0.0021133243928328,0.0025003666734992,51.375229358673096,0.000666783204006,0.7179207801818848,0.0005988360316665,0.7646338939666748,0.0127226982405253,2,1.09,0.03
0.0076495193972769,0.0506079062123339,0.0342088478797818,45.82978701591492,0.0024284223089118,0.5863029956817627,0.0008118930020805,0.6613736152648926,0.020644550097917,3,1.09,0.03
8.31668694183755e-05,0.004694386964268,0.0029549304111051,31.646719694137573,0.0012508942345572,0.5171651840209961,0.0007791764772501,0.68300461769104,0.0121639041609872,4,1.09,0.03
0.0001773268025392,0.0014963553677036,0.0027465025620854,50.75048923492432,0.000677679448464,0.8934435844421387,0.0005866932518802,0.9282293319702148,0.0322219749653518,5,1.09,0.03
0.0097368093273859,0.0397688116123151,0.0653826896961497,37.38027739524841,0.0013146761031455,0.833146333694458,0.000568328136945,0.9225575923919678,0.0178138185905567,6,1.09,0.03
0.0001219549775562,0.0037223835998432,0.0037762507022559,38.84117531776428,0.0032084190353405,0.6085634231567383,0.0005950870321075,0.7087690830230713,0.0210000894678189,7,1.09,0.03
0.0001041499306012,0.0012807364404053,0.002052912809175,49.03481316566467,0.0037521755824399,0.7612161636352539,0.0005039764792558,0.8537347316741943,0.037557125201435,8,1.09,0.03
8.478947992756797e-05,0.0026876427294541,0.0031043382004439,42.0159113407135,0.0009858267640411,0.6532013416290283,0.0006369482200883,0.7577810287475586,0.011172982186467,9,1.09,0.03
0.0001841816209601,0.0027599130590667,0.0038483293261731,51.044517993927,0.0007935254528005,0.7003495693206787,0.0005106611966543,0.8348674774169922,0.0157126611760314,10,1.09,0.03
0.000200089005767,0.0014079660112549,0.0029654949984008,50.26095175743103,0.0013975293442586,0.7210705280303955,0.0010361901751512,0.8958251476287842,0.0203285668637612,11,1.09,0.03
0.0612684320334416,0.0020345983194223,0.0025941166218722,51.90715503692627,0.002348004499027,0.737401008605957,0.0008568181249222,0.8862044811248779,0.0188178111020209,12,1.09,0.03
0.0001789823999946,0.0031754087076077,0.0035975536902063,49.8697304725647,0.0008515810141088,1.0270333290100098,0.0014241667336216,0.8061058521270752,0.0232433967331248,13,1.09,0.03
0.0001175541709724,0.0026376652234512,0.001487812609523,38.41330671310425,0.0038444266822405,0.5089614391326904,0.001782262777708,0.5694265365600586,0.0293040744025554,14,1.09,0.03
0.0002060617874796,0.002156144150978,0.0027961247258767,51.51695704460144,0.0008991111582768,0.6631214618682861,0.0006911504622178,0.7872369289398193,0.0141708252475694,15,1.09,0.03
0.0011261963962084,0.001861134945252,0.0029744763364266,50.75965666770935,0.0009041437999871,0.710545539855957,0.0007918922257043,0.7562222480773926,0.0366692003751074,16,1.09,0.03
0.0002863483087824,0.0025054393104809,0.0024339000430134,47.84276008605957,0.0010075724551886,0.6097702980041504,0.0010834612826564,0.6778578758239746,0.0231147385004131,17,1.09,0.03
0.0001853920606577,0.0021431556211554,0.0027748949570797,36.50343561172485,0.00131249395382,0.5562119483947754,0.0008467685005642,0.6765778064727783,0.021877282824325,18,1.09,0.03
9.705043877615468e-05,0.0023393850927909,0.0026620428041452,34.93329572677612,0.0013123006660415,0.6054844856262207,0.0006522653044265,0.6290063858032227,0.0114538407249829,19,1.09,0.03
0.0002197404725971,0.0031813280494547,0.0022351528652425,47.57645034790039,0.0006550513712616,0.6387934684753418,0.0007914200213528,0.6658973693847656,0.0146316792054241,20,1.09,0.03
0.0003165408420522,0.0020733914452318,0.00247532460657,46.74155259132385,0.0010191393970458,0.5149083137512207,0.0006595424281921,0.8152141571044922,0.0180851272577435,21,1.09,0.03
0.0029710130054493,0.0018144798953541,0.0016595322032555,51.20475363731384,0.0007725682715373,1.055837869644165,0.0004070461505575,1.0690951347351074,0.0252870178974379,22,1.09,0.03
0.0229449576384402,0.0391683114706041,0.0740000288813452,51.92226696014404,0.0014549848111095,0.9470455646514891,0.0014549848111095,1.0265333652496338,0.0164275903347676,23,1.09,0.03
9.40108813937135e-05,0.0030359455775223,0.0016306388167271,46.60209774971008,0.002262141556922,0.7200489044189453,0.0006758342912195,0.7893815040588379,0.0071737261231034,24,1.09,0.03
0.00014893481547,0.0038925614379504,0.0053850279820858,52.76009726524353,0.0025651137113435,0.7141060829162598,0.0003713222680515,0.79105544090271,0.0266819379747223,25,1.09,0.03
0.0001025050811727,0.0026631111133297,0.0024904917425371,49.8244218826294,0.0020240768207163,1.1487679481506348,0.0012571301967222,1.0864369869232178,0.0186890139562358,26,1.09,0.03
0.0001166414984384,0.0018859068184569,0.0020522830815926,51.35464310646057,0.0026933066290125,0.8191041946411133,0.0003744181658835,1.0007903575897217,0.0408940503423738,27,1.09,0.03
8.400234507196143e-05,0.0028979542657803,0.0024293239808127,31.45703434944153,0.0009331948438826,0.7301883697509766,0.0011870729296696,0.8940017223358154,0.0175033066680361,28,1.09,0.03
0.0001206946110432,0.0022233536449922,0.0024803725462284,24.830214023590088,0.0010829940607958,0.617802619934082,0.000512672726191,0.6719110012054443,0.0182595464018454,29,1.09,0.03
0.0002652544652991,0.0065534988097102,0.004625067899621,52.92558789253235,0.003445264765018,0.465001106262207,0.0014734810751615,0.6539154052734375,0.0294811399532163,0,1.12,0.04
7.1500272576445e-05,0.0078021841545381,0.0051651156137177,51.78408217430115,0.0056510915610651,0.4363467693328857,0.0020994608737446,0.6211991310119629,0.0141938718634395,1,1.12,0.04
0.0001315718541028,0.0032246006726675,0.0019493535945283,49.42426681518555,0.0008461477535265,0.549720287322998,0.0007463288063272,0.6850528717041016,0.0110777830871285,2,1.12,0.04
0.0127092401775381,0.0679610824925829,0.0461456940957429,50.195141553878784,0.0055540540833296,0.5587735176086426,0.0019245021583934,0.6707851886749268,0.0171419130000601,3,1.12,0.04
7.535515377012913e-05,0.0074819022558919,0.004625330674271,39.98830533027649,0.0032708225216328,0.4595718383789062,0.0016285727828615,0.6177334785461426,0.0107829934612692,4,1.12,0.04
0.00014086451806,0.0037788486922442,0.0040035345432419,51.69709849357605,0.0009712249607067,0.7142727375030518,0.0006328383127626,0.8907363414764404,0.0274712318966035,5,1.12,0.04
0.0001350446403211,0.0043077851532736,0.0030503696312595,46.33497977256775,0.001686043844222,0.6623063087463379,0.0005550076468341,0.9031248092651368,0.0171203740823188,6,1.12,0.04
9.329097455369844e-05,0.0066720081750582,0.005339732647269,53.47131204605103,0.0048460125013765,0.3764159679412842,0.0008895316293441,0.6436672210693359,0.0193474607239112,7,1.12,0.04
0.000105415405049,0.0012077079430258,0.004485874174395,51.880974769592285,0.0078685338195426,0.6545395851135254,0.0009333458650172,0.7431724071502686,0.0392398756282171,8,1.12,0.04
6.17677540053855e-05,0.0042373599075012,0.0026712930177393,51.07175946235657,0.0029677531962726,0.4407398700714111,0.0009957053020454,0.6275284290313721,0.0100750371370392,9,1.12,0.04
0.0001502023679113,0.0034381602687999,0.0047717760666615,51.3782045841217,0.0006745664403017,0.639862060546875,0.0005158444383228,0.716688871383667,0.0163286909591253,10,1.12,0.04
0.0001819547689979,0.0018402614068272,0.004201003443012,50.8227162361145,0.0015580178116549,0.698662281036377,0.001043856981136,0.8793492317199707,0.0186520617292548,11,1.12,0.04
0.0699074102577001,0.0031274293643014,0.0154006006276054,52.16670060157776,0.0040930060708758,0.6449527740478516,0.000625512737097,0.7818796634674072,0.0170396009162629,12,1.12,0.04
0.0003154568340183,0.0035152607966922,0.0038207075775244,50.3493857383728,0.0010054889839494,0.6709964275360107,0.0012118228224069,0.7433722019195557,0.024537665243183,13,1.12,0.04
0.0001428245274923,0.0035631301947488,0.0023998268251008,39.07709074020386,0.0096998108500034,0.4819557666778564,0.003239298929971,0.550797700881958,0.0421871186984145,14,1.12,0.04
0.0004268153517266,0.0044361367519953,0.0037392783426499,50.6555552482605,0.0012264336874172,0.5156092643737793,0.0008241983439821,0.6576886177062988,0.0126026965296534,15,1.12,0.04
0.0006650887197188,0.0014976047486871,0.0023780949925483,50.91150522232056,0.0010181414636713,0.6560702323913574,0.0012278246085564,0.7578668594360352,0.0343878725851242,16,1.12,0.04
0.000204510045191,0.0040220073519875,0.0043344930112983,51.2059006690979,0.0008996383326138,0.5702488422393799,0.0009585839644495,0.6401889324188232,0.0236405475060447,17,1.12,0.04
0.0001506149626503,0.0022544891380656,0.0042323042776479,45.913318395614624,0.0011559857864098,0.5760281085968018,0.0011799413255528,0.7036590576171875,0.0199944160801909,18,1.12,0.04
6.780498417660042e-05,0.0040082612018322,0.0051612646316798,40.37034296989441,0.0023469560578055,0.5478181838989258,0.0012470047843375,0.6296164989471436,0.0113321798605185,19,1.12,0.04
0.0001217787373093,0.0053433889299549,0.004252896824857,51.77815055847168,0.0010127925132674,0.6686801910400391,0.0010526723420575,0.8071572780609131,0.0125890758939774,20,1.12,0.04
0.0006827737945082,0.0037313313572908,0.0051608211731425,49.1514208316803,0.0013407426822024,0.5870320796966553,0.0007406833350598,0.854548454284668,0.0151645134468197,21,1.12,0.04
0.0072644965643357,0.0032812968666852,0.0036593834012301,51.39845037460327,0.001481355937964,1.0127136707305908,0.0004970712759995,1.0069518089294434,0.0225556940581519,22,1.12,0.04
0.0133050605292144,0.0466843426262206,0.0956324449530912,53.4078950881958,0.0013742249642193,0.9385106563568116,0.0013742249642193,1.08130145072937,0.0158662494533726,23,1.12,0.04
7.735564719585734e-05,0.0060106916359492,0.002250979138173,49.17180705070496,0.0039354297955655,0.5776016712188721,0.0006569696692645,0.7278661727905273,0.0070461190334475,24,1.12,0.04
0.000135421104862,0.0055368226326756,0.0086840520643659,52.041576862335205,0.0059860429041511,0.5062696933746338,0.000740030003475,0.6510348320007324,0.03939880493151,25,1.12,0.04
0.0002107123404176,0.005312300996336,0.0051861785130057,50.06695866584778,0.0034693681821979,0.7815687656402588,0.0011274764631,0.9018378257751464,0.0189545078071304,26,1.12,0.04
0.0001079656141542,0.0035700365327824,0.0025642406980365,52.8583459854126,0.0064483113367114,0.7928154468536377,0.0009533167294192,0.8374249935150146,0.0488137422219228,27,1.12,0.04
5.204342779762486e-05,0.0044270217990561,0.001954559761867,42.738800048828125,0.0013795118215986,0.7121236324310303,0.0014477302606776,0.8912391662597656,0.01807196942956,28,1.12,0.04
0.0001009087349478,0.0036086444509323,0.0045314637882096,32.49758815765381,0.0017232806677697,0.6132118701934814,0.0004264688060962,0.6885659694671631,0.0162154295101832,29,1.12,0.04
0.0003375511721532,0.0237529765700442,0.0149008485467901,53.96526861190796,0.0050780891102455,0.5566766262054443,0.0014656312692619,0.7338387966156006,0.0287549589156411,0,1.15,0.05
8.504153188397813e-05,0.0096081860902684,0.0075699428136881,48.90214729309082,0.010534390840824,0.3935296535491943,0.0015909517767345,0.6843423843383789,0.0311551529187203,1,1.15,0.05
0.0001162520149882,0.0072919337112395,0.0017390563269783,52.05344104766846,0.0014130513927407,0.7732853889465332,0.0011319403051659,0.8494625091552734,0.0104427870372952,2,1.15,0.05
9.130853383361172e-05,0.0062998619970972,0.007530164131601,51.74364590644837,0.0102522455581575,0.5023701190948486,0.0034034168184282,0.6846871376037598,0.0156110165896057,3,1.15,0.05
6.060744007826043e-05,0.0119213806996438,0.0069272599340149,52.574666261672974,0.0054175726811012,0.4375209808349609,0.0019691202606938,0.6356875896453857,0.0110548807284095,4,1.15,0.05
0.0002073896466693,0.029342000712456,0.0291624613334205,50.91646337509155,0.0021233381268569,0.7876715660095215,0.0016821194749771,0.8922135829925537,0.0233704686263183,5,1.15,0.05
0.0001238830760526,0.0073345153199222,0.0051884364185486,53.063472270965576,0.0025436922426547,0.7187807559967041,0.0006415458083068,0.8579151630401611,0.0180984403465952,6,1.15,0.05
9.621289692407498e-05,0.0088323385252129,0.0077518071394927,53.11936902999878,0.0051028631905705,0.4149379730224609,0.0014300133103452,0.6106441020965576,0.0184812933734642,7,1.15,0.05
0.0001459793707217,0.0029404897619401,0.0078425393824405,52.41679048538208,0.0125416781901672,0.5853216648101807,0.0014933804898419,0.7071852684020996,0.0992898915765644,8,1.15,0.05
6.666543451169607e-05,0.0073115353364381,0.0044286616512327,51.57107138633728,0.0041022165397906,0.6247227191925049,0.0011968574639314,0.7106084823608398,0.0120745867144696,9,1.15,0.05
6.982468116425444e-05,0.0058347930597639,0.0077886990855488,51.5855667591095,0.0005985359180456,0.6311337947845459,0.0004651134575383,0.7366495132446289,0.0149290921122656,10,1.15,0.05
0.0001320055853148,0.0040277543384169,0.0043453437522602,50.84930038452149,0.0021092024332567,0.8409464359283447,0.0013395691256456,1.0325746536254885,0.0179912834312619,11,1.15,0.05
0.0646552382756763,0.0033785207484812,0.0197381957275902,52.4610800743103,0.0062314365683286,0.6213657855987549,0.0008756037942838,0.7530217170715332,0.0161536414356109,12,1.15,0.05
0.0003165370223509,0.0068534298946187,0.0058048268556932,50.6438455581665,0.0014478822195268,0.6356463432312012,0.0018799473842408,0.7661690711975098,0.0279176978183261,13,1.15,0.05
0.0001993858169485,0.0046051896664596,0.0021460865436241,53.77099347114563,0.0116911610274212,0.4720840454101562,0.0032120609222978,0.5699188709259033,0.0775445341034967,14,1.15,0.05
0.0005898049370926,0.0062078968919614,0.0060841223469512,51.32094168663025,0.0016747112877894,0.5960690975189209,0.0007281347245675,0.7090141773223877,0.0113518064101752,15,1.15,0.05
0.0007018292022559,0.0022720595931139,0.003005266247115,50.28216600418091,0.0011090794575929,0.7515833377838135,0.0011091594625044,1.1174538135528564,0.0321523148986873,16,1.15,0.05
0.0001251692661433,0.0069396262648108,0.005486534715818,51.09735584259033,0.0009553435946643,0.5180330276489258,0.001167555304243,0.6402268409729004,0.0222333582605908,17,1.15,0.05
0.0001188981083732,0.004702450080513,0.0067953612401327,52.88836622238159,0.0011374730077798,0.4771499633789062,0.0013263557670806,0.6129457950592041,0.0212390371062044,18,1.15,0.05
7.100774022655484e-05,0.00755624692396,0.0034606757925611,44.131381034851074,0.0035370806510034,0.523151159286499,0.0015315200646124,0.6560320854187012,0.0119066677181823,19,1.15,0.05
0.0001813040834988,0.0067601559298461,0.0043993766263376,51.70659160614014,0.0018954032391176,0.6308820247650146,0.0010260785984416,0.7682235240936279,0.0114049124639526,20,1.15,0.05
0.0001943272702672,0.0053602704920772,0.0070517829920952,49.71336936950684,0.0017952588193334,0.5345187187194824,0.0008742015799045,0.8109807968139648,0.0127725387291289,21,1.15,0.05
0.0065760191443558,0.0045799661235336,0.0035057322237567,50.17390847206116,0.0024928203463414,0.6988496780395508,0.0007185179945221,0.8213534355163574,0.0210017733782584,22,1.15,0.05
0.0001451312338571,0.0031002749521465,0.0041960838821598,51.58472418785095,0.0013350207007016,0.7649152278900146,0.0013360656226378,1.017402410507202,0.0156094713217757,23,1.15,0.05
6.149846763619699e-05,0.0097335750922451,0.0033050210334965,51.32444667816162,0.0055080200388054,0.6199595928192139,0.0007329935094107,0.7637372016906738,0.0065412790299645,24,1.15,0.05
0.000180029997578,0.0072993973701795,0.0097184442580672,52.60496759414673,0.0159578855446051,0.5142810344696045,0.0013571971973024,0.7174887657165527,0.0399204518597203,25,1.15,0.05
0.0005859577783822,0.0077783062043564,0.0071252766987812,50.667160987854,0.0056439685450369,0.771498441696167,0.0011745626663016,0.8981232643127441,0.0218045048285788,26,1.15,0.05
0.0001405473850438,0.0043844270322696,0.0034358591153347,50.64123606681824,0.0103986823693052,0.6894509792327881,0.001346542939383,0.8546855449676514,0.0783273947378755,27,1.15,0.05
5.476677048172895e-05,0.0069121034317372,0.0034127469440903,50.6935875415802,0.0017715226612866,0.6943380832672119,0.0018819336954697,0.8149542808532715,0.0217556215509324,28,1.15,0.05
6.638274144639875e-05,0.0046923214991697,0.0051391161700086,33.690364837646484,0.0026426614455638,0.5292789936065674,0.0007863005588118,0.6916904449462891,0.0188570312522002,29,1.15,0.05
0.0003865582093988,0.0135314782446844,0.0068710657014653,50.5084228515625,0.007547104323658,0.4648175239562988,0.001282147468158,0.6247706413269043,0.0315334500332519,0,1.1800000000000002,0.06
8.517836381644422e-05,0.0153036631239539,0.010939986395777,51.47392225265503,0.013959047860358,0.4532375335693359,0.0033813743161303,0.62687087059021,0.0240854183479435,1,1.1800000000000002,0.06
0.0001920323018765,0.0099543167507987,0.0033457792484541,51.6769015789032,0.0018701153244018,0.6927216053009033,0.001360888305065,0.8067672252655029,0.0112207669510497,2,1.1800000000000002,0.06
0.0063822325466711,0.0641809348413662,0.0974949991254077,51.442384004592896,0.0148729463786499,0.4676771163940429,0.0042270962144765,0.6385018825531006,0.0164596221211058,3,1.1800000000000002,0.06
5.894239175285124e-05,0.0192643788660503,0.0112368506657688,52.91779112815857,0.0065285323907349,0.5236170291900635,0.0021796321641875,0.6910569667816162,0.0133916669008673,4,1.1800000000000002,0.06
0.0001314664290566,0.0097613900391729,0.0068267440836681,53.18530988693237,0.0028011616061412,0.7072572708129883,0.0018370769110084,0.868971586227417,0.0206086777339064,5,1.1800000000000002,0.06
0.0001529825184681,0.0094893138696976,0.0080844627416857,54.03383088111877,0.0027263506085315,0.711259126663208,0.0009496628395058,0.8752131462097168,0.0201725341772917,6,1.1800000000000002,0.06
9.015286271418048e-05,0.0136700359170112,0.0116177651572371,51.35497975349426,0.008030677305591,0.3991923332214355,0.0029845014464936,0.7101519107818604,0.0292061034932111,7,1.1800000000000002,0.06
0.0002342541263087,0.0043208821025354,0.0086730743480718,52.75027894973755,0.0143417893568599,0.4388270378112793,0.0020054505683565,0.7665796279907227,0.0948366051964224,8,1.1800000000000002,0.06
7.178281051191487e-05,0.0108134083278997,0.0054297679091945,50.07157826423645,0.0071458051708224,0.4970340728759765,0.0020459717936452,0.7278637886047363,0.0153418371651306,9,1.1800000000000002,0.06
0.0001206121111677,0.0072686318885366,0.0113280291569107,52.58904218673706,0.0006816132941681,0.6089937686920166,0.0004958708762482,0.7531607151031494,0.0147643002118245,10,1.1800000000000002,0.06
0.0001617051013126,0.0050411277927237,0.0083931743222642,52.951467514038086,0.0028114396256791,0.6647679805755615,0.0017532959781313,0.8801603317260742,0.0165821903238142,11,1.1800000000000002,0.06
0.0711549970764972,0.0074886118760679,0.02518101138614,49.95319938659668,0.0101968452099959,0.624870777130127,0.0008095783838175,0.7844569683074951,0.0163434394494206,12,1.1800000000000002,0.06
0.0004169664312013,0.0077525570456528,0.0065544340809182,49.57237672805786,0.0015037104846645,0.5239717960357666,0.0018079599991032,0.7028098106384277,0.0333053956478451,13,1.1800000000000002,0.06
0.0002962856653961,0.0223559958595906,0.0251221197165309,54.59137225151062,0.0120230354876663,0.4757459163665771,0.0058472172875635,0.5790529251098633,0.055478528738382,14,1.1800000000000002,0.06
0.0003727728792618,0.0087755429090239,0.0082232369841128,52.14601135253906,0.002313378228662,0.5231812000274658,0.0008543804964736,0.6288506984710693,0.0105672689838738,15,1.1800000000000002,0.06
0.001182928534874,0.0305863281053691,0.0323196805355876,50.522101163864136,0.0015482425950116,0.7975172996520996,0.0016337201092131,0.8915972709655762,0.0314119425305937,16,1.1800000000000002,0.06
0.0001213673399218,0.0115569591959799,0.0076468923492935,50.05753874778748,0.0015311231479257,0.6076512336730957,0.0013740510034311,0.7135310173034668,0.0218083321301691,17,1.1800000000000002,0.06
0.0001042620566095,0.0062653163409128,0.0081372374310239,52.92702865600586,0.0012924495869449,0.5776355266571045,0.0011575049785271,0.7713906764984131,0.0226335080241826,18,1.1800000000000002,0.06
8.209313220261341e-05,0.0111942303235722,0.0073667408680113,53.71828866004944,0.0054288234893343,0.4931483268737793,0.0022622455921156,0.660710334777832,0.0134083091373987,19,1.1800000000000002,0.06
0.0010283009205991,0.0114983750727265,0.0060171431792589,50.261916637420654,0.0027745443252551,0.586381196975708,0.0011552597479175,0.8582911491394043,0.011584546096923,20,1.1800000000000002,0.06
0.0007123448687595,0.0069996963299714,0.0090057498270136,51.32098007202149,0.0025455165802707,0.4326934814453125,0.0011546853671889,0.7953653335571289,0.0121365067313005,21,1.1800000000000002,0.06
0.0604767216005899,0.0046839691337371,0.0049779184515132,51.39411973953247,0.0030890904144817,0.9737346172332764,0.0006486680713303,0.9599950313568116,0.0228420153701235,22,1.1800000000000002,0.06
0.0001200020272621,0.0044565297736519,0.0037051271573707,51.63376522064209,0.0015875619673488,0.923588752746582,0.0015875619673488,1.1680908203125,0.0154637065708318,23,1.1800000000000002,0.06
6.866494779634487e-05,0.0145495778597157,0.003436594978504,47.139084577560425,0.0081207488909694,0.5810270309448242,0.0018755160993189,0.7287788391113281,0.0059315971915492,24,1.1800000000000002,0.06
0.0001530719563819,0.008679255451684,0.011896339694289,53.54860329627991,0.0298674836206911,0.4972782135009765,0.0023247302754522,0.725405216217041,0.0485830999525437,25,1.1800000000000002,0.06
0.0050515599501694,0.011210982183516,0.0103312181657268,52.39340543746948,0.0072872914287695,0.7678694725036621,0.0014494607927741,0.9749414920806884,0.0266715242235702,26,1.1800000000000002,0.06
0.0002472609361039,0.0065791340751725,0.0041599773130666,53.002349615097046,0.0115523442763388,0.6318025588989258,0.0017687011300326,0.7786726951599121,0.0996966332269252,27,1.1800000000000002,0.06
4.6115416004921525e-05,0.0084934862457748,0.0044491223259439,55.03586316108704,0.0025073714917924,0.7270021438598633,0.0028364182718659,0.8898491859436035,0.0164325383750374,28,1.1800000000000002,0.06
7.187841393917853e-05,0.0083983814999949,0.008825571014509,37.74027347564697,0.0039110867944593,0.5340497493743896,0.0014635257623901,0.6536819934844971,0.0201222360597449,29,1.1800000000000002,0.06
0.011805871944217,0.0794295136498061,0.0793698647804881,41.64904475212097,0.0157997431190235,0.860736608505249,0.0085732163965758,1.0521907806396484,0.0444507448341454,0,1.21,0.07
8.671201157650632e-05,0.020324798946218,0.0130312175385032,36.943095445632935,0.0169051633635381,0.5343217849731445,0.005423632537548,0.7116026878356934,0.0965097700923678,1,1.21,0.07
0.000231686633241,0.0137778751039909,0.0027872669270508,52.96715188026428,0.0019027265978211,0.4652020931243896,0.001938959623279,0.6923222541809082,0.0123350534309953,2,1.21,0.07
0.007610752884067,0.0738506275111719,0.0804712216809142,50.82000875473023,0.0166559754969485,0.52284836769104,0.0043789565691022,0.7073755264282227,0.0165606934851769,3,1.21,0.07
5.319424469042803e-05,0.020193676493866,0.0192863644561771,54.71140384674072,0.0046908659555026,0.4603829383850097,0.0029954967783891,0.6425280570983887,0.0203409234336636,4,1.21,0.07
0.000105681851979,0.0116039400212871,0.0096897663332987,52.31993341445923,0.0023887071132177,0.8854413032531738,0.001783373760134,1.011701583862305,0.0182438824601798,5,1.21,0.07
0.0002686859789654,0.013066576679129,0.0090660055086686,44.51546287536621,0.0044877111752098,0.657900333404541,0.0014179917881146,0.8942763805389404,0.0157132460817701,6,1.21,0.07
0.0063252563747394,0.033822509151202,0.0995329558197622,54.75827431678772,0.1313287474532703,0.3783390522003174,0.0684417112212507,0.6447851657867432,0.0356358645581487,7,1.21,0.07
0.0004675203253519,0.0057209483286765,0.0121546803128535,52.015584230422974,0.0139334770570488,0.7491872310638428,0.0034682668636079,0.7575511932373047,0.0593332004985647,8,1.21,0.07
5.653015189157616e-05,0.0151473852848136,0.0071583731761409,51.05110478401184,0.0094568762918771,0.3587193489074707,0.00296885950503,0.558596134185791,0.0144292789979437,9,1.21,0.07
0.0005004447665312,0.0167141504568185,0.0205324005487489,54.4546914100647,0.0013075048328028,0.5936963558197021,0.0009276891339318,0.7707300186157227,0.0133901125656331,10,1.21,0.07
0.0001517326910948,0.0028574045347004,0.0102879644674124,53.1873459815979,0.003312852957318,0.6049866676330566,0.0021779700734129,0.926433563232422,0.0169319339520033,11,1.21,0.07
0.0774427057372947,0.0185095506690572,0.0340486553145453,52.4228081703186,0.0151084564335212,0.6319186687469482,0.0009455122474213,0.802293062210083,0.0172229395276308,12,1.21,0.07
0.0005522380207322,0.0119184793634457,0.0081591424430032,53.47740840911865,0.0016533548430461,0.5632498264312744,0.0026642370516642,0.7341852188110352,0.0442167085059989,13,1.21,0.07
0.0001542050199519,0.0093037283945011,0.0079398325863997,56.03882670402527,0.0106462355701901,0.440164566040039,0.0109871375578965,0.6076221466064453,0.0322023293186285,14,1.21,0.07
0.0021319520973286,0.013414000354222,0.01048578598879,51.0722758769989,0.0033722461309583,0.5051934719085693,0.0013940574323595,0.6461162567138672,0.0112015255282962,15,1.21,0.07
0.0073604400605792,0.0035693848797794,0.0060873190827611,50.8643798828125,0.0014504480402784,0.567462682723999,0.0019853604213961,0.8134899139404297,0.0317803422370596,16,1.21,0.07
0.0001319015287885,0.0164471745184674,0.0100553315727881,53.00757670402527,0.00173895843106,0.6024341583251953,0.0017019399295128,0.6921348571777344,0.0212137732318605,17,1.21,0.07
0.0001220568671256,0.0077624584938575,0.0113110007034549,55.04598832130432,0.0019775528847247,0.6146149635314941,0.0011108836897297,0.7298426628112793,0.0452659407260908,18,1.21,0.07
0.0001122325881142,0.0161383758467576,0.0135200874293806,39.0562117099762,0.0080868072120938,0.415053129196167,0.0036216024045361,0.5530538558959961,0.0146346864457877,19,1.21,0.07
0.002259276372558,0.0166754053591454,0.0096088741272921,51.85855150222778,0.0036762362590737,0.5080499649047852,0.0013736182248613,0.6802809238433838,0.0132298461811472,20,1.21,0.07
0.0009973702501317,0.0117016164574916,0.0131662509877163,53.476136922836304,0.0043990856006731,0.7454063892364502,0.0017160499356334,0.9937450885772704,0.013334267374305,21,1.21,0.07
0.0631441845233502,0.0076498154132727,0.0080669655383459,53.59809708595276,0.003554526904195,0.5800457000732422,0.0008305208850805,0.8251268863677979,0.0266211303527692,22,1.21,0.07
0.0001481996970323,0.0057158583917499,0.0044636403375981,52.3427414894104,0.0018527782889734,0.7856941223144531,0.0019349258167247,1.1821885108947754,0.0152265107047108,23,1.21,0.07
9.361346470281675e-05,0.0181871582353249,0.0079078730823489,53.617318630218506,0.0091433609562917,0.7830536365509033,0.0040558379766243,0.8317670822143555,0.0053793649588423,24,1.21,0.07
0.0002705492381644,0.0115457324888055,0.0182404936909416,53.58443999290466,0.0349604967689393,0.4607322216033935,0.0042373737172233,0.6773514747619629,0.0485075914612184,25,1.21,0.07
0.0359905273075349,0.0174335477755961,0.0124899495340816,49.38036060333252,0.0108631871188269,0.8138842582702637,0.0018874097770495,0.968022346496582,0.0317874520069079,26,1.21,0.07
0.118285073585467,0.0790811916253352,0.2609347946230815,54.01170778274536,0.0760057925995685,1.5485873222351074,0.1033292634220545,0.6989006996154785,0.097536566056608,27,1.21,0.07
4.6212102850436607e-05,0.0130539625396461,0.0043226860422705,55.93982815742493,0.0041523347284137,0.5634379386901855,0.0049821688649285,0.787883996963501,0.0159120509709566,28,1.21,0.07
6.686218285866611e-05,0.014237668568555,0.0142756130400338,45.04415559768677,0.0049372356085303,0.5338382720947266,0.0022273337482166,0.7137975692749023,0.0169757671404376,29,1.21,0.07
0.0099981653985842,0.1108956256049523,0.0791214313377027,47.98597502708435,0.0468486913975377,0.5941731929779053,0.0127535379320236,1.0055036544799805,0.0548210440490405,0,1.24,0.08
0.0002478626318521,0.0224401839112704,0.0163484195490303,54.47215795516968,0.0526699980905938,0.5526823997497559,0.0073937130330841,0.7695024013519287,0.0714865131532267,1,1.24,0.08
0.0006407517505539,0.0172991267175681,0.0055799144759659,53.16180491447449,0.0017768849398751,0.4920225143432617,0.0015588005776905,0.707984447479248,0.0147795545251605,2,1.24,0.08
0.0393581086087052,0.0826792695546241,0.0910066511854657,52.70012354850769,0.0187889846252536,0.3525102138519287,0.0045003936150738,0.580315351486206,0.0161216033971581,3,1.24,0.08
9.50578950989674e-05,0.0432832857144206,0.0398019278759085,52.62831377983093,0.0045728508253898,0.4347174167633056,0.0060772202610733,0.6058614253997803,0.0537539500866398,4,1.24,0.08
0.0001984064208164,0.0130957318017949,0.0110447445552619,53.11038017272949,0.0022071338006101,0.8954038619995117,0.0015401133283765,1.0528366565704346,0.0177799043447488,5,1.24,0.08
0.0003940005152969,0.0169746499429772,0.0163322987782558,60.10781788825989,0.0068527571283284,0.7351241111755371,0.0015223712809,0.9552502632141112,0.015900090535048,6,1.24,0.08
0.018882364356924,0.2130800252580193,0.0964036410220909,38.04516196250916,0.1457014016751603,0.4082553386688232,0.0472372559575097,0.5935094356536865,0.026945777733026,7,1.24,0.08
0.0007793451297519,0.0093720305269541,0.0142294295064882,56.05613446235657,0.0128483621622413,0.4674892425537109,0.0051269892041575,0.6460962295532227,0.0372301332753794,8,1.24,0.08
0.0004937862859173,0.0197923515194623,0.0080821014183091,54.37989163398743,0.0227403563200259,0.4458565711975097,0.0031667042680292,0.7051384449005127,0.0167206217700274,9,1.24,0.08
0.0001802450812837,0.025236023425327,0.0304760606698309,56.3423011302948,0.0037658699941972,0.5430419445037842,0.0025235265123508,0.76267409324646,0.0124032557257911,10,1.24,0.08
0.0001896493394597,0.0028280248045518,0.0105919623494863,56.16552686691284,0.0045617764441867,0.5792500972747803,0.0025695266537829,0.9344923496246338,0.016859621837099,11,1.24,0.08
0.0871362537142727,0.0224510701325203,0.0402247381352637,55.49447512626648,0.0204442790962442,0.564671516418457,0.0009430151272626,0.7672891616821289,0.0226243635911263,12,1.24,0.08
0.0018134849250477,0.0173603937393094,0.0145604396705021,54.939433574676514,0.0025961908400282,0.5669243335723877,0.0033279881336046,0.7540395259857178,0.0653602400502182,13,1.24,0.08
0.0001932934514881,0.0122724923206407,0.0142954592947962,58.5380928516388,0.01749171851364,0.4217803478240967,0.0157175633328807,0.5694756507873535,0.0234351877769136,14,1.24,0.08
0.0033859524036049,0.0154793777586006,0.014043722754685,55.979965686798096,0.0037240838241401,0.4734094142913818,0.0016410667439877,0.6519243717193604,0.0124564652053478,15,1.24,0.08
0.0032729806814212,0.0221225262818693,0.0275690733623104,54.254464626312256,0.0016873464613783,0.5808188915252686,0.0017218824147507,0.8358855247497559,0.0347369513231851,16,1.24,0.08
0.0001766861343937,0.0188549693091411,0.0125801599520491,51.95319294929504,0.002459803951969,0.4079091548919678,0.0020393686564416,0.6661016941070557,0.0194646131092268,17,1.24,0.08
0.0001401819722933,0.0124170972241155,0.0137899052142628,55.447509765625,0.0044647474104937,0.4453012943267822,0.0017113577104739,0.6094112396240234,0.0377337915766066,18,1.24,0.08
0.0001010219324396,0.0192836767684687,0.0220546467149437,58.70263338088989,0.01901919569408,0.4259200096130371,0.0045180286610867,0.5989148616790771,0.0139883802083474,19,1.24,0.08
0.0089295577983352,0.0225610820425205,0.0091774613602077,53.47530722618103,0.004200547282548,0.8038849830627441,0.001909609674655,1.0591537952423096,0.0173559437296706,20,1.24,0.08
0.0033159757900758,0.0086901168258038,0.026484020403892,57.608763694763184,0.0059395514996001,0.4435698986053467,0.0023395908474527,0.869520902633667,0.0153005724313578,21,1.24,0.08
0.0585958656674616,0.0063858511191209,0.0095574431504937,53.6886043548584,0.0033945699501905,0.7063486576080322,0.001433957202,1.0172836780548096,0.0224720009855129,22,1.24,0.08
0.0001871908090942,0.0060579715822674,0.0037318312291079,55.21963906288147,0.0028656752729844,0.8786911964416504,0.002865675883693,1.3544321060180664,0.0155539765114428,23,1.24,0.08
0.0004171804422788,0.0212562074828226,0.0075258805170283,54.75490093231201,0.0094311887250464,0.4914617538452148,0.0042644400965459,0.7486042976379395,0.0054313425743594,24,1.24,0.08
0.0943028181993337,0.2096082890758298,0.1809204037380584,55.59055018424988,0.0736740857001803,0.3789722919464111,0.0315647335312135,0.6506350040435791,0.0547772805402984,25,1.24,0.08
0.0136665642964713,0.0199462716741183,0.0153896350765253,53.571815490722656,0.0127975631207199,0.7315483093261719,0.0023105291528982,1.0076305866241455,0.0504452834605995,26,1.24,0.08
0.1192242591928672,0.096496720031842,0.253743325920526,55.56505012512207,0.116162414100495,1.2999584674835205,0.0118309303527735,0.707850456237793,0.0808030836192551,27,1.24,0.08
6.279951074354973e-05,0.0142305529261093,0.0045394238424835,57.382506132125854,0.0061407386970308,0.6062240600585938,0.0061407386970308,0.7736668586730957,0.0157144724294435,28,1.24,0.08
0.0001314200258267,0.0269799942107696,0.0370821669242364,60.962092876434326,0.0060488517607151,0.4985065460205078,0.0021791973190455,0.6653790473937988,0.0159830872410775,29,1.24,0.08
0.0102297144867596,0.1141843917309704,0.0534685929492613,57.61624717712402,0.0464265735902305,0.6105320453643799,0.039669605799096,0.9623055458068848,0.0505085654887784,0,1.27,0.09
0.000484014784317,0.0236835101308454,0.0161116692060838,58.004878520965576,0.0630447415054632,0.4074437618255615,0.0089972968817253,0.6926074028015137,0.0317334687916748,1,1.27,0.09
0.0001556735681265,0.0225522935808594,0.0143213500674968,57.07630062103272,0.002434179227591,0.5608813762664795,0.0022072123392623,0.8103182315826416,0.0157201566843299,2,1.27,0.09
0.0087301976977216,0.09204200383399,0.0672060052311544,53.72355675697327,0.0204464895690235,0.5279746055603027,0.0065223824710417,0.7333226203918457,0.0155309069905768,3,1.27,0.09
7.011936820858397e-05,0.032929870699254,0.026277690430633,54.56748700141907,0.005687634416335,0.5007843971252441,0.0074805730310507,0.7412660121917725,0.0134673542330975,4,1.27,0.09
0.0001037588349554,0.0130579321117201,0.0136457138281191,54.31872749328613,0.002856743560652,0.6704864501953125,0.0014911215052614,1.0139291286468506,0.017834847708528,5,1.27,0.09
0.0002288636878241,0.0164107385053063,0.0199550299102401,54.90828585624695,0.0076820374213587,0.5558981895446777,0.0018328537659166,0.905663013458252,0.0166474834018157,6,1.27,0.09
0.0226314544902975,0.2352917409991397,0.107632253662523,44.06066608428955,0.144068502327581,0.6791183948516846,0.034007945536344,0.647808313369751,0.0182009040637272,7,1.27,0.09
0.0006121375011075,0.0157672344021333,0.0260594936124231,57.21440672874451,0.0138726073050694,0.5243642330169678,0.0064508453829376,0.8096866607666016,0.0401046767431123,8,1.27,0.09
0.0003694032296119,0.0225172123294793,0.0098418717841745,55.56331491470337,0.0486956641070078,0.4346339702606201,0.0024546227826931,0.6687073707580566,0.0173151009619026,9,1.27,0.09
0.0002704660470335,0.0120898016573072,0.0378087526551444,54.64154362678528,0.0046203957328743,0.6348953247070312,0.0032003154587392,0.8114337921142578,0.0112092221635893,10,1.27,0.09
0.0001749179218167,0.0046052452536921,0.0153651875409493,53.76268458366394,0.006076519846574,0.5799505710601807,0.0035350668040953,0.997424840927124,0.0542805418350272,11,1.27,0.09
0.125536998572263,0.0107369721843059,0.0096667063767051,54.30994415283203,0.0231180533049352,0.6141529083251953,0.0010168321590905,0.8232269287109375,0.0331386995055884,12,1.27,0.09
0.0016937992379892,0.019991683412824,0.0138775837746663,54.26676225662232,0.0032029130183613,0.6281609535217285,0.0040878784102362,0.8282549381256104,0.0875198916776334,13,1.27,0.09
0.0001857513391797,0.0099329687938378,0.024357624174336,48.2085657119751,0.0221085133323794,0.3880529403686523,0.0192165662741792,0.5757279396057129,0.0224126369429419,14,1.27,0.09
0.0092351331940857,0.0197098811380196,0.0163709588592577,55.73971796035767,0.0039365328620232,0.4178407192230224,0.0019972411857421,0.6197123527526855,0.0155925506831883,15,1.27,0.09
0.0052098223333067,0.0245373714458543,0.0326913686652454,56.63757920265198,0.0019840080611954,0.5623843669891357,0.0014684421280557,0.8812215328216553,0.0432301633312678,16,1.27,0.09
0.0001756278777021,0.0244037559289369,0.0133479766044177,56.27115154266357,0.0032463549769235,0.43359375,0.0026342892624276,0.5863096714019775,0.0161679768658375,17,1.27,0.09
0.126492717133602,0.2039908648245272,0.1082479018017801,59.57943105697632,0.1121382489764628,0.7630505561828613,0.0351629570280712,0.6281981468200684,0.0444836516581876,18,1.27,0.09
6.883548071185963e-05,0.0166008215102064,0.0317778296343837,56.80329060554504,0.0165165125736449,0.423769474029541,0.0066527473729993,0.6153538227081299,0.0116089564286476,19,1.27,0.09
0.0207990567998784,0.0284641606406723,0.013925145392433,54.9682195186615,0.0047103730511808,0.5483834743499756,0.002239288502975,0.844555139541626,0.0168101446200729,20,1.27,0.09
0.0106978564309349,0.0097471021612721,0.0328059925295843,54.074851512908936,0.0072258991514122,0.4122252464294433,0.0032201646446769,0.9417724609375,0.0188520909217951,21,1.27,0.09
0.0550410217039005,0.0128708590043541,0.0101952727771434,53.89887046813965,0.004026561908431,0.7023909091949463,0.0021783756146632,0.9008400440216064,0.021060669858786,22,1.27,0.09
0.0001762351674346,0.0074532143131067,0.0059042716841247,55.39001703262329,0.0042874532621359,0.7721590995788574,0.0042846127110148,1.272937536239624,0.0178259403140057,23,1.27,0.09
0.0012431725811907,0.0217539386034848,0.018841768280375,56.07145094871521,0.0379419138208401,0.5751852989196777,0.0108729927082909,0.8504269123077393,0.0049908812205047,24,1.27,0.09
0.0454102882320646,0.2671307593480632,0.0989799179726117,59.18042993545532,0.0545701754414616,0.5438857078552246,0.183312895468571,0.5066096782684326,0.0515166110393251,25,1.27,0.09
0.0658007926026963,0.1040394357786388,0.2513538361616264,56.0511269569397,0.0713228860282201,0.5110733509063721,0.0500185016256297,0.611168622970581,0.0707757217918703,26,1.27,0.09
0.0900546331648377,0.1079791739257664,0.264648917679226,56.16608166694641,0.130727593145478,1.2398831844329834,0.0498473338813342,0.8039820194244385,0.061601097396983,27,1.27,0.09
7.69670270716727e-05,0.0174023402497363,0.005896034818679,56.61751341819763,0.0070988478452565,0.599191427230835,0.0071822910908557,0.8368732929229736,0.0170086325817367,28,1.27,0.09
9.588083378001176e-05,0.0226325662593473,0.0200164434779821,43.80587434768677,0.0071739738653057,0.5072567462921143,0.0021141233568193,0.7413041591644287,0.0187980537521272,29,1.27,0.09
0.010668521489174,0.1168600218899413,0.0496231257676716,56.60580539703369,0.1104960660441647,0.7851531505584717,0.0413744391591077,0.8214576244354248,0.0444304778804751,0,1.3,0.1
0.0013475490970297,0.0410517260587924,0.0334099078409931,57.5059928894043,0.1379969439462519,0.7666621208190918,0.0087627975467998,0.6095304489135742,0.0312487622685316,1,1.3,0.1
0.0020811599571219,0.0275313128110023,0.0141042707823947,56.54111170768738,0.0049945610920173,0.6107163429260254,0.0044001216047145,0.8935117721557617,0.0149949168314144,2,1.3,0.1
0.0027725954640103,0.0324901980841373,0.0151533510660028,53.77586269378662,0.0306630667185932,0.4203560352325439,0.0169345697160824,0.6748220920562744,0.0164559304087693,3,1.3,0.1
0.0001641558239046,0.0530399300900425,0.0343851080627975,55.57040524482727,0.0149820452606214,0.3668935298919678,0.006897224063406,0.5448393821716309,0.0112583218515255,4,1.3,0.1
0.0001637476908727,0.0157230477048934,0.0159281834468646,56.14424443244934,0.006959259025163,0.8142883777618408,0.001486487130399,1.1682324409484863,0.018217002768418,5,1.3,0.1
0.00013895810047,0.0199283566157694,0.0211381126705355,56.009697914123535,0.0059971723407594,0.6766109466552734,0.0021688444393831,1.0398683547973633,0.018072592383897,6,1.3,0.1
0.0001546903245726,0.0274208208095902,0.0523909165243632,56.05904245376587,0.0665105421576738,0.5279769897460938,0.006303151482732,0.6189615726470947,0.0137960283359562,7,1.3,0.1
0.0003814768641925,0.0176753146514936,0.0300191928401517,54.11544728279114,0.0224569291902552,0.4984982013702392,0.0070581456202783,0.758760929107666,0.0618383168182791,8,1.3,0.1
0.0011936886031512,0.0293174796663794,0.0138959315226854,52.19069623947144,0.0836295662393895,0.5403182506561279,0.0035056765814459,0.6718077659606934,0.0202214661296759,9,1.3,0.1
0.000579691584633,0.0154919542652818,0.0325979135906083,60.06836557388306,0.0046745922834078,0.6464078426361084,0.0034658384369749,0.8859376907348633,0.0101834127477206,10,1.3,0.1
0.0002870794903921,0.004790567670991,0.0212194836516765,54.04178094863892,0.0072436037841732,0.592301607131958,0.0048463977345253,1.030917406082153,0.0281415478153089,11,1.3,0.1
0.1074307787392553,0.0341497021039098,0.054509138028989,55.252192974090576,0.0289805362064222,0.5483767986297607,0.0011761656726236,0.7810311317443848,0.0412785358853784,12,1.3,0.1
0.0024122509198682,0.0264977531571198,0.015248160054031,56.33423829078674,0.0065437943415879,0.529334545135498,0.0053506232745826,0.8935472965240479,0.0793397879955471,13,1.3,0.1
0.0001898084910816,0.0162157563099898,0.0229229329409554,60.86304664611816,0.023573852615178,0.5510132312774658,0.0176289749102697,0.6982054710388184,0.0257514625453933,14,1.3,0.1
0.004646045156301,0.0246298755360718,0.0246648129287942,54.05923748016357,0.0038034489066948,0.4641103744506836,0.0018984881750524,0.7512392997741699,0.0174360690349483,15,1.3,0.1
0.0150165472162991,0.0408016159689758,0.0436586990766125,54.96458578109741,0.0029916790788833,0.6225578784942627,0.0021102534077974,0.928640604019165,0.0629980572487195,16,1.3,0.1
0.0002685401003145,0.0298612674521145,0.0140097698149983,54.90240359306336,0.0040813336573903,0.5012006759643555,0.0035626434683574,0.6548278331756592,0.0146889955042251,17,1.3,0.1
0.1614142759781393,0.2849318178555576,0.1498259098188148,55.70429730415344,0.0233123143288982,0.98712420463562,0.1466052433697174,0.6745858192443848,0.0642620930127924,18,1.3,0.1
0.0001245856867866,0.0190827108752092,0.0402636984542745,60.22917699813843,0.0108214964515239,0.3253407478332519,0.0091037572383969,0.5529196262359619,0.0099297873457821,19,1.3,0.1
0.0442675460324304,0.0402148203462826,0.0308701783393298,55.49393558502197,0.0063672718433516,0.5539329051971436,0.0026154659353751,0.8311977386474609,0.0229527553399545,20,1.3,0.1
0.0019227089548015,0.0148868848486831,0.0350206297946918,56.45594239234924,0.0090999544081775,0.4631202220916748,0.0041144598591701,0.8535952568054199,0.0255308462070479,21,1.3,0.1
0.0629910498596624,0.0151707783249431,0.0149663808824776,54.557987213134766,0.0052004322487597,0.6121253967285156,0.0022301576140505,0.8824992179870605,0.0198446002012803,22,1.3,0.1
0.0004698700619394,0.0055474056824,0.0064170908363434,53.02121925354004,0.0042124248393102,0.8707659244537354,0.0042124248672918,1.3495030403137207,0.0203342422607424,23,1.3,0.1
0.0005721120113262,0.046711090992791,0.0489203637882198,56.79444193840027,0.0453515964510101,0.5069358348846436,0.0225502493322872,0.724066972732544,0.0053022976623342,24,1.3,0.1
0.0005784413918467,0.0151237132137494,0.0364399357211282,56.90888690948486,0.0902898009002957,0.6318891048431396,0.0126196084267891,0.8134627342224121,0.0483600581095846,25,1.3,0.1
0.0688793587540061,0.1096621688463157,0.2369927042184739,50.91256666183472,0.0829948977625345,0.581606388092041,0.0504837555354807,0.626042366027832,0.0679821040578817,26,1.3,0.1
0.0537285307192148,0.1128090929988425,0.2880507490008908,55.155401945114136,0.0940653030851569,1.6412224769592283,0.1250318047746348,2.1194796562194824,0.044527207177517,27,1.3,0.1
0.0001401194981049,0.0230756243627354,0.0104471437768164,48.387354612350464,0.0078601044348598,0.508833646774292,0.0083511523689379,0.8571703433990479,0.016783206045619,28,1.3,0.1
0.0002454683494562,0.0324105689346253,0.0379977439083823,58.783806562423706,0.007650459921931,0.4074406623840332,0.002441095991817,0.6865847110748291,0.0215619159420517,29,1.3,0.1
