Amari LBFGSB,Dilations error LBFGSB,Shifts error LBFGSB,Time LBFGSB,Amari MVICAD,Time MVICAD,Amari MVICAD ext,Time MVICAD ext,Amari permica,random_state,noise_data
0.00010290957302091137,0.028322427011693328,0.018480777657489626,70.69447422027588,0.0049155560974203,0.885920524597168,0.0013756729393757717,1.0636119842529297,0.02705106833456673,0,0.001
1.374981882806825e-05,0.012947427755235245,0.008170865848520007,73.11100959777832,0.011507165789052946,0.38373708724975586,0.001300462751361168,0.8056037425994873,0.03203739814687163,1,0.001
0.0004302581358214486,0.014144289131585186,0.005301250129899102,74.83221077919006,0.001826114573243709,0.7706632614135742,0.001182985233425371,1.036294937133789,0.010104763978785354,2,0.001
0.004629670617911848,0.05730916031063762,0.08652298194192104,74.37987232208252,0.010180612172291714,0.544689416885376,0.0033818073750912837,0.7944180965423584,0.014576310446683918,3,0.001
1.9797475123188114e-05,0.018299860509345636,0.006900033428970089,72.14188981056213,0.00577931942624256,0.6853373050689697,0.0021710951370796628,0.784818172454834,0.011089328131480381,4,0.001
2.61863272082478e-05,0.009114004014901263,0.006739173453805761,77.20650696754456,0.0019775782871166736,1.013685941696167,0.0010056257692579412,1.2877085208892822,0.023490032199912,5,0.001
2.3842668736939742e-05,0.010716651065483399,0.007569834713509327,77.65087914466858,0.0026245082193911457,1.0784635543823242,0.0006005841035880829,1.4426853656768799,0.017970143477662792,6,0.001
2.449239495002272e-05,0.011803439176382676,0.012176076154824552,70.59708285331726,0.0055522948062819,0.42243385314941406,0.001632393552181425,0.9084484577178955,0.018424053685058346,7,0.001
3.894355722739995e-05,0.007090101858810982,0.012639827899329763,69.17495942115784,0.012761864269563133,0.6505367755889893,0.0011451465233898617,0.9234397411346436,0.09418729408530266,8,0.001
2.672422196844012e-05,0.01398210729508292,0.0064637436825218135,71.44226312637329,0.003642104018531045,0.48102402687072754,0.001106512595222564,0.8206052780151367,0.012211849884932393,9,0.001
7.805016079610965e-05,0.007673240762006343,0.010057010862002537,71.05700182914734,0.0005727332292077002,1.0709307193756104,0.0004234302804379493,1.2400243282318115,0.013975605687437609,10,0.001
3.1927087620734854e-05,0.007471406386416065,0.006340781725985292,74.64124631881714,0.002222992126693657,0.7106761932373047,0.001182146290850361,1.3191304206848145,0.017722727503386163,11,0.001
0.07982228046171799,0.021142713305923138,0.033149701061844845,70.98574995994568,0.0064035436605544074,0.6863534450531006,0.000610490602493304,1.0602667331695557,0.01619350519481795,12,0.001
8.890008474551347e-05,0.011751022853343774,0.0066788809010544644,71.92109251022339,0.0013457617187615585,0.7407443523406982,0.001837760136297928,0.9527842998504639,0.025308842007263264,13,0.001
9.359374023845123e-05,0.003852148766928535,0.0023433518386657953,75.99307250976562,0.01209953546420753,0.74747633934021,0.003373372587439438,0.7239460945129395,0.07675910367175971,14,0.001
0.0012545326425282537,0.010080755665699777,0.006155697563560292,70.18276143074036,0.0019269807035913115,0.7338154315948486,0.0008077069707333054,1.0653724670410156,0.0108369755523267,15,0.001
0.0014845517076370015,0.005802849737179253,0.00770216440179165,72.91597175598145,0.001181235653208934,0.7508773803710938,0.0011400804991917126,0.9626634120941162,0.030771759333586852,16,0.001
6.242470370056984e-05,0.012951201773610274,0.0098719567601734,74.25031995773315,0.0011457399149750265,0.5833470821380615,0.0011737065223356084,0.7652735710144043,0.021450617716849574,17,0.001
2.9047142337179642e-05,0.01260640037758085,0.009905642741748792,73.7277238368988,0.0011347102156457067,0.6025471687316895,0.0012008172035360642,0.7915863990783691,0.024899199689414547,18,0.001
2.5416084710450092e-05,0.009299406256648416,0.00532569768609623,75.51496171951294,0.0038187976718325445,0.8437230587005615,0.0015689533511717608,0.932502031326294,0.01133810285611223,19,0.001
0.010192349892228829,0.010179026970781102,0.0052981793082972645,74.3566300868988,0.0019290034509334235,1.1140291690826416,0.00090516915798519,0.9358549118041992,0.010437049989766379,20,0.001
0.00036653455077510316,0.01183389867641432,0.006941721119138072,69.89522361755371,0.0023374454524790994,0.6083266735076904,0.0009346242787872253,1.2531180381774902,0.011785307249412905,21,0.001
0.019976567825349425,0.029308410940568633,0.025326706765118577,73.51956081390381,0.002519136378255338,0.9224014282226562,0.00082090516870225,1.339616298675537,0.021977205504960472,22,0.001
3.631295643069521e-05,0.005836280001112678,0.0008292220983779714,72.64665222167969,0.0014001452366787515,1.5875251293182373,0.0014191724412115395,2.1022140979766846,0.015280460152098399,23,0.001
1.1755846749824291e-05,0.013423563026998053,0.00417914733365512,73.22027778625488,0.005604240121380203,0.6558084487915039,0.0007937773565883877,1.1200428009033203,0.005560201018547943,24,0.001
4.916160657186067e-05,0.005365807487320495,0.014644640375090843,75.58116888999939,0.01748705500241404,0.670936107635498,0.0014461311319053705,0.9417581558227539,0.04283889933111128,25,0.001
0.028794599462438935,0.014550107660486056,0.01607849644502333,70.41688013076782,0.005437257566208416,1.0462911128997803,0.0011855383672652558,1.4040207862854004,0.021322082310892516,26,0.001
5.684270310252574e-05,0.00678648033087231,0.005425038326755102,72.62768077850342,0.010461621763406401,0.7883594036102295,0.001368457541703257,1.121901035308838,0.07962999930204498,27,0.001
1.3210075345981841e-05,0.009050584427340792,0.005632508397575633,76.00657796859741,0.0017422019685422896,0.8362376689910889,0.0017422019685422896,1.1163573265075684,0.020331345462741603,28,0.001
9.950132964609004e-06,0.008923909929638393,0.009222088411185273,67.4991466999054,0.0025273478525593618,0.7014243602752686,0.0007411952217096712,0.9134190082550049,0.017616416495564446,29,0.001
0.0003807902506667811,0.02645313911788936,0.014367144673711247,77.20470476150513,0.004943011946223479,0.901289701461792,0.0013818778283128201,1.0296406745910645,0.02718792799867966,0,0.0021544346900318843
1.7752849318686258e-05,0.013028385665773119,0.01158577243400165,70.94765782356262,0.011438106286077405,0.38837432861328125,0.0013213178257229859,0.8564691543579102,0.03209796936797072,1,0.0021544346900318843
0.00010012972079604204,0.014266269236624751,0.005585090409341788,74.19524455070496,0.001815290499192157,0.7572903633117676,0.0011757728954776261,1.0040183067321777,0.010097194457505069,2,0.0021544346900318843
0.017210582568303153,0.08923751773212212,0.05851191318207978,69.61071038246155,0.010210503118959258,0.5570416450500488,0.0033765790466435018,0.9828474521636963,0.014640278688668868,3,0.0021544346900318843
2.1291047637720754e-05,0.018792019601825416,0.01106164923751945,72.25125646591187,0.005782972330168579,0.6033980846405029,0.0022089163411263286,1.0508239269256592,0.011063229256489289,4,0.0021544346900318843
0.00011781889732698965,0.0089108093684415,0.005599502131248487,76.19695281982422,0.0020418050160673955,0.9852814674377441,0.00102518650511579,1.1790480613708496,0.023497293963622042,5,0.0021544346900318843
3.0392861082595428e-05,0.010640850536343708,0.005651358839679157,68.76706528663635,0.002590284156252894,1.169581413269043,0.0006033096104306542,1.474073886871338,0.018000416995775974,6,0.0021544346900318843
2.734261854517121e-05,0.01186418672632555,0.013351600728252937,72.35279035568237,0.0055293165275212665,0.5455365180969238,0.001632243365117536,0.9432578086853027,0.018363318305995396,7,0.0021544346900318843
3.68290329202825e-05,0.007049354355250929,0.004298780901247099,73.51856255531311,0.012701092079223934,1.0026347637176514,0.0011522108440634058,1.0698323249816895,0.09458423341834052,8,0.0021544346900318843
1.6971554897186418e-05,0.014034222703928083,0.0071705667891541385,70.13581919670105,0.0036871229663303583,0.4893031120300293,0.0011175556502067547,0.774604082107544,0.012163419140951716,9,0.0021544346900318843
4.2931014719838066e-05,0.007665716090356571,0.011398585875690604,73.08312058448792,0.0005741869501378967,0.8433334827423096,0.0004278161140510865,1.1723856925964355,0.013980305713291882,10,0.0021544346900318843
3.830467029715123e-05,0.007605922114489368,0.007273100753510743,70.81214714050293,0.0022539870397897026,0.7054822444915771,0.0012519801534379702,1.1974053382873535,0.0177062470682788,11,0.0021544346900318843
0.05301087032028319,0.021546159791186407,0.03231668175955394,71.56899976730347,0.006013240455585932,0.7520132064819336,0.0006222278354393706,0.990999698638916,0.01618628520204016,12,0.0021544346900318843
6.244736371106748e-05,0.011678862939041145,0.006703974614251664,71.93403339385986,0.0013491519805063357,0.9250001907348633,0.0018216790244003946,1.2719616889953613,0.02555096280472972,13,0.0021544346900318843
9.956261003751798e-05,0.003701365929830095,0.006623110653466473,71.13685989379883,0.01206365437012633,0.5770730972290039,0.0033350373158097524,0.7337515354156494,0.0769004496871644,14,0.0021544346900318843
0.00013073388771263814,0.009581277672024827,0.0072083621997869425,71.56609106063843,0.0019400248105230146,0.8786320686340332,0.0008151902348261537,0.9690988063812256,0.010873585040505698,15,0.0021544346900318843
0.0008449149190512614,0.006003118384978912,0.00661484435981014,71.86516833305359,0.0011783196842379755,0.8691930770874023,0.0011514238446575767,0.9604687690734863,0.03082837348918881,16,0.0021544346900318843
4.9570269146189305e-05,0.012934595257925825,0.007246273182009549,75.74549508094788,0.0011353009100522875,0.5587337017059326,0.0011640565532399598,0.8628787994384766,0.02152327661602187,17,0.0021544346900318843
3.4963710373940116e-05,0.0125405541815318,0.01118627564218263,72.1937894821167,0.0011354191479362897,0.7296581268310547,0.0012029709605454316,0.8821649551391602,0.02448302848552888,18,0.0021544346900318843
3.093040310873096e-05,0.00910409876571349,0.007032603280676031,71.04628801345825,0.003799702855185257,0.599050760269165,0.001563479041764171,0.7658302783966064,0.011398076337597537,19,0.0021544346900318843
0.0031656861782032456,0.009739341182410665,0.0030815367494142626,71.13080596923828,0.0019340715759170884,0.6779358386993408,0.0009206426076456536,0.948326587677002,0.0104886353424796,20,0.0021544346900318843
0.00018014907803286885,0.01175597752239573,0.007746551930277906,76.55569338798523,0.002292237044196884,0.7481625080108643,0.0009233342771926519,1.3435640335083008,0.011844965165064851,21,0.0021544346900318843
0.018251427259485677,0.029081856052164994,0.026214997801537354,69.80508208274841,0.002513230188741137,0.9640429019927979,0.0008117836772783364,1.0448787212371826,0.021992467712332105,22,0.0021544346900318843
0.014615420696381162,0.007392340317441063,0.13298289972568778,71.24771237373352,0.001409981030660242,1.670090675354004,0.0014266372685384074,2.1510655879974365,0.015302068171254995,23,0.0021544346900318843
1.306156700935368e-05,0.013572366707592712,0.006468032603205155,71.77190971374512,0.00558472174087025,0.756037712097168,0.000785861473086354,0.9690594673156738,0.005640697440321895,24,0.0021544346900318843
7.808449302562081e-05,0.005288735534404173,0.01778550856688346,72.98388695716858,0.017400145427515668,0.6446082592010498,0.0014353555748892002,0.9755206108093262,0.042650117048612,25,0.0021544346900318843
0.0029925993363075476,0.01403332283775791,0.006043945766486275,68.92038655281067,0.00545704816190468,1.0562326908111572,0.0011820322977699786,1.303060531616211,0.02139340102365111,26,0.0021544346900318843
7.0423889359524e-05,0.0068114864514093355,0.003828024889024423,77.36766195297241,0.010467233935280965,0.7326457500457764,0.0013626362887015908,1.0507025718688965,0.07948639048070037,27,0.0021544346900318843
1.549548802319093e-05,0.00916557647493903,0.004795476969253975,71.41601037979126,0.0016547143234056632,0.7998318672180176,0.0016547143234056632,1.2400293350219727,0.02039380487363431,28,0.0021544346900318843
1.2408519808178772e-05,0.008842631438764936,0.010640746838199803,54.40767574310303,0.002534628361089323,0.6580603122711182,0.0007431632981859188,0.8352847099304199,0.017627400359334224,29,0.0021544346900318843
0.00014928061580682755,0.016179308869454654,0.005308879156227574,74.06829333305359,0.005011448170052649,0.6419870853424072,0.0013982364855732675,0.9743850231170654,0.02760314977046336,0,0.004641588833612777
3.565839485547192e-05,0.01150601644562223,0.013016368967681503,76.07189631462097,0.011224236879739013,0.3917710781097412,0.0015731690361985517,0.8841812610626221,0.03207969263127894,1,0.004641588833612777
8.495116025965347e-05,0.014344534509003904,0.008093995881140983,75.52550268173218,0.001432940452293104,0.75022292137146,0.001158831103084242,1.0314841270446777,0.010147414911883559,2,0.004641588833612777
0.004261859190342617,0.06212882240036679,0.09036543246748888,71.07945394515991,0.010255264486117554,0.5304758548736572,0.0033630512045700555,0.8115687370300293,0.01486098164289063,3,0.004641588833612777
3.103895615996036e-05,0.01859485697690436,0.006826558499475085,70.57698488235474,0.005775097907312425,0.651970386505127,0.0021354911827090447,0.9129135608673096,0.011029825533110842,4,0.004641588833612777
4.6865926885475415e-05,0.008921950697315998,0.00509230830694701,73.21091938018799,0.00211087396577628,1.025334358215332,0.0015852639158693432,1.2524158954620361,0.023493051996863974,5,0.004641588833612777
5.54899155149835e-05,0.00947337707260448,0.007029109926645393,70.0674045085907,0.002557292383269005,0.9686753749847412,0.000612355919158743,1.361614465713501,0.018055654325942902,6,0.004641588833612777
4.555864106100907e-05,0.012314958472142212,0.016486939957332216,72.76026892662048,0.005449388694548918,0.3932523727416992,0.0016233276218082643,0.927056074142456,0.0183231361496067,7,0.004641588833612777
8.232610038153197e-05,0.00485312996477593,0.008403566824402705,69.23677110671997,0.01259555627278881,0.7177491188049316,0.0011727620557185753,0.9435594081878662,0.0957611453500806,8,0.004641588833612777
3.1655463723478936e-05,0.01386627781066636,0.007379379943730225,68.12503552436829,0.0037848442939778294,0.5054619312286377,0.001142103278809503,0.7815115451812744,0.012092633075331868,9,0.004641588833612777
5.270634670651031e-05,0.0077581002588516705,0.007996939952261977,71.81915354728699,0.0005663275232410466,0.732860803604126,0.00044135356840118903,1.1545875072479248,0.014135293124294544,10,0.004641588833612777
7.213178819425181e-05,0.007773394276741789,0.006748866798836755,66.2392807006836,0.002317599702912935,0.6648228168487549,0.0012999872019327546,1.1402275562286377,0.017746899416305577,11,0.004641588833612777
0.05947892501419011,0.020715337470121813,0.033066782298665304,74.41327571868896,0.006077533346529962,0.7992253303527832,0.0006489989070249224,1.018549919128418,0.016190107462120733,12,0.004641588833612777
0.00012977323245158732,0.011277842198606376,0.0036245010244379,78.1206362247467,0.0013678349614488772,0.8664617538452148,0.0017962108859558806,0.9362795352935791,0.026201668496521495,13,0.004641588833612777
0.00012295400298499478,0.0034044750372594617,0.007221256347022156,75.36657428741455,0.011996162729594546,0.60756516456604,0.003318789782387207,0.6752355098724365,0.07722626549211715,14,0.004641588833612777
0.0010091561895948953,0.009751441295943882,0.007075253990360714,71.64571809768677,0.001971948144871412,0.6353437900543213,0.0008349914553214951,0.9481110572814941,0.010988000692428727,15,0.004641588833612777
0.0020876819939202275,0.005183735668754726,0.005260037781875651,72.04740262031555,0.0011063740733108824,0.8356344699859619,0.0010746897835462194,0.9164807796478271,0.031109755670520295,16,0.004641588833612777
9.524738323471263e-05,0.012706978156685622,0.008814675000288279,72.79245471954346,0.0012128069230692873,0.6702196598052979,0.001148291104799748,0.9430475234985352,0.021742200738238276,17,0.004641588833612777
5.777366285983909e-05,0.012841588450480047,0.010636451757115691,72.17535781860352,0.0011354492548248493,0.6451520919799805,0.001191347166546882,0.8846719264984131,0.023401627938833314,18,0.004641588833612777
3.691111646235701e-05,0.008726063190419147,0.0047728079498765424,76.55110764503479,0.0037117383659512893,0.721632719039917,0.001544121188156907,0.8789780139923096,0.011553206957698207,19,0.004641588833612777
0.005883534198181661,0.010864985954882478,0.006205654780605048,78.38036918640137,0.001931183670447889,0.7550408840179443,0.0009702342670141176,0.9730963706970215,0.01068980589470881,20,0.004641588833612777
0.00010389303961626517,0.01101319499850734,0.01229490766608077,73.79208946228027,0.002183143167107527,0.6081061363220215,0.0009037758878466546,1.19588303565979,0.012056390304514315,21,0.004641588833612777
0.0029886993738006185,0.029100847396160746,0.025545545327909883,72.7541925907135,0.0025018627982577035,0.8713958263397217,0.0007924465583548943,1.2163784503936768,0.021871496214388077,22,0.004641588833612777
9.407270973967505e-05,0.005989661967120726,0.0031393620535858932,76.28622364997864,0.0014321448227083994,1.3416070938110352,0.001442951693495842,1.9017348289489746,0.015395145658553613,23,0.004641588833612777
3.8048326776711036e-05,0.013365917272579105,0.0038906281129694113,71.10394263267517,0.005541662175911233,0.7354040145874023,0.0007698516996804165,1.024963617324829,0.005873695057774013,24,0.004641588833612777
0.00010318387899227083,0.005285649263256698,0.018553640854345927,75.88047862052917,0.01686121096581191,0.5578486919403076,0.0014118967112722353,1.1436161994934082,0.042007266316055884,25,0.004641588833612777
0.014615371224645504,0.014609261267337904,0.006797858114740505,75.15635585784912,0.005530642640996771,1.0460240840911865,0.001174423694659388,1.3934757709503174,0.02155095840738764,26,0.004641588833612777
9.29435547884901e-05,0.006571327149985103,0.0032541756259601234,74.3946681022644,0.010477592198791134,0.7077527046203613,0.0013280065037165906,0.9887750148773193,0.07912678699380819,27,0.004641588833612777
2.415047900983236e-05,0.009067516244202937,0.011220465088506429,69.50093793869019,0.0015434344325746972,0.8801412582397461,0.001535460886512256,1.0677428245544434,0.020646624891355655,28,0.004641588833612777
2.392388984467549e-05,0.008375774974805506,0.008166531214939527,53.01973271369934,0.002549475314429491,0.5921852588653564,0.000751810889879212,0.8170628547668457,0.01782193150812904,29,0.004641588833612777
0.00026924278546485895,0.034875630591027475,0.021301101115492615,78.57718110084534,0.005078089110245868,0.49820923805236816,0.0014656312692619949,0.6908304691314697,0.02875495891553388,0,0.01
0.00036703168283593144,0.03753545306552602,0.04258226382158692,71.66721153259277,0.010534390840824335,0.35646772384643555,0.0015909517767346208,0.5960242748260498,0.03115515290897077,1,0.01
0.00018711911982522976,0.007345258314791951,0.004890842902466735,77.86546754837036,0.0014130513927408089,0.5868828296661377,0.001131940305165983,0.900181770324707,0.010442787106883445,2,0.01
0.005092380976476825,0.06138461920875577,0.10053626989149184,71.7656135559082,0.010252245558157411,0.538668155670166,0.0034034168184281658,0.6513633728027344,0.015611016612270667,3,0.01
7.231340137526428e-05,0.018229620662681228,0.0077026162894973434,74.83187913894653,0.005417572681101235,0.5307719707489014,0.001969120260694009,0.6919679641723633,0.01105488072418681,4,0.01
0.00012451585255304952,0.008487310621566706,0.010590405889762634,73.18670296669006,0.002123338126856907,0.9103553295135498,0.0016821194749770875,1.129533052444458,0.02337046862101146,5,0.01
0.0001372732298193569,0.005491622867556363,0.006005241843171537,74.8138358592987,0.002543692242654716,0.8945193290710449,0.0006415458083068131,0.9411139488220215,0.018098440350411808,6,0.01
0.00010527940612350405,0.016059683789467805,0.00854736195093773,69.8216347694397,0.005102863190575172,0.39244818687438965,0.0014300133103451501,0.6681375503540039,0.018481293385996096,7,0.01
0.00016876371670661398,0.007585339623970721,0.0053029122978505835,73.22409057617188,0.012541678190167146,0.6459050178527832,0.001493380489841926,0.6951842308044434,0.09928989155019723,8,0.01
0.00010200783069911346,0.012666263822371822,0.01259530808969502,71.97286677360535,0.004102216539790609,0.45740556716918945,0.0011968574639314481,0.6320838928222656,0.012074586726487667,9,0.01
0.00020677203187598656,0.002763801250466447,0.012164456929015103,70.68889093399048,0.0005985359180455804,0.5928115844726562,0.0004651134575383095,0.7923872470855713,0.014929092085875145,10,0.01
0.00016435362828567758,0.007870515800217722,0.0074746267851738,77.92534756660461,0.002109202433256689,0.6288473606109619,0.0013395691256456715,0.9460701942443848,0.017991283440632076,11,0.01
0.09430347428382559,0.01643951809812618,0.03577432048440816,73.70541834831238,0.0062314365683309395,0.5901608467102051,0.0008756037942838264,0.9271857738494873,0.016153641425566332,12,0.01
0.0003025424457992513,0.012017492067493852,0.008032751333161786,74.36759805679321,0.0014478822195257571,0.7120018005371094,0.0018799473842399032,0.7903652191162109,0.027917697800559922,13,0.01
0.00023740637969419013,0.005110562870621779,0.005569073856554532,76.43099522590637,0.01169116102742546,0.5920002460479736,0.003212060922301796,0.5476844310760498,0.07754453412269349,14,0.01
0.00210379021299499,0.0067426426654935,0.0035713503491003606,76.72809171676636,0.0016747112877894357,0.7783572673797607,0.0007281347245675492,0.698312520980835,0.011351806403579742,15,0.01
0.0010453781634475487,0.0024074859033489976,0.004078401243349428,73.27996468544006,0.001109079457593043,0.8682191371917725,0.0011091594625043538,0.8207886219024658,0.032152314881768465,16,0.01
0.00016471690352103756,0.01044019827286468,0.005800306928937984,72.98863339424133,0.0009553435946639304,0.48206472396850586,0.001167555304242825,0.8401346206665039,0.022233358257453012,17,0.01
0.0001424222588352582,0.007050797522306062,0.009202473956119474,72.18264245986938,0.0011374730077799544,0.511646032333374,0.0013263557670806596,0.6771268844604492,0.021239037113680765,18,0.01
7.685723882328392e-05,0.008745243413584448,0.010044378092395749,70.97107362747192,0.0035370806510032437,0.5139386653900146,0.0015315200646124794,0.6063916683197021,0.011906667697946231,19,0.01
0.0002156822406702045,0.015225095189927717,0.007835343061313718,70.95546650886536,0.001895403239117751,0.545555830001831,0.0010260785984417486,0.7800800800323486,0.011404912478507796,20,0.01
0.0006894828664867199,0.01067833557084219,0.008356659281278284,75.46530842781067,0.0017952588193334233,0.5360639095306396,0.0008742015799045285,0.9711198806762695,0.012772538739305773,21,0.01
0.05666228441087734,0.009142727843427097,0.005665378375391039,74.48181533813477,0.002492820346341403,0.7555134296417236,0.0007185179945220942,0.9027671813964844,0.02100177336627259,22,0.01
0.00021281458854901887,0.0061175359747752305,0.0034113990329434057,73.45164561271667,0.0013350207007016537,0.958716630935669,0.0013360656226378313,1.2347099781036377,0.015609471324304916,23,0.01
7.14076872356954e-05,0.013385972054117267,0.005699805536715472,78.4269425868988,0.005508020038805365,0.5642344951629639,0.0007329935094106955,0.8354556560516357,0.006541279023574953,24,0.01
0.0001722605682416815,0.0058401421703574204,0.011651832140932563,78.53739047050476,0.015957885544604897,0.5577783584594727,0.001357197197302414,0.7665269374847412,0.03992045184507977,25,0.01
0.011386558574706829,0.010218051453484733,0.008898591814530519,76.79630088806152,0.005643968545036874,0.7306182384490967,0.001174562666301619,0.9987325668334961,0.02180450481276459,26,0.01
0.0001632795942977827,0.006649437631127834,0.003855874655591151,74.7987163066864,0.010398682369305167,0.7856876850128174,0.0013465429393830553,0.8284392356872559,0.07832739473564032,27,0.01
5.973720861742009e-05,0.006886372896596201,0.011200484412998264,77.3259437084198,0.0017715226612866543,0.6572015285491943,0.0018819336954697251,0.9629404544830322,0.021755621684834057,28,0.01
7.512714578464438e-05,0.0066073144177179795,0.006283893803428556,49.812854051589966,0.0026426614455638577,0.6339516639709473,0.0007863005588118515,0.6836512088775635,0.018857031272026085,29,0.01
0.0009147728266569955,0.04534727270538177,0.047845618392638255,75.60605645179749,0.005184585649104623,0.41936373710632324,0.0014323831184366383,0.49315452575683594,0.03058524512744996,0,0.021544346900318832
0.000699551651669424,0.03288567573794816,0.035321007249221444,75.49592304229736,0.008849193108242155,0.3057992458343506,0.0017078295208174054,0.3847014904022217,0.025807766308703455,1,0.021544346900318832
0.00019393678321995013,0.007765735268194056,0.010729032065614224,76.00982475280762,0.0012587894409197054,0.40154552459716797,0.0010330453112482151,0.5393621921539307,0.011041071663294755,2,0.021544346900318832
0.009513920219612764,0.05231750533890492,0.0634670149928301,72.3512601852417,0.009728453338048556,0.3444092273712158,0.0033971901902777393,0.4935929775238037,0.01747584101047567,3,0.021544346900318832
0.00020580986219633784,0.014789315561058676,0.010909289081013452,60.32120442390442,0.004643352547564472,0.42298412322998047,0.001563068037635551,0.47535157203674316,0.01121561313759004,4,0.021544346900318832
0.00035461910308032246,0.00836676275949042,0.014074772962114807,72.92975926399231,0.002253964771508506,0.45658183097839355,0.0016640878902537848,0.5896985530853271,0.02236265551632046,5,0.021544346900318832
0.00041863772402923606,0.010657027125612888,0.013662152449085958,58.57234859466553,0.0024835119821909,0.3920633792877197,0.0006524890119517254,0.5265495777130127,0.01758215126928054,6,0.021544346900318832
0.0002979229369519073,0.010989770161047059,0.01636525535999012,69.6963210105896,0.004972156328060814,0.33470845222473145,0.0014552826334184236,0.390061616897583,0.018560029850397338,7,0.021544346900318832
0.0007805912097970177,0.028964360382734592,0.059626361191783835,73.09516310691833,0.012132003591717993,0.4563937187194824,0.0015614197826635387,0.600963830947876,0.10609055657469495,8,0.021544346900318832
0.00027247166987692437,0.014728223437715737,0.01792012661813076,71.44643688201904,0.004383336725822258,0.39244723320007324,0.0012755066705695706,0.45563292503356934,0.012410124096879154,9,0.021544346900318832
0.000411041071626402,0.006558590186181501,0.00945536504222902,73.14863920211792,0.0007346159954236672,0.36556005477905273,0.0005775620319233769,0.46923398971557617,0.017121843035587208,10,0.021544346900318832
0.0003966823292612738,0.06761834424154597,0.07515578311786729,77.76065683364868,0.002604363616498073,0.44389772415161133,0.0017863663457421482,0.5305898189544678,0.017499332335087353,11,0.021544346900318832
0.07668225301599838,0.03877112659213336,0.06644089182864041,74.52622652053833,0.006511143357318343,0.35686826705932617,0.0008852218999352735,0.4840219020843506,0.014885633273081475,12,0.021544346900318832
0.0016591861515639146,0.010249006024794838,0.013006375919566054,75.15624356269836,0.0012816435862343192,0.430757999420166,0.0014378040159353845,0.5494093894958496,0.03072146393365837,13,0.021544346900318832
0.0005926782083880422,0.0075670720247272465,0.008930842864194773,53.60117220878601,0.011821027612897148,0.35341572761535645,0.0030319072389205356,0.4938530921936035,0.0786484210428964,14,0.021544346900318832
0.003930952237171888,0.009332399177375657,0.011607160488716522,74.5335590839386,0.0016919648297766341,0.3463904857635498,0.0009148900006990274,0.4665031433105469,0.012350826590532483,15,0.021544346900318832
0.0010507804238909881,0.022430253713949563,0.02717334525494915,77.80047607421875,0.0010365976344013004,0.42768406867980957,0.0013894354153177893,0.5047388076782227,0.03428233198749513,16,0.021544346900318832
0.000309202139836362,0.018643732040989923,0.018915641045539867,72.72977447509766,0.0008571759293765375,0.4665563106536865,0.0007102098117760747,0.4911792278289795,0.023107426025381066,17,0.021544346900318832
0.03877072959720332,0.05068865046346671,0.06810395820197289,49.76322937011719,0.0013394477516787573,0.3889939785003662,0.0010438620182379546,0.44576311111450195,0.019654901651696872,18,0.021544346900318832
0.0002102122817150646,0.009520840368724788,0.010798618262708655,58.41882252693176,0.002988622623638312,0.3418123722076416,0.0016945657965853045,0.5089993476867676,0.01224704323864884,19,0.021544346900318832
0.026037071017034247,0.015172303906079775,0.013003598613758336,75.08305954933167,0.001944447918046207,0.3896501064300537,0.0010301763323967484,0.4640018939971924,0.012931006581085208,20,0.021544346900318832
0.0026115955688861643,0.010479646748741623,0.010080262215292115,73.50954031944275,0.0014481677052668267,0.3266727924346924,0.0008448162105939869,0.47373199462890625,0.014820666053512139,21,0.021544346900318832
0.01615713370780098,0.03473509819940765,0.043175102039225276,81.43787670135498,0.003829115889416531,0.4981982707977295,0.0007890607760251339,0.58768630027771,0.017846208029778883,22,0.021544346900318832
0.0005778250366976841,0.007045229974886672,0.0074803237349730664,75.2780396938324,0.0016339798744012513,0.41846609115600586,0.0014767131177073622,0.541813850402832,0.014841963346416543,23,0.021544346900318832
0.0002945058838225897,0.01260942337853545,0.015903630338165196,72.70089840888977,0.005880085446739273,0.4441182613372803,0.0007244941753906589,0.454803466796875,0.007865754113670527,24,0.021544346900318832
0.0004964322108861551,0.018860117198694345,0.034748200626345274,72.21491408348083,0.013880465925931663,0.332444429397583,0.0013011396934688407,0.47150349617004395,0.03630024398129496,25,0.021544346900318832
0.0065242721760300215,0.010159231637827037,0.011481337660518105,72.18676042556763,0.006083227394808614,0.49336767196655273,0.0010448992960580068,0.6026372909545898,0.021338746401552082,26,0.021544346900318832
0.00043069644666309247,0.005141331671359506,0.00647623522598039,71.90102791786194,0.011965259671552686,0.4196176528930664,0.0017655619163609547,0.486191987991333,0.07783024656180211,27,0.021544346900318832
0.0001773258461591339,0.008148758305245026,0.007281799646625875,46.42268657684326,0.00203229865654444,0.42883944511413574,0.00203229865654444,0.6275837421417236,0.025040347328415778,28,0.021544346900318832
0.00023351617701544334,0.008796173196815154,0.011022905044647568,38.44652342796326,0.0027526673685275282,0.36681365966796875,0.001020051254395793,0.4666295051574707,0.02248511667388988,29,0.021544346900318832
0.002883700674593759,0.09018535487017608,0.1037419574461334,72.4924247264862,0.006507069331018604,0.2674283981323242,0.0018126532405014235,0.31638646125793457,0.042257018690151256,0,0.046415888336127774
0.0014627483423457802,0.04828516178225583,0.05748348990818652,64.3071973323822,0.014096267340980285,0.23261785507202148,0.002201713160955654,0.3246777057647705,0.016555643897869614,1,0.046415888336127774
0.005628569951688922,0.09236920860768097,0.1029139230604805,74.62335085868835,0.002621272633596535,0.34255409240722656,0.0014750866812812606,0.27068233489990234,0.013383514533279892,2,0.046415888336127774
0.0014660899879040585,0.0429075269237682,0.05101703429230726,77.40802049636841,0.009162158050092056,0.27834033966064453,0.002465306863754546,0.3170156478881836,0.021736814339550357,3,0.046415888336127774
0.0005629772336196215,0.04591747504405426,0.06173982614305558,59.31404137611389,0.0033176185225035405,0.342803955078125,0.0011765221825786507,0.5036036968231201,0.010442469919318697,4,0.046415888336127774
0.0010658704460153674,0.05316714128282642,0.06790628430690013,72.68942427635193,0.0045977762063285675,0.2426159381866455,0.0018641302332375932,0.29228949546813965,0.017595969412488397,5,0.046415888336127774
0.0013179351001187576,0.034491566349630735,0.042839613620220575,45.95727777481079,0.003291779990024464,0.23346662521362305,0.0009446735604176304,0.30458664894104004,0.016470527879445265,6,0.046415888336127774
0.000874668504214271,0.06881692705211503,0.09459434399283619,58.606911420822144,0.006851436728475799,0.2846643924713135,0.0012828766145468018,0.4268176555633545,0.01923190417413434,7,0.046415888336127774
0.0021424716207949944,0.08224072861561384,0.11689306223484106,78.40678191184998,0.012627822683084497,0.29924869537353516,0.0018434106469467008,0.29545140266418457,0.11704528749551617,8,0.046415888336127774
0.0009101272109568459,0.05572582822845647,0.07485904195480218,73.59710168838501,0.004172554964413015,0.2527351379394531,0.0020411155881581745,0.30840229988098145,0.015985675329601,9,0.046415888336127774
0.0009920816246218025,0.06910361265679169,0.10496973026764206,76.29559278488159,0.001636926574180686,0.28031015396118164,0.0015573049438472486,0.2891504764556885,0.023330663709467542,10,0.046415888336127774
0.0011562623382902776,0.0747635611697396,0.09394595755652033,73.61867547035217,0.003690318052610375,0.27841949462890625,0.0019441424982841481,0.36606407165527344,0.01686263569245982,11,0.046415888336127774
0.10647034696239568,0.08544691104540628,0.07854706530098593,79.58665752410889,0.00849355281075809,0.24628353118896484,0.0009060016751455772,0.2834794521331787,0.009797831341593939,12,0.046415888336127774
0.002024354150207016,0.10056333416677325,0.11618200571917812,72.89271068572998,0.0017145598852521316,0.4169270992279053,0.0010331779551433864,0.48639345169067383,0.02758869406344794,13,0.046415888336127774
0.0014268572552338745,0.07796682566091485,0.09869441048864765,49.15433716773987,0.010522268111536552,0.3619706630706787,0.0028994509363950683,0.33875083923339844,0.11168189007711575,14,0.046415888336127774
0.010627224863447391,0.06829369657848355,0.09724482988162965,75.20412492752075,0.002752702930543793,0.33127474784851074,0.001602030874368232,0.42395544052124023,0.017251948381617463,15,0.046415888336127774
0.0028232044194924054,0.024500784327953648,0.03808385069188457,75.24773907661438,0.0016132135930177077,0.2685048580169678,0.0023366067435729885,0.3354051113128662,0.037088743637270626,16,0.046415888336127774
0.0005377907139012761,0.06261779978239058,0.07817586657481429,75.12258839607239,0.0005679497370536153,0.31555676460266113,0.001570130547351667,0.43876028060913086,0.02882159369485792,17,0.046415888336127774
0.001126978587224044,0.04310947798728835,0.06357067984662532,55.379286766052246,0.004285891868677567,0.2620847225189209,0.0021660934641078025,0.33351778984069824,0.022050810192537837,18,0.046415888336127774
0.0004335765784064878,0.02835771611566997,0.03022110455174091,47.56330132484436,0.002860169237809954,0.26863813400268555,0.002485076375586933,0.28691649436950684,0.012258936667441564,19,0.046415888336127774
0.008570521698619552,0.08278445606751346,0.07076556782748827,80.31188416481018,0.002365513328576344,0.33264946937561035,0.002301331866829881,0.40999817848205566,0.01397588730865786,20,0.046415888336127774
0.00584963164229361,0.09990223448257313,0.12167269693193257,78.33886694908142,0.0008773848273337048,0.22582697868347168,0.0019186603958494769,0.2598087787628174,0.022579913884200598,21,0.046415888336127774
0.0434088794669424,0.061620282647052944,0.1412722477507647,73.04061484336853,0.0037799564983195186,0.2647273540496826,0.0011307747568507645,0.308074951171875,0.014939176391578993,22,0.046415888336127774
0.0009447178172446557,0.07810924836415477,0.09746686374743789,78.01767039299011,0.003231622075701046,0.33936619758605957,0.0033343344793036246,0.3239865303039551,0.013287619533058853,23,0.046415888336127774
0.000662013585795614,0.062152899174680726,0.08090327574710747,78.06444668769836,0.008704789505290817,0.26053810119628906,0.001090459367064393,0.3620610237121582,0.010329172467572494,24,0.046415888336127774
0.0013922353742224537,0.03685071272411043,0.06301633844082018,78.71451997756958,0.01335946907209049,0.26426172256469727,0.001638945030727353,0.36330103874206543,0.0425767236777626,25,0.046415888336127774
0.011167085836198163,0.052145765207716396,0.05893527903092701,74.2554247379303,0.006809457141069582,0.25347185134887695,0.0021628104891493766,0.33286237716674805,0.0189582093709106,26,0.046415888336127774
0.0026142850659529,0.04933509650410235,0.07258799724385377,76.55167937278748,0.01097123460049386,0.32907557487487793,0.0017436223089351,0.3613700866699219,0.08342883875057092,27,0.046415888336127774
0.0009957109269300118,0.055974487724200994,0.08689330047384546,38.795347452163696,0.002956972167198916,0.33448076248168945,0.0032270765505176004,0.4394505023956299,0.033350146153181624,28,0.046415888336127774
0.0010882120949414096,0.059611046636322364,0.07573740281316275,38.688496112823486,0.0030161125471080594,0.24432921409606934,0.001599821577606364,0.29781603813171387,0.02812299324191623,29,0.046415888336127774
0.5073996516664796,0.16609782193889258,0.1813278350588537,70.93040633201599,0.007490870750921683,0.38170671463012695,0.004528520545480963,0.3865702152252197,0.28462444510074447,0,0.1
0.011272037120524648,0.11847083261678455,0.22087531739335103,62.61065602302551,0.004833861245717779,0.32237720489501953,0.006894469438912069,0.23957204818725586,0.08026873048216515,1,0.1
0.016741196520239893,0.1673133299091861,0.1812453194183487,73.16909003257751,0.009652413144501663,0.24753999710083008,0.007828518878938087,0.2480781078338623,0.02204527670305778,2,0.1
0.004194474306521296,0.12579131436591523,0.13141053675900732,77.07429027557373,0.02016751069806138,0.29263734817504883,0.00154909807018897,0.4138002395629883,0.14625549334369958,3,0.1
0.22795110993692763,0.22342196821186835,0.3436660697844232,76.11977338790894,0.3079557849227001,0.3397657871246338,0.0639143233589113,0.5452332496643066,0.19555371798937377,4,0.1
0.3535148006193726,0.21468370936141407,0.2018086445393412,76.05674743652344,0.00993834018393495,0.280353307723999,0.007368151944627292,0.3491528034210205,0.11048790738195205,5,0.1
0.006708329807586637,0.1215248424753774,0.10780109233194078,45.209670066833496,0.006647244953562304,0.2506124973297119,0.006051153193621217,0.28545141220092773,0.10203849888467746,6,0.1
0.031176689226384995,0.26161716216334674,0.2483638398439518,73.02720975875854,0.013071793787773515,0.4604518413543701,0.06756340017707112,0.3867313861846924,0.2521292018282947,7,0.1
0.29684174648851336,0.20890841397528417,0.33044175269126697,76.08941054344177,0.26236711178916977,0.36255550384521484,0.0623021017572873,0.3960707187652588,0.1589066818624871,8,0.1
0.02312524357461045,0.14150155749673388,0.19916104159458894,79.15060925483704,0.008226889253724872,0.22578167915344238,0.005353380853078149,0.32434797286987305,0.14804083049069466,9,0.1
0.010312174353870381,0.13395976150391176,0.1321276005642557,71.4682354927063,0.01788044040756882,0.3223538398742676,0.00449066113353936,0.3234677314758301,0.28444237303785025,10,0.1
0.0262794578484218,0.16679746008540403,0.21146578293174406,75.95732283592224,0.0063396523267741,0.21408462524414062,0.004976975173091036,0.3474891185760498,0.077324837568756,11,0.1
0.10902885178336715,0.12318208349009947,0.1863235154936893,77.16349911689758,0.01667257320149743,0.2630167007446289,0.0072306727827617335,0.26746249198913574,0.1806844416935647,12,0.1
0.024097392834120927,0.1672075934614811,0.16522598919868622,78.30329465866089,0.007040889572839333,0.3251495361328125,0.004091560185789866,0.42644548416137695,0.06148347257438207,13,0.1
0.032063945937196164,0.13245040288357754,0.20582040184757042,45.07421255111694,0.02698964791644746,0.21921682357788086,0.014459235645626687,0.3264586925506592,0.2420029376439577,14,0.1
0.027389811697744376,0.12119191922744106,0.17746696502855303,73.72312831878662,0.009391699742713233,0.3211510181427002,0.004973152302461714,0.2933328151702881,0.08263355015312548,15,0.1
0.16691233067060773,0.18753693186601106,0.2942034368161498,70.61556553840637,0.0165195333322632,0.29166603088378906,0.004497265880018413,0.2736942768096924,0.14873418077858735,16,0.1
0.04654887016895941,0.11679775558259736,0.10804262248389503,80.97332000732422,0.021803946146672727,0.319352388381958,0.003607606677765385,0.2351696491241455,0.10175561260767978,17,0.1
0.01753010060669624,0.15111635809488083,0.2022311935170328,62.77561140060425,0.012085501590696036,0.23671245574951172,0.008110947495633628,0.29225778579711914,0.0957528327165644,18,0.1
0.006390112004464821,0.11401105214421232,0.15163804912556286,58.17102527618408,0.01123584903172284,0.26924777030944824,0.011258947236747748,0.34778547286987305,0.0899527012983912,19,0.1
0.020099926027472882,0.16792499610420417,0.17704226953405505,72.83042359352112,0.00793752283681796,0.2825913429260254,0.005792704680299828,0.3257589340209961,0.14698025895915928,20,0.1
0.09047661752390437,0.12964244825938878,0.10987030252754384,76.40455389022827,0.004802740291375685,0.34937453269958496,0.005638197630837823,0.37768983840942383,0.2418703964100255,21,0.1
0.03640632504870407,0.10289693826525073,0.14684684739297868,73.68159985542297,0.00808346257226591,0.2289435863494873,0.00686773184047799,0.3379077911376953,0.08816592845838064,22,0.1
0.15896488210420195,0.1642165654804065,0.21723547254974168,76.8279287815094,0.01565714786701078,0.2194054126739502,0.013761868880913228,0.3003425598144531,0.06579209763371677,23,0.1
0.0033615992490011607,0.05652171027361543,0.0970516411937972,70.14517331123352,0.01581060350006052,0.19643187522888184,0.005716080874356917,0.2461855411529541,0.07339746423018748,24,0.1
0.00869673914534334,0.1464699299118975,0.1562684743291875,72.51300692558289,0.012132795668490199,0.3726224899291992,0.0038936978360339424,0.28838038444519043,0.2251851285938961,25,0.1
0.040305403626432534,0.0988777780851389,0.1320209445085987,75.71427989006042,0.011077777367672561,0.20776152610778809,0.0021140122721222897,0.3029332160949707,0.04180663511904594,26,0.1
0.015061238571599031,0.09033691622261773,0.1706806791334274,76.36386775970459,0.015624221286023521,0.3377506732940674,0.00726157564852703,0.2777121067047119,0.2419216887152825,27,0.1
0.004653028325215606,0.09868256591020973,0.14678380190702237,43.92360544204712,0.005392456380444012,0.3133549690246582,0.005355136505939714,0.329024076461792,0.18853070198657795,28,0.1
0.009590358322146986,0.08910877506616802,0.15739155049416392,38.240999698638916,0.006973465815159554,0.18892121315002441,0.00797403753940602,0.23688268661499023,0.03092638701804873,29,0.1
0.10731072991790429,0.18211708957075137,0.22130066238667243,70.26980996131897,0.46247174569896743,0.2384793758392334,0.4908110868333817,0.3780491352081299,0.3811730694856166,0,0.21544346900318823
0.4598011347683503,0.232347066446354,0.25016497341344834,75.06336879730225,0.26417844436499155,0.27599406242370605,0.4158080920707281,0.42412686347961426,0.24380698228365016,1,0.21544346900318823
0.08224618301591004,0.2655380873307284,0.2630747270198192,73.59417867660522,0.05442011503960822,0.2979433536529541,0.030942881018627234,0.3680727481842041,0.14511316665862295,2,0.21544346900318823
0.5426112549561533,0.30713364095906,0.28732302811834215,76.52023315429688,0.4627690136718889,0.25669026374816895,0.5206994194119356,0.24422883987426758,0.6652828898985172,3,0.21544346900318823
0.23788024142462935,0.29392191853088223,0.28438049213326255,69.53849577903748,0.19088013096083392,0.278275728225708,0.09242332832992436,0.38399839401245117,0.32246096336581187,4,0.21544346900318823
0.4696189241172303,0.18089458889050292,0.20693646799281878,74.61490035057068,0.3168027299236728,0.252300500869751,0.238787285964616,0.30149292945861816,0.3419214903504115,5,0.21544346900318823
0.2120490974135965,0.18959159775789983,0.27794644470167273,60.77114415168762,0.38826295238655506,0.43796706199645996,0.2609936610710614,0.33033061027526855,0.4048016382464613,6,0.21544346900318823
0.1777997692692004,0.22515229192681693,0.1799718351695759,73.05213046073914,0.6074770047481859,0.33185243606567383,0.5046069349279809,0.35860395431518555,0.4308615878163079,7,0.21544346900318823
0.3142697622614733,0.2380035501354766,0.2695526149150817,75.75756287574768,0.507842482240324,0.40317749977111816,0.5436678010343958,0.4089386463165283,0.2485543891076849,8,0.21544346900318823
0.22069218369424903,0.20831412962921253,0.28763875877539546,77.06516337394714,0.043733768355735454,0.2899167537689209,0.2530980096102651,0.33609795570373535,0.4639888573717152,9,0.21544346900318823
0.39080781522646646,0.23163783808498714,0.3129281541206802,75.52441811561584,0.34217398575896196,0.3250868320465088,0.5058186032503282,0.3141751289367676,0.4341568474732008,10,0.21544346900318823
0.04059179250160441,0.2537135758537392,0.28982338184474904,77.47164011001587,0.1399881478777502,0.24274945259094238,0.17034655583104125,0.2749366760253906,0.21932845871305745,11,0.21544346900318823
0.4108365207443467,0.1513414196792115,0.15549074526729825,79.51165223121643,0.33567174256364923,0.40333080291748047,0.10386321661601512,0.3160254955291748,0.34076460705312756,12,0.21544346900318823
0.41887561061141454,0.23889740784744298,0.30747607405732896,74.26157879829407,0.35548647676685,0.33221960067749023,0.6651749694353131,0.34491944313049316,0.4107400204622274,13,0.21544346900318823
0.44519619843981584,0.17524373679736308,0.19135476110348423,67.28992247581482,0.26432222867397803,0.21695828437805176,0.27897471355988335,0.29920125007629395,0.3388151785122224,14,0.21544346900318823
0.09091830326990163,0.1577645589293105,0.2938549691724018,74.13748264312744,0.1660798907364333,0.35193324089050293,0.10654481589226932,0.34616875648498535,0.292539459978563,15,0.21544346900318823
0.5936703424167055,0.2796381158109714,0.2845108111908949,73.18214535713196,0.47534838474978847,0.4227011203765869,0.5103630665998518,0.5234129428863525,0.30296608212803694,16,0.21544346900318823
0.06224344808293667,0.1620339276753452,0.1615863839988518,72.81006979942322,0.07207111580702721,0.22409796714782715,0.13071751582090482,0.31455230712890625,0.22451582942825876,17,0.21544346900318823
0.4114059174986077,0.22452790386200666,0.3111173766352317,73.74509525299072,0.4748676677332318,0.6502158641815186,0.2040962597776527,0.40861964225769043,0.2213044596995462,18,0.21544346900318823
0.3054691141105162,0.30593439850596565,0.22248642736208463,46.257508516311646,0.48328362905385197,0.31409144401550293,0.29656889235834233,0.6780064105987549,0.25114675268166364,19,0.21544346900318823
0.07342885875897336,0.12426598532939126,0.1854743238373599,71.1932270526886,0.02002292950720166,0.39009881019592285,0.2668409667964832,0.28466320037841797,0.24830865685289732,20,0.21544346900318823
0.2862212907978402,0.1262613048075254,0.25122190519500054,72.45981574058533,0.3558617043113119,0.3044257164001465,0.2995584484608726,0.29215383529663086,0.4419913810233613,21,0.21544346900318823
0.18317076109033387,0.22511682863652355,0.17471217285672339,73.33932495117188,0.04354707178041607,0.4901707172393799,0.02918669501632386,0.443195104598999,0.23474171762262733,22,0.21544346900318823
0.07118326531897831,0.16521287230780493,0.2348057301040415,74.50116181373596,0.11939684073914007,0.23833250999450684,0.032410047799768874,0.3019907474517822,0.37030294712855366,23,0.21544346900318823
0.3617854434060688,0.1349725631735307,0.1869967097380066,72.40446949005127,0.053693435995247216,0.39677906036376953,0.06029582991091651,0.3692648410797119,0.3631942001944716,24,0.21544346900318823
0.45347192327196745,0.2634340704796806,0.3381603285871096,75.62875390052795,0.5777858130623718,0.2325439453125,0.43800689741065363,0.38784337043762207,0.4324354597018848,25,0.21544346900318823
0.1388325403184934,0.17026633502614766,0.17772903976636018,75.75023102760315,0.09060695637092193,0.2630727291107178,0.0233482705511037,0.3439614772796631,0.18513301102171464,26,0.21544346900318823
0.35533285027651074,0.1948512761950326,0.2351261219727914,77.18237948417664,0.2971073654877744,0.44924116134643555,0.24701305247461697,0.5039763450622559,0.2991836093192943,27,0.21544346900318823
0.10155792154160004,0.16008675497939528,0.17164713587634942,51.58497095108032,0.02407043122900962,0.2669355869293213,0.029208791163260972,0.4043154716491699,0.3859928524790693,28,0.21544346900318823
0.1832746164936661,0.180593291494358,0.17849937568010402,38.63317561149597,0.4942671458368599,0.3328971862792969,0.32551305754258403,0.28446388244628906,0.3390585210802731,29,0.21544346900318823
0.33790335865300036,0.30709006211089385,0.23678087324267683,50.88590359687805,0.5219565364420822,0.2332777976989746,0.28993587331074006,0.2628474235534668,0.3981821025019488,0,0.46415888336127775
0.6273275695145963,0.38004121022807263,0.23338437867393222,58.53225517272949,0.3565189512645174,0.4075920581817627,0.36481451188499175,0.3426644802093506,0.2380099743325031,1,0.46415888336127775
0.38365835633235507,0.30916118534623166,0.3086500899948381,77.51754260063171,0.5377001250836584,0.2948110103607178,0.24385974239911742,0.2842373847961426,0.16428733241150456,2,0.46415888336127775
0.42109394339816114,0.3385716949250716,0.3409047817176986,76.83472561836243,0.45443216767755795,0.3762378692626953,0.4763506372612283,0.4569060802459717,0.5064598502729265,3,0.46415888336127775
0.5431814714463413,0.28660023340233226,0.1843156685980492,78.7703549861908,0.30368237998237557,0.3918428421020508,0.5252366121998903,0.3895578384399414,0.23185220685919986,4,0.46415888336127775
0.4172475935287812,0.2368394466813978,0.21002034115261312,78.03106260299683,0.5668869621357658,0.2763984203338623,0.5291531002910711,0.3408317565917969,0.374029206647082,5,0.46415888336127775
0.4723397575678794,0.23311012653811167,0.25325150705110844,40.389286518096924,0.6514254136534646,0.2874453067779541,0.6258991991359496,0.3606069087982178,0.6408315407789473,6,0.46415888336127775
0.39744008741085535,0.23946804062165297,0.1358815387788723,52.338958740234375,0.5828219557837023,0.32605743408203125,0.4469514755784042,0.2834596633911133,0.4323951567740716,7,0.46415888336127775
0.5967677222446752,0.2628266187086984,0.2963427119133225,72.2224428653717,0.4833053529510572,0.4595017433166504,0.5589264621984731,0.3806495666503906,0.15794543024570373,8,0.46415888336127775
0.6994781772829597,0.3296499261603535,0.3535928438126325,61.30257487297058,0.41625157935457835,0.27315831184387207,0.5200054890107011,0.30344390869140625,0.5198046442933378,9,0.46415888336127775
0.46224001813296134,0.16934938252245516,0.22279256637136846,74.81308889389038,0.6432734039678248,0.28267526626586914,0.650564310976143,0.2865278720855713,0.4294975782873759,10,0.46415888336127775
0.40760135953149,0.282626090952922,0.3378998773366871,71.74528574943542,0.44524586629763707,0.2973213195800781,0.2185501713007732,0.313413143157959,0.438793626442456,11,0.46415888336127775
0.43585620323912516,0.20419195441854696,0.2587859455107681,78.73451280593872,0.39189168818716047,0.24768757820129395,0.4388950774587409,0.3258991241455078,0.3591860745487382,12,0.46415888336127775
0.4367326240277847,0.2881057570015064,0.3070943715725503,73.51403999328613,0.48611859246443057,0.4017512798309326,0.553788300328212,0.36586594581604004,0.43573156620865605,13,0.46415888336127775
0.5400860761390325,0.35999659949956303,0.2322959370419804,40.40693974494934,0.5099145261427802,0.3722872734069824,0.42390014613224486,0.38706040382385254,0.4301963428846299,14,0.46415888336127775
0.520399608534352,0.24789398395935877,0.23808535099317407,71.6605474948883,0.4491180903969768,0.3381526470184326,0.2495721959805608,0.2873842716217041,0.2632413594175114,15,0.46415888336127775
0.36396825114678744,0.27572738703733746,0.3396459415420231,73.88075995445251,0.17999267311285044,0.2509920597076416,0.26426526345864054,0.28547024726867676,0.27646351180101225,16,0.46415888336127775
0.7327327378216394,0.30083919447521057,0.1875717458876251,76.41413807868958,0.5231638257581701,0.2787652015686035,0.419434044946106,0.43099141120910645,0.25669772211646247,17,0.46415888336127775
0.5991722779815277,0.24724561876488088,0.23519560582648055,60.289326906204224,0.5424086636830873,0.38381147384643555,0.274406793196289,0.34786272048950195,0.1863218452223609,18,0.46415888336127775
0.7461434012058589,0.4144146616762107,0.23901037882763373,35.56609845161438,0.3923991439204388,0.5062105655670166,0.41020425467852534,0.4917283058166504,0.19169741546778712,19,0.46415888336127775
0.47136449790289986,0.25611822152435804,0.3246131144418777,74.24818778038025,0.2879752228048457,0.39232325553894043,0.3691233402934612,0.48736119270324707,0.23844563345534647,20,0.46415888336127775
0.48125372937131505,0.295455783612356,0.3504938345305722,73.65589594841003,0.48428647911302314,0.2993195056915283,0.3328878247202171,0.3145308494567871,0.24554027576800821,21,0.46415888336127775
0.5389321790063798,0.2306545050853608,0.2841829446486573,74.60437846183777,0.5292552814478755,0.26715564727783203,0.21075714239715296,0.31925320625305176,0.2882490712040788,22,0.46415888336127775
0.4587774404036432,0.2272174845256894,0.36914858685076457,74.43909335136414,0.45606029755460825,0.3724203109741211,0.23027002456578952,0.31984972953796387,0.3657593946577545,23,0.46415888336127775
0.5319982007842572,0.3112609870056005,0.30821060005397993,66.28698563575745,0.4607471462432489,0.286226749420166,0.35516654379556756,0.31163525581359863,0.3971981806131398,24,0.46415888336127775
0.6179050860008922,0.2722981979719563,0.2716310067954875,47.90663433074951,0.5428006677193029,0.42214322090148926,0.2780850901614092,0.30913567543029785,0.3420195226956062,25,0.46415888336127775
0.5319797555437735,0.29096833003502115,0.23473811601426828,58.81507611274719,0.4748057832693459,0.4680037498474121,0.42644306348379885,0.3136613368988037,0.2598738046840908,26,0.46415888336127775
0.7236598151359381,0.27653932516434016,0.24201389261138181,67.40324473381042,0.6175561191546033,0.2960946559906006,0.49900330890718986,0.30214834213256836,0.3443807292073532,27,0.46415888336127775
0.5983038723994698,0.1822751999878787,0.17953199764327632,42.08810877799988,0.43553758033210344,0.2529566287994385,0.4173034986510958,0.36139965057373047,0.28681461532086683,28,0.46415888336127775
0.5086366941678427,0.292325672009358,0.22475332318819696,62.652233600616455,0.5841992846428108,0.3748903274536133,0.09146314235689693,0.31366991996765137,0.20918068235305723,29,0.46415888336127775
0.7063373588248696,0.2742810550077152,0.30981214489222775,75.07742691040039,0.22971585894779872,0.24583649635314941,0.3464133370431048,0.2978551387786865,0.24192932004094664,0,1.0
0.4269145533139357,0.31210721511530687,0.21962984836762278,38.67664861679077,0.3979104745371209,0.4526968002319336,0.43162448725245045,0.4498605728149414,0.2293774399262074,1,1.0
0.5398288395421681,0.23362915319263433,0.3115963272623482,71.29141616821289,0.44176376725119954,0.34091830253601074,0.2761137481086785,0.2477729320526123,0.1469313220854506,2,1.0
0.3846436051964647,0.32521643046304866,0.2877581932382001,75.23953223228455,0.23724571934047747,0.33681511878967285,0.5069153597554759,0.8070604801177979,0.47346179356845236,3,1.0
0.6037321565366492,0.2899616365089574,0.3219063746592982,49.85047006607056,0.3942150093804008,0.2934234142303467,0.37974609992092667,0.31024718284606934,0.21531015385142188,4,1.0
0.5968149685445061,0.226741523109838,0.24600667948007476,54.998619556427,0.40908785529924285,0.22623991966247559,0.6014424422899327,0.29789257049560547,0.36227833217720157,5,1.0
0.5056369725663197,0.24379977933547267,0.24971289766389546,29.573121070861816,0.3833743269562411,0.3869657516479492,0.5480942576703456,0.34114575386047363,0.5931996497214078,6,1.0
0.6423560877608054,0.25578006298801687,0.22032068694667528,52.42224049568176,0.5895421479841301,0.36174511909484863,0.34745122275889295,0.4636344909667969,0.39384935510878033,7,1.0
0.63089671581019,0.3287436549584269,0.27028566542452154,49.07493615150452,0.3891788629008258,0.2793922424316406,0.23195801890672724,0.2896883487701416,0.1592738360309552,8,1.0
0.2757841962980497,0.3066778607658096,0.24903734921160367,39.127816677093506,0.38922664713799665,0.4588623046875,0.4280781358536401,0.3915443420410156,0.3783361211141418,9,1.0
0.4183261984481468,0.24626826547302189,0.17312561208671168,56.96229100227356,0.43860482828099406,0.339003324508667,0.37481197919783815,0.2876861095428467,0.37439218117780315,10,1.0
0.25013946499525214,0.2800807134659126,0.26853832764266294,57.39707946777344,0.5419303997614271,0.224151611328125,0.4482223692724333,0.27030038833618164,0.42836919627108205,11,1.0
0.1828388311375483,0.22816413172151168,0.3543465240808279,78.0558090209961,0.29932612537352854,0.2355024814605713,0.35782265386808604,0.2546513080596924,0.29011911874071794,12,1.0
0.4537806770216424,0.21591470284575204,0.2561465018229257,80.71039485931396,0.46643697913839127,0.27065134048461914,0.7174766811007781,0.35633277893066406,0.4389111185117366,13,1.0
0.5436618022438071,0.3051227044528807,0.2677555932384408,32.57174611091614,0.5669777368125037,0.36097288131713867,0.3508822149227283,0.40804219245910645,0.4258804248390774,14,1.0
0.49906113113934286,0.32747245577419076,0.19411753069340396,76.4977068901062,0.25680888597129214,0.2893810272216797,0.5738445158094367,0.2601144313812256,0.25858835310254197,15,1.0
0.49503166816512245,0.21326471018606935,0.28980921036857005,73.60024285316467,0.4705209824836176,0.2541542053222656,0.36566089772933613,0.33518457412719727,0.25657462998233455,16,1.0
0.43771986826964476,0.2636665063510502,0.24645229069881638,36.60902190208435,0.2313480491850662,0.26295995712280273,0.4001705484869875,0.24063372611999512,0.22379282079934354,17,1.0
0.43099550826297284,0.2838503287695024,0.28673186066139095,30.148701906204224,0.4994043351741144,0.2902367115020752,0.26117177912257256,0.30530810356140137,0.1727397633993742,18,1.0
0.2295860308458917,0.41551039314720556,0.2402907427432223,30.68332552909851,0.2994942764972619,0.2651944160461426,0.2897219840435624,0.27034497261047363,0.190919513785765,19,1.0
0.38295915103747225,0.23847646526256908,0.3229388898808653,76.33985257148743,0.2463404911667176,0.3027811050415039,0.27939195933037964,0.32511472702026367,0.27347326656269016,20,1.0
0.42384353958302984,0.32839594882080997,0.26898440550612773,72.63494944572449,0.5094615419980475,0.3963932991027832,0.35899667705424665,0.303147554397583,0.30129335373168636,21,1.0
0.6372782770543254,0.2528943467675908,0.30518179210912155,72.99535202980042,0.36925827735417827,0.4694955348968506,0.4692824679649986,0.31125307083129883,0.2935443007068096,22,1.0
0.4038477728229345,0.2745690987481298,0.3585124298147508,59.20340013504028,0.29836441657699214,0.25139689445495605,0.3332816624479881,0.5167114734649658,0.30063329122057164,23,1.0
0.3324087885527459,0.23865474944014053,0.34252684860959104,45.81610083580017,0.34411593906300525,0.40189623832702637,0.6476924751523574,0.36653947830200195,0.40847669041019585,24,1.0
0.4883014908110456,0.3210824212619551,0.3568683871964369,43.63787531852722,0.337833746197399,0.2837827205657959,0.48273758693704255,0.43422865867614746,0.3489014878318081,25,1.0
0.5245325360201367,0.2625901379817548,0.24359130041522556,60.22555351257324,0.4486769574961997,0.31052470207214355,0.27410483910713745,0.25725531578063965,0.26560552926909636,26,1.0
0.49237264486296917,0.2722221996261575,0.25604922437192246,33.98957085609436,0.38716848944057597,0.23691320419311523,0.4393617168459582,0.26894640922546387,0.36851309185941095,27,1.0
0.32517591005725804,0.269958007119514,0.25805444961644497,31.171436071395874,0.40917281856364324,0.32190632820129395,0.26646743754593577,0.44708728790283203,0.19221702918199615,28,1.0
0.6732416519349955,0.23424639619374113,0.23552974113059796,47.6728310585022,0.2995657214683894,0.238966703414917,0.28805928043904483,0.3665201663970947,0.19890359436315905,29,1.0
